1.000000000 0.000000000 0.000000000 0.000000000 0.000000000 1.000000000 0.000000000 0.000000000 0.000000000 0.000000000 1.000000000 0.000000000
1.000000000 0.000000000 0.000000000 0.000000000 0.000000000 1.000000000 0.000000000 0.000000000 0.000000000 0.000000000 1.000000000 0.000000000
1.000000000 0.000000000 0.000000000 0.000000000 0.000000000 1.000000000 0.000000000 0.000000000 0.000000000 0.000000000 1.000000000 0.000000000
0.999990112 0.001490252 -0.004189758 -0.043846574 -0.001490287 0.999998890 -0.000005324 -0.066057294 0.004189746 0.000011568 0.999991223 4.537055918
0.999982136 0.000754606 -0.005929504 -0.059411393 -0.000751470 0.999999577 0.000531209 -0.097080901 0.005929903 -0.000526743 0.999982279 6.046696593
0.999971119 -0.001288540 -0.007490041 -0.086151843 0.001288048 0.999999168 -0.000070453 -0.131159508 0.007490125 0.000060804 0.999971947 7.560173427
0.999957791 -0.001162432 -0.009114052 -0.076919399 0.001161678 0.999999321 -0.000088102 -0.134008274 0.009114149 0.000077511 0.999958462 9.095004573
0.999944118 -0.001140002 -0.010510027 -0.086614492 0.001139044 0.999999347 -0.000097058 -0.158226615 0.010510130 0.000085081 0.999944763 10.612055923
0.999930024 -0.000739872 -0.011806751 -0.107510643 0.000738159 0.999999716 -0.000149451 -0.176509959 0.011806858 0.000140725 0.999930287 12.104391032
0.999922627 0.001251173 -0.012376374 -0.129737805 -0.001244899 0.999999093 0.000514654 -0.201016555 0.012377007 -0.000499207 0.999923277 13.631320397
0.999910106 0.002858593 -0.013099933 -0.155514620 -0.002842154 0.999995150 0.001273368 -0.221294634 0.013103510 -0.001236022 0.999913381 15.119988799
0.999898671 0.003521981 -0.013792879 -0.183376473 -0.003495072 0.999991943 0.001974525 -0.238665904 0.013799722 -0.001926117 0.999902924 16.603696753
0.999894386 0.003210205 -0.014174289 -0.210786036 -0.003182878 0.999993033 0.001950064 -0.262161525 0.014180450 -0.001904743 0.999897638 18.063667333
0.999886922 0.004263864 -0.014420909 -0.247224290 -0.004233950 0.999988823 0.002104232 -0.280546180 0.014429720 -0.002042936 0.999893799 19.535006854
0.999882026 0.004913093 -0.014553193 -0.278906538 -0.004875069 0.999984613 0.002647032 -0.294404567 0.014565974 -0.002575772 0.999890593 20.976619454
0.999879468 0.006080816 -0.014285452 -0.317677685 -0.006023659 0.999973694 0.004040675 -0.315911657 0.014309646 -0.003954137 0.999889793 22.415262392
0.999878808 0.006157312 -0.014298836 -0.347258917 -0.006119482 0.999977663 0.002687907 -0.332440395 0.014315067 -0.002600079 0.999894154 23.868510371
0.999874938 0.006443199 -0.014442769 -0.373774457 -0.006434542 0.999979090 0.000645852 -0.349756513 0.014446628 -0.000552839 0.999895489 25.316081981
0.999894161 0.004733615 -0.013757201 -0.409215562 -0.004729287 0.999988757 0.000347161 -0.365049526 0.013758690 -0.000282063 0.999905305 26.758049185
0.999901854 0.003865863 -0.013466163 -0.439185797 -0.003824817 0.999987965 0.003072521 -0.387793458 0.013477879 -0.003020713 0.999904606 28.189722509
0.999914205 0.001578728 -0.013003489 -0.499512629 -0.001530696 0.999991973 0.003702958 -0.425045605 0.013009230 -0.003682736 0.999908595 31.020302898
0.999918577 0.001816473 -0.012630941 -0.525761857 -0.001791738 0.999996456 0.001969319 -0.442096550 0.012634474 -0.001946528 0.999918287 32.396519367
0.999924908 0.002982729 -0.011886189 -0.542749951 -0.002970152 0.999995011 0.001075634 -0.460643143 0.011889338 -0.001040250 0.999928778 33.803035855
0.999944343 0.004710820 -0.009440282 -0.604827380 -0.004702135 0.999988501 0.000941994 -0.488031058 0.009444611 -0.000897552 0.999954996 36.498527671
0.999954937 0.004891242 -0.008136375 -0.605290092 -0.004866190 0.999983367 0.003096073 -0.515456546 0.008151383 -0.003056341 0.999962106 37.857855116
0.999968856 0.004631776 -0.006390101 -0.626010656 -0.004605671 0.999981014 0.004093944 -0.532340633 0.006408942 -0.004064386 0.999971203 39.167953898
0.999977555 0.005258625 -0.004151625 -0.638382477 -0.005239175 0.999975315 0.004681958 -0.547947781 0.004176143 -0.004660102 0.999980421 40.467189896
0.999988636 0.004707095 -0.000755973 -0.645863685 -0.004703948 0.999980484 0.004111544 -0.571951929 0.000775311 -0.004107942 0.999991262 41.794273350
0.999987143 0.004071811 0.003022282 -0.657780730 -0.004079064 0.999988806 0.002397532 -0.593158102 -0.003012486 -0.002409829 0.999992559 43.039222730
0.999975814 0.003307909 0.006118015 -0.643516008 -0.003312778 0.999994204 0.000785936 -0.617438170 -0.006115380 -0.000806185 0.999980976 44.278512212
0.999939522 0.003259492 0.010503678 -0.648095941 -0.003274799 0.999993600 0.001440402 -0.635984749 -0.010498916 -0.001474712 0.999943797 45.501865645
0.999866697 0.003681054 0.015907159 -0.642283513 -0.003701966 0.999992322 0.001285381 -0.652599084 -0.015902305 -0.001344097 0.999872647 46.712187801
0.999732045 0.005518878 0.022480651 -0.624920099 -0.005526546 0.999984690 0.000278988 -0.668905030 -0.022478768 -0.000403154 0.999747239 47.921200215
0.999529988 0.006773403 0.029898555 -0.598147531 -0.006786560 0.999976914 0.000338600 -0.686986867 -0.029895571 -0.000541349 0.999552881 49.105293335
0.999237775 0.007938803 0.038220992 -0.557643219 -0.007997643 0.999967057 0.001386808 -0.705669639 -0.038208724 -0.001691428 0.999268349 50.299814747
0.998765943 0.010302116 0.048584541 -0.515378972 -0.010416158 0.999943556 0.002094685 -0.724498043 -0.048560219 -0.002598164 0.998816877 51.474672265
0.998016786 0.012710584 0.061651737 -0.454625589 -0.012857599 0.999915361 0.001988448 -0.743349347 -0.061621245 -0.002777198 0.998095742 52.635578481
0.996967876 0.014566201 0.076438730 -0.374236074 -0.014799682 0.999887381 0.002488883 -0.762870249 -0.076393868 -0.003612605 0.997071174 53.775024066
0.995587443 0.016186431 0.092431827 -0.287417980 -0.016595712 0.999855579 0.003660966 -0.783050564 -0.092359220 -0.005178784 0.995712285 54.903473213
0.993758782 0.016866889 0.110267817 -0.171298817 -0.017448973 0.999838440 0.004315911 -0.796536267 -0.110177206 -0.006213035 0.993892540 56.026662919
0.991461501 0.016391436 0.129365422 -0.035123333 -0.016963820 0.999850579 0.003323818 -0.811159345 -0.129291610 -0.005489969 0.991591418 57.137197200
0.988626854 0.015697306 0.149567836 0.117136197 -0.016238218 0.999865281 0.002395885 -0.829872260 -0.149510077 -0.004797351 0.988748564 58.199783401
0.985280785 0.012918784 0.170454918 0.287895059 -0.013477495 0.999906925 0.002121003 -0.845765017 -0.170411652 -0.004387089 0.985363193 59.258659827
0.981337787 0.007761077 0.192135143 0.492109367 -0.008709137 0.999953709 0.004090288 -0.861528409 -0.192094504 -0.005687286 0.981359953 60.304753464
0.976594771 0.001973259 0.215078496 0.731877699 -0.003224842 0.999979848 0.005468442 -0.880008832 -0.215063372 -0.006034046 0.976581454 61.315296939
0.971015152 -0.003116078 0.238997626 0.987488343 0.001993635 0.999985820 0.004938058 -0.895626951 -0.239009625 -0.004318455 0.971007595 62.342604107
0.964542982 -0.008978319 0.263773056 1.267807612 0.008459479 0.999959404 0.003102756 -0.907257193 -0.263790206 -0.000761359 0.964579778 63.334648056
0.956989233 -0.012891541 0.289836879 1.570605909 0.012363674 0.999916897 0.003652284 -0.917684677 -0.289859877 0.000088252 0.957069091 64.312845133
0.948276152 -0.015633080 0.317061423 1.891791931 0.014470289 0.999877166 0.006021956 -0.930048525 -0.317116618 -0.001122507 0.948385887 65.255007835
0.938511076 -0.020147514 0.344660758 2.241254001 0.018204597 0.999794910 0.008872973 -0.940132737 -0.344768840 -0.002052973 0.938685374 66.196833613
0.927447374 -0.023434022 0.373218722 2.613564105 0.021893471 0.999725301 0.008366522 -0.945484610 -0.373312261 0.000411545 0.927705657 67.103005367
0.915300878 -0.022900040 0.402119250 3.013240526 0.023017724 0.999724749 0.004539931 -0.953760933 -0.402112531 0.005100467 0.915576047 68.018115394
0.902160820 -0.023902620 0.430737183 3.435353081 0.026826096 0.999639861 -0.000713755 -0.966850776 -0.430564997 0.012198919 0.902477130 68.888409489
0.887818533 -0.025499157 0.459486719 3.866526006 0.030264596 0.999537396 -0.003007940 -0.975996108 -0.459197459 0.016576684 0.888179547 69.719396327
0.872270710 -0.026159947 0.488323115 4.365385390 0.029997081 0.999549986 -0.000035632 -0.980373512 -0.488102431 0.014679349 0.872662898 70.569494662
0.854508250 -0.025172290 0.518827531 4.865352216 0.025940893 0.999646792 0.005775892 -0.994763294 -0.518789669 0.008523302 0.854859423 71.412558349
0.834749187 -0.025141251 0.550056100 5.390298935 0.023922766 0.999669737 0.009387113 -1.004589721 -0.550110440 0.005322978 0.835074948 72.212582463
0.813563009 -0.019019161 0.581165641 5.930253743 0.020163582 0.999786602 0.004492279 -1.011488354 -0.581127061 0.008063629 0.813772890 72.980181095
0.791614915 -0.012033194 0.610901816 6.510696105 0.017335185 0.999845901 -0.002768777 -1.019421201 -0.610774359 0.012781901 0.791701525 73.743113900
0.769194505 -0.010013800 0.638936254 7.109270387 0.016725158 0.999850157 -0.004464608 -1.038538155 -0.638795806 0.014120462 0.769246729 74.478595786
0.745910217 -0.012530871 0.665928619 7.737546266 0.017916021 0.999838709 -0.001253728 -1.052501396 -0.665805501 0.012865960 0.746014412 75.173981608
0.721451116 -0.012986545 0.692343583 8.378652091 0.018431097 0.999830031 -0.000451796 -1.070728077 -0.692220038 0.013086601 0.721567848 75.845977562
0.696128480 -0.010861621 0.717835054 9.039087285 0.018942471 0.999815321 -0.003241383 -1.085041478 -0.717667279 0.015853989 0.696205665 76.481121085
0.669613960 -0.008459189 0.742661152 9.710886499 0.019134558 0.999799719 -0.005864414 -1.096879883 -0.742462802 0.018137387 0.669641712 77.086452733
0.642374782 -0.006147353 0.766366002 10.419923709 0.017223643 0.999831070 -0.006416934 -1.122923565 -0.766197093 0.017321691 0.642372145 77.691114170
0.614457937 -0.004723917 0.788935440 11.156092793 0.017468532 0.999818387 -0.007618645 -1.136975716 -0.788756169 0.018462881 0.614428864 78.257776244
0.585763365 0.001655456 0.810480437 11.910565668 0.016231657 0.999773389 -0.013773301 -1.160630915 -0.810319575 0.021223335 0.585603754 78.803827476
0.555616085 0.010828181 0.831368460 12.700551792 0.015377800 0.999610318 -0.023296668 -1.183762530 -0.831296752 0.025728622 0.555233058 79.346188795
0.524870314 0.019174846 0.850966203 13.483280429 0.014559322 0.999397721 -0.031499551 -1.208274917 -0.851057683 0.028922670 0.524275023 79.826159781
0.493294300 0.023803546 0.869536730 14.288080281 0.012527389 0.999327442 -0.034463440 -1.240804610 -0.869772268 0.027893644 0.492664334 80.261862687
0.460954361 0.023244864 0.887119357 15.116649539 0.010772230 0.999436671 -0.031785211 -1.277442784 -0.887358460 0.024207785 0.460444293 80.693879232
0.427525589 0.022201003 0.903730594 15.981456824 0.006460437 0.999597831 -0.027612296 -1.307002736 -0.903980162 0.017643457 0.427210224 81.107654321
0.393350478 0.023533644 0.919087357 16.858556813 0.002223441 0.999645068 -0.026547947 -1.343881464 -0.919385914 0.012486184 0.393158539 81.484661201
0.358199534 0.026486131 0.933269296 17.766052122 -0.005006154 0.999637649 -0.026448241 -1.381300403 -0.933631636 0.004801658 0.358202333 81.846427772
0.322545695 0.028415754 0.946127275 18.671653141 -0.009832023 0.999595946 -0.026669769 -1.412531908 -0.946502830 -0.000700126 0.322694753 82.157133353
0.286615706 0.027644502 0.957646709 19.614327507 -0.012153146 0.999608088 -0.025218471 -1.447900429 -0.957968547 -0.004410410 0.286839346 82.441624514
0.250674495 0.027238777 0.967688145 20.557411518 -0.012858684 0.999609574 -0.024806337 -1.479493149 -0.967986029 -0.006224880 0.250926880 82.679376213
0.214614625 0.026529017 0.976338453 21.527179158 -0.011831330 0.999628316 -0.024561135 -1.514630007 -0.976627146 -0.006280204 0.214848730 82.894662891
0.178584014 0.025215777 0.983601502 22.491579081 -0.009526076 0.999669012 -0.023898119 -1.546618337 -0.983878551 -0.005102040 0.178765113 83.082020471
0.144675089 0.024093208 0.989185845 23.470196285 -0.000996282 0.999706550 -0.024203744 -1.583715135 -0.989478714 0.002516171 0.144656638 83.199070348
0.109893387 0.027647276 0.993558791 24.446018013 0.001190947 0.999608687 -0.027947350 -1.621671346 -0.993942667 0.004254504 0.109817458 83.317063666
0.078045169 0.032818155 0.996409514 25.438809915 0.002233836 0.999449772 -0.033093259 -1.652640149 -0.996947321 0.004808585 0.077928915 83.371756502
0.048842508 0.036642946 0.998134111 26.419750161 0.009034146 0.999269729 -0.037126712 -1.691633765 -0.998765635 0.010830651 0.048475802 83.413841884
0.022531393 0.034900651 0.999136768 27.419961541 0.010975796 0.999321612 -0.035154621 -1.734581027 -0.999685885 0.011758404 0.022133046 83.438726375
-0.018009901 0.029272420 0.999409210 29.439488924 0.013115187 0.999492250 -0.029038509 -1.819254882 -0.999751787 0.012584458 -0.018384670 83.391998658
-0.035016076 0.032485901 0.998858619 30.445893771 0.014571708 0.999381895 -0.031992092 -1.860825308 -0.999280511 0.013434838 -0.035467807 83.354417066
-0.050014515 0.037000060 0.998062896 31.478176219 0.017741119 0.999188786 -0.036152763 -1.899579451 -0.998590908 0.015898589 -0.050630365 83.317304627
-0.061591549 0.042170699 0.997210165 32.475543709 0.022227172 0.998917210 -0.040870052 -1.944122695 -0.997853914 0.019647912 -0.062462193 83.247170129
-0.070934283 0.045611563 0.996437611 33.528109763 0.027688526 0.998659085 -0.043742163 -1.998885345 -0.997096622 0.024487069 -0.072102083 83.174646815
-0.076806093 0.051035240 0.995739036 34.533895212 0.031432683 0.998316646 -0.048742800 -2.052955455 -0.996550456 0.027555005 -0.078280976 83.095385664
-0.080358564 0.055616795 0.995213180 35.536313332 0.033738158 0.998021784 -0.053049562 -2.111041869 -0.996194879 0.029313673 -0.082076006 83.005007952
-0.083368396 0.059924314 0.994715430 36.576443147 0.035832862 0.997725072 -0.057102424 -2.171691311 -0.995874348 0.030882963 -0.085325999 82.924746146
-0.085781603 0.062539495 0.994349198 37.588320892 0.036285519 0.997561958 -0.059611243 -2.241542902 -0.995652991 0.030966929 -0.087841742 82.833581797
-0.088618810 0.066053067 0.993873080 38.619489624 0.037221128 0.997321510 -0.062963425 -2.311714551 -0.995369928 0.031413334 -0.090840015 82.748312500
-0.090728582 0.069940742 0.993416638 39.626621116 0.038539198 0.997030153 -0.066675370 -2.380893482 -0.995129667 0.032236118 -0.093154592 82.655131099
-0.092891806 0.071642319 0.993095408 40.648015011 0.041049519 0.996835532 -0.068072458 -2.452118518 -0.994829658 0.034442716 -0.095538736 82.554751886
-0.094589150 0.070419188 0.993022674 41.692502068 0.041338384 0.996912528 -0.066757396 -2.529813319 -0.994657746 0.034735427 -0.097208124 82.448134167
-0.096659717 0.070212698 0.992837890 42.713884236 0.040763023 0.996951086 -0.066535014 -2.605055043 -0.994482416 0.034039819 -0.099227091 82.341280830
-0.098687579 0.071656237 0.992535211 43.742859030 0.040820726 0.996856050 -0.067909384 -2.678211684 -0.994280861 0.033814195 -0.101302370 82.235244906
-0.101245207 0.073724635 0.992126044 44.763860054 0.039814287 0.996751760 -0.070005373 -2.757129826 -0.994064500 0.032413083 -0.103851632 82.133339511
-0.104128708 0.076069755 0.991650445 45.821898450 0.038210463 0.996640543 -0.072440240 -2.838521344 -0.993829549 0.030348314 -0.106685553 82.033370070
-0.106656206 0.079833540 0.991085798 46.863656215 0.035597640 0.996438994 -0.076433890 -2.916245693 -0.993658524 0.027128167 -0.109118288 81.927389245
-0.108635355 0.083558085 0.990563681 47.882359454 0.032036568 0.996237754 -0.080523258 -3.017276820 -0.993565306 0.022986588 -0.110903556 81.806132358
-0.111906271 0.086113827 0.989980503 48.975084281 0.029983407 0.996077118 -0.083254853 -3.103968797 -0.993266320 0.020366248 -0.114049261 81.708525026
-0.114806445 0.084668077 0.989773104 50.028631897 0.028404219 0.996233569 -0.081926042 -3.195921538 -0.992981712 0.018708094 -0.116778965 81.596194793
-0.117856369 0.080537678 0.989759344 51.083260065 0.025130441 0.996628414 -0.078104194 -3.286905282 -0.992712616 0.015668012 -0.119482954 81.474595001
-0.120741250 0.078788898 0.989552353 52.155408538 0.025761385 0.996758228 -0.076219333 -3.378439771 -0.992349687 0.016289422 -0.122379545 81.366798649
-0.122720992 0.079294612 0.989268377 53.224299817 0.025381214 0.996727729 -0.076743918 -3.466603847 -0.992116602 0.015690742 -0.124332010 81.248611721
-0.124089063 0.082240450 0.988857125 54.278439041 0.026694280 0.996475443 -0.079524249 -3.554264391 -0.991911952 0.016528740 -0.125847054 81.117928012
-0.124227906 0.084926223 0.988612646 55.335587295 0.026840092 0.996253552 -0.082209916 -3.644647352 -0.991890638 0.016321688 -0.126041920 80.972340251
-0.124756512 0.085792663 0.988471260 56.429573156 0.026034810 0.996194638 -0.083177106 -3.736138284 -0.991845755 0.015357776 -0.126515364 80.852490497
-0.124487962 0.084484996 0.988617738 57.508511121 0.022896927 0.996347647 -0.082262368 -3.830383047 -0.991956893 0.012395633 -0.125967735 80.721376632
-0.124458143 0.083798872 0.988679887 58.601095225 0.019174593 0.996444302 -0.082043213 -3.929190503 -0.992039569 0.008746588 -0.125622416 80.587245720
-0.124978255 0.084778160 0.988530778 59.666314712 0.014859946 0.996390810 -0.083573533 -4.023158834 -0.992048193 0.004244640 -0.125786983 80.465061345
-0.125064595 0.084830500 0.988515368 60.748624163 0.010504650 0.996395386 -0.084177709 -4.121684359 -0.992092989 -0.000143643 -0.125504900 80.335583132
-0.125599678 0.084464261 0.988478887 61.854683087 0.006799105 0.996419015 -0.084278816 -4.217260611 -0.992057707 -0.003864620 -0.125724189 80.196725403
-0.126035706 0.079278819 0.988852805 62.947374668 0.007170987 0.996848360 -0.079005854 -4.314138614 -0.991999787 -0.002866508 -0.126206994 80.067508349
-0.126229238 0.070533023 0.989490410 64.053630940 0.010425051 0.997508305 -0.069774632 -4.406513756 -0.991946318 0.001507889 -0.126650023 79.920053806
-0.125897783 0.065196862 0.989898539 65.159022248 0.016054289 0.997841345 -0.063678167 -4.491312482 -0.991913307 0.007875177 -0.126672702 79.772223473
-0.125011583 0.067734060 0.989840493 66.272354214 0.024479920 0.997573757 -0.065171558 -4.568833066 -0.991853234 0.016084016 -0.126366399 79.619215184
-0.123586185 0.073320130 0.989621450 67.375804262 0.029896416 0.997089065 -0.070139866 -4.649750710 -0.991883390 0.020917817 -0.125418443 79.470087418
-0.122686493 0.078777046 0.989314006 68.476728823 0.033932980 0.996594814 -0.075148716 -4.740265282 -0.991865201 0.024350640 -0.124941862 79.337928532
-0.121592105 0.083253545 0.989082508 69.592366396 0.035122785 0.996213041 -0.079535947 -4.831047596 -0.991958542 0.025068389 -0.124055737 79.191819004
-0.121410009 0.080459782 0.989336057 70.717727326 0.031877808 0.996511197 -0.077131313 -4.922651962 -0.992090427 0.022173351 -0.123551315 79.055832386
-0.121277274 0.075969708 0.989707243 71.847307476 0.030966614 0.996871176 -0.072725006 -5.015635864 -0.992135521 0.021827992 -0.123250344 78.924668372
-0.121444748 0.073767675 0.989853274 72.986735892 0.028525350 0.997082106 -0.070806631 -5.109767260 -0.992188227 0.019636818 -0.123194634 78.795103570
-0.121234942 0.074680417 0.989810550 74.119349351 0.026617283 0.997051818 -0.071966600 -5.195661474 -0.992266904 0.017621201 -0.122865309 78.662562413
-0.120864897 0.079911803 0.989447209 75.247698124 0.027705332 0.996637716 -0.077108222 -5.286473586 -0.992282264 0.018093286 -0.122672498 78.526984011
-0.119887471 0.082503210 0.989353433 76.397056039 0.027064597 0.996442229 -0.079814729 -5.378517532 -0.992418512 0.017207666 -0.121693855 78.384180515
-0.119577325 0.081344212 0.989486929 77.542687030 0.027307737 0.996530324 -0.078623159 -5.475193387 -0.992449269 0.017619101 -0.121383757 78.249575761
-0.118638628 0.074626271 0.990129181 78.706235202 0.028810749 0.997010575 -0.071692780 -5.569107581 -0.992519429 0.020020830 -0.120434005 78.098101370
-0.118929766 0.073055879 0.990211366 79.864877474 0.028056061 0.997138507 -0.070197264 -5.660095643 -0.992506206 0.019432886 -0.120639109 77.960355407
-0.118597719 0.076054490 0.990025401 81.007542549 0.025668438 0.996963904 -0.073512622 -5.747082546 -0.992610554 0.016693977 -0.120189845 77.819524850
-0.118385536 0.079342015 0.989792761 82.154146292 0.025017830 0.996724472 -0.076905371 -5.835627334 -0.992652494 0.015657983 -0.119982726 77.688161670
-0.118385536 0.078912539 0.989827094 83.324454505 0.024016753 0.996773083 -0.076593840 -5.927993150 -0.992677219 0.014704830 -0.119898738 77.551247700
-0.117821646 0.075289888 0.990176496 84.504450485 0.023641520 0.997051727 -0.072999541 -6.024261123 -0.992753312 0.014808351 -0.119254243 77.409293546
-0.116891467 0.074125108 0.990374603 85.678715370 0.024331512 0.997125210 -0.071758573 -6.118521891 -0.992846596 0.015709346 -0.118359004 77.270427691
-0.115727514 0.074481422 0.990484558 86.857208661 0.026093367 0.997068468 -0.071927781 -6.212748424 -0.992938205 0.017521054 -0.117331726 77.135152046
-0.114714828 0.074860624 0.990573771 88.050134428 0.028609508 0.996991884 -0.072032494 -6.304266933 -0.992986407 0.020076633 -0.116511478 76.998479571
-0.113974972 0.074070084 0.990718592 89.239985511 0.028448662 0.997051231 -0.071270726 -6.404720967 -0.993076220 0.020061539 -0.115746081 76.867779790
-0.112291412 0.074846979 0.990852445 90.447302402 0.029628109 0.996968001 -0.071951239 -6.497102787 -0.993233514 0.021277578 -0.114168519 76.725348569
-0.111013575 0.073184092 0.991120616 91.654689119 0.030065073 0.997075797 -0.070256288 -6.590043317 -0.993364021 0.021998712 -0.112889234 76.590725698
-0.110174877 0.072190326 0.991287069 92.872887325 0.028285276 0.997182549 -0.069475946 -6.689869581 -0.993509658 0.020384324 -0.111906388 76.468434018
-0.108825135 0.071847619 0.991461048 94.086723864 0.029521176 0.997178278 -0.069021611 -6.775918214 -0.993622459 0.021757810 -0.110639087 76.336655000
-0.107250137 0.072583589 0.991579059 95.300996493 0.028029162 0.997155927 -0.069960155 -6.871438897 -0.993836895 0.020289894 -0.108979567 76.211292236
-0.105546587 0.075267322 0.991561772 96.532234196 0.029138428 0.996937313 -0.072573734 -6.966901718 -0.993987359 0.021232642 -0.107416502 76.075743746
-0.104149063 0.074175752 0.991791778 97.761003470 0.026871952 0.997060744 -0.071747965 -7.059275925 -0.994198607 0.019178898 -0.105836190 75.949735523
-0.103200421 0.072886048 0.991986541 98.996314167 0.023315797 0.997214833 -0.070844558 -7.154532926 -0.994387272 0.015817769 -0.104612387 75.820166871
-0.103585282 0.074065980 0.991859022 100.229787414 0.020455807 0.997171228 -0.072326351 -7.247495350 -0.994410202 0.012797331 -0.104807342 75.705499707
-0.104193006 0.073486080 0.991838502 101.472627054 0.017757293 0.997245015 -0.072021242 -7.342261192 -0.994398560 0.010108257 -0.105210870 75.585834970
-0.105465520 0.070577080 0.991915269 102.719083683 0.014918530 0.997478283 -0.069386687 -7.446262374 -0.994311049 0.007480014 -0.106252472 75.467175854
-0.106447250 0.069046764 0.991918105 103.959967295 0.013310440 0.997595603 -0.068013567 -7.541773094 -0.994229257 0.005963009 -0.107110351 75.336610024
-0.108610954 0.068331416 0.991733068 105.225044604 0.011255160 0.997655325 -0.067506842 -7.635219214 -0.994020615 0.003830132 -0.109125377 75.216957865
-0.110084388 0.068246391 0.991576451 106.469749778 0.010940344 0.997662625 -0.067450687 -7.733325372 -0.993862031 0.003422920 -0.110573719 75.083703427
-0.112473353 0.067138919 0.991383937 107.726491568 0.010503202 0.997739285 -0.066377721 -7.821725888 -0.993599229 0.002946981 -0.112924256 74.947948020
-0.115500958 0.062317170 0.991350644 108.976259492 0.007733619 0.998056259 -0.061837658 -7.914495324 -0.993277262 0.000524420 -0.115758391 74.811302912
-0.119890975 0.062256055 0.990833153 110.229466700 0.007022832 0.998060105 -0.061860375 -8.006489508 -0.992762224 -0.000458046 -0.120095613 74.671037606
-0.125308674 0.067998064 0.989784825 111.476149097 0.002566193 0.997667364 -0.068214708 -8.094624935 -0.992114485 -0.006007916 -0.125190871 74.516792435
-0.132482545 0.071034231 0.988636694 112.695112724 0.003774917 0.997457617 -0.071162162 -8.186953433 -0.991178150 -0.005695723 -0.132413872 74.357948196
-0.141233025 0.067036417 0.987704081 113.936181231 0.005658482 0.997743060 -0.066908658 -8.282365962 -0.989960208 -0.003860806 -0.141293595 74.177837649
-0.152118417 0.064750981 0.986238966 115.162153353 0.007355556 0.997898222 -0.064381935 -8.380045331 -0.988334904 -0.002539342 -0.152274977 73.992438591
-0.165098109 0.065801824 0.984079638 116.402982399 0.007836351 0.997827937 -0.065406425 -8.473219220 -0.986246017 -0.003086884 -0.165255152 73.792794093
-0.179158691 0.065868091 0.981612733 117.622009924 0.009674797 0.997825952 -0.065190237 -8.565559247 -0.983772617 -0.002182494 -0.179406452 73.576039625
-0.193837447 0.063500182 0.978976389 118.830039881 0.010365039 0.997979817 -0.062680539 -8.661422067 -0.980978904 -0.002002708 -0.194104042 73.347895953
-0.208413872 0.066232950 0.975795498 120.034426106 0.014790509 0.997803710 -0.064567767 -8.749867650 -0.977928882 0.000975694 -0.208935754 73.080485762
-0.223173832 0.069526980 0.972295963 121.212454472 0.015261308 0.997580026 -0.067832023 -8.839298010 -0.974659188 -0.000299825 -0.223694829 72.806572657
-0.238088084 0.073077873 0.968490418 122.369214686 0.014759899 0.997322424 -0.071624916 -8.936586410 -0.971131407 -0.002758218 -0.238529207 72.515403741
-0.254037368 0.070868051 0.964594596 123.551658796 0.011743362 0.997464498 -0.070190225 -9.046091187 -0.967123110 -0.006503356 -0.254225485 72.217957465
-0.270501190 0.065212618 0.960508418 124.732211502 0.005999144 0.997797959 -0.066054852 -9.136938101 -0.962700949 -0.012105688 -0.270296755 71.915752598
-0.285879755 0.061122266 0.956314192 125.893554322 0.002056397 0.998000543 -0.063171887 -9.227579610 -0.958263292 -0.016093002 -0.285433842 71.578728420
-0.301716677 0.062478256 0.951348261 127.055554348 0.000137673 0.997853299 -0.065488737 -9.313113999 -0.953397623 -0.019628069 -0.301077584 71.237636854
-0.316214300 0.064564869 0.946488190 128.198358355 0.000195796 0.997685853 -0.067991913 -9.401295093 -0.948687766 -0.021314696 -0.315495176 70.870567490
-0.330162470 0.066988573 0.941544091 129.343143734 0.001782528 0.997521049 -0.070346135 -9.494491672 -0.943922437 -0.021547325 -0.329463422 70.473383111
-0.344326924 0.066814032 0.936469356 130.469407241 0.003608901 0.997551322 -0.069845088 -9.586090718 -0.938842876 -0.020669919 -0.343724903 70.068305223
-0.358347779 0.064614204 0.931349491 131.596416808 0.003064343 0.997678104 -0.068036840 -9.682991675 -0.933583140 -0.021526876 -0.357713733 69.643123217
-0.373067970 0.062958329 0.925665457 132.712361253 0.002560651 0.997761101 -0.066829841 -9.778124335 -0.927800481 -0.022561767 -0.372393923 69.210855789
-0.387528075 0.064227650 0.919617747 133.814816403 0.001133794 0.997602409 -0.069196448 -9.872306968 -0.921857205 -0.025772909 -0.386671762 68.749578066
-0.402280700 0.066406723 0.913104805 134.905172831 0.001891759 0.997424053 -0.071705509 -9.963317508 -0.915514423 -0.027118368 -0.401370072 68.277992963
-0.416810339 0.068129202 0.906436734 135.980835530 0.003378438 0.997296503 -0.073404843 -10.060813365 -0.908987199 -0.027533557 -0.415913663 67.790590816
-0.431092621 0.070611717 0.899540515 137.058718299 0.005991856 0.997135279 -0.075401150 -10.158164387 -0.902287787 -0.027114962 -0.430280756 67.274788769
-0.445869148 0.074002637 0.892033807 138.134537061 0.005901001 0.996797887 -0.079744285 -10.258195377 -0.895078701 -0.030291624 -0.444878114 66.743401637
-0.461043227 0.076266177 0.884094233 139.191799601 0.006896454 0.996577697 -0.082373128 -10.357111787 -0.887350879 -0.031880458 -0.459991364 66.208524360
-0.476389311 0.073481384 0.876158496 140.255491320 0.005674082 0.996737736 -0.080508946 -10.461826459 -0.879216145 -0.033382206 -0.475252142 65.647139034
-0.492588715 0.068627489 0.867552088 141.320671470 0.002414378 0.996989758 -0.077495760 -10.569871328 -0.870258886 -0.036078938 -0.491271597 65.063335526
-0.508880505 0.068834453 0.858080678 142.385024647 0.002059729 0.996892403 -0.078748292 -10.670386160 -0.860834705 -0.038306057 -0.507440890 64.457840722
-0.524628840 0.067793639 0.848627482 143.431069979 0.000860091 0.996865987 -0.079104137 -10.774352726 -0.851330629 -0.040770415 -0.523042955 63.822004019
-0.540601644 0.066800751 0.838622396 144.474303014 0.000207436 0.996853085 -0.079270951 -10.873370263 -0.841278681 -0.042680046 -0.538914273 63.176111902
-0.556086712 0.066095063 0.828492010 145.504443514 -0.001243162 0.996765619 -0.080353935 -10.985804366 -0.831123350 -0.045713705 -0.554205949 62.498286701
-0.571721849 0.065328726 0.817842457 146.543576669 -0.001730304 0.996726606 -0.080827464 -11.092574356 -0.820445692 -0.047625943 -0.569737340 61.803970941
-0.587660108 0.062403225 0.806697858 147.565017026 -0.002512391 0.996875813 -0.078944920 -11.195158425 -0.809104001 -0.048419521 -0.585667367 61.105867003
-0.603009334 0.058671048 0.795573662 148.570451947 -0.002730278 0.997134114 -0.075604924 -11.303225622 -0.797729458 -0.047762612 -0.601120990 60.369794497
-0.617967828 0.056951427 0.784137933 149.570622639 -0.002089261 0.997250398 -0.074076163 -11.406337844 -0.786200609 -0.047414954 -0.616149677 59.607000381
-0.632845161 0.055019516 0.772321083 150.545976621 -0.003212674 0.997276932 -0.073677672 -11.508658478 -0.774271710 -0.049107774 -0.630945121 58.823867546
-0.647634946 0.055679475 0.759913661 151.524052119 -0.004913020 0.997000568 -0.077238132 -11.616495720 -0.761934931 -0.053755584 -0.645418855 58.014612244
-0.662878976 0.055156118 0.746692216 152.483644104 -0.007156607 0.996770614 -0.079982034 -11.715082392 -0.748692357 -0.058362192 -0.660343554 57.185409551
-0.678580199 0.051856977 0.732693501 153.443108401 -0.009128967 0.996832311 -0.079006360 -11.820070533 -0.734469588 -0.060300887 -0.675957268 56.328933260
-0.694776694 0.044202038 0.717865952 154.374678101 -0.012848863 0.997187573 -0.073836645 -11.928869239 -0.719110737 -0.060523741 -0.692254740 55.451902133
-0.711593863 0.041671561 0.701354158 155.285145421 -0.013784132 0.997219375 -0.073236026 -12.036520654 -0.702455815 -0.061781865 -0.709040781 54.553320078
-0.728927628 0.038652854 0.683498698 156.183680607 -0.016088749 0.997161817 -0.073549056 -12.133835411 -0.684401684 -0.064608578 -0.726236921 53.627052310
-0.746265972 0.034875237 0.664733643 157.062286471 -0.019200653 0.997083199 -0.073867643 -12.239637967 -0.665370899 -0.067888229 -0.743419636 52.685309660
-0.762601278 0.033258513 0.646013284 157.916217229 -0.018642915 0.997132546 -0.073342542 -12.341758984 -0.646600134 -0.067974687 -0.759794518 51.700788084
-0.778466687 0.034957609 0.626711722 158.747451770 -0.017048582 0.996902028 -0.076783412 -12.451403543 -0.627454351 -0.070457875 -0.775459041 50.691772155
-0.793367361 0.034398720 0.607770482 159.534063779 -0.013795837 0.997129728 -0.074444473 -12.552942797 -0.608586810 -0.067446518 -0.790615622 49.686247820
-0.807872960 0.035434266 0.588290484 160.308396073 -0.010296418 0.997190004 -0.074202957 -12.658954115 -0.589266718 -0.066003847 -0.805237994 48.629024310
-0.822133206 0.036311613 0.568135951 161.063281368 -0.008937588 0.997017518 -0.076656303 -12.765207139 -0.569225009 -0.068099457 -0.819356670 47.567700373
-0.835587181 0.038109391 0.548034431 161.779921507 -0.007869580 0.996658226 -0.081304670 -12.871310604 -0.549301496 -0.072249941 -0.832494933 46.475139967
-0.848447744 0.038114934 0.527904989 162.474729384 -0.005911354 0.996659092 -0.081459867 -12.972618418 -0.529246144 -0.072235074 -0.845387848 45.385830246
-0.859932049 0.035814241 0.509150481 163.143851780 -0.005294500 0.996855628 -0.079062163 -13.084266477 -0.510381073 -0.070683785 -0.857038484 44.261887585
-0.870373344 0.037206500 0.490984642 163.770238084 -0.003002237 0.996721515 -0.080853009 -13.194940903 -0.492383213 -0.071846356 -0.867408135 43.167202547
-0.879755813 0.040642534 0.473685439 164.381275712 0.000589192 0.996431760 -0.084400244 -13.313700636 -0.475425455 -0.073972513 -0.876640579 42.044759177
-0.888929447 0.038546720 0.456419313 164.986777048 -0.000836557 0.996314385 -0.085772647 -13.433523327 -0.458043381 -0.076627652 -0.885620948 40.924593473
-0.897160484 0.035337092 0.440288947 165.587475147 -0.002350145 0.996398741 -0.084758638 -13.566301933 -0.441698476 -0.077076844 -0.893846529 39.749324043
-0.904378927 0.033235890 0.425434050 166.162300215 -0.003375783 0.996373936 -0.085015201 -13.687792617 -0.426716955 -0.078322129 -0.900987394 38.559537373
-0.910889359 0.031244713 0.411466091 166.716147003 -0.003929632 0.996427333 -0.084363077 -13.811339187 -0.412631960 -0.078462339 -0.907512274 37.359905328
-0.917108475 0.028633427 0.397608063 167.263951387 -0.005169024 0.996478992 -0.083683325 -13.934184897 -0.398604222 -0.078801932 -0.913731322 36.146087680
-0.922677149 0.023604807 0.384850221 167.774524819 -0.007720196 0.996793195 -0.079647505 -14.058789917 -0.385496145 -0.076460052 -0.919536069 34.948472981
-0.927725511 0.020179791 0.372717256 168.293405981 -0.008933154 0.997051153 -0.076218093 -14.182722051 -0.373156235 -0.074039010 -0.924809520 33.708124981
-0.931928305 0.020646514 0.362054355 168.775515625 -0.006053351 0.997353211 -0.072456403 -14.300727786 -0.362592045 -0.069715815 -0.929336706 32.482517258
-0.935120306 0.024804720 0.353461085 169.242215048 -0.001734238 0.997214326 -0.074569295 -14.401515477 -0.354326129 -0.070344248 -0.932472349 31.259232554
-0.937155037 0.029782057 0.347639851 169.682036105 0.003536723 0.997110111 -0.075887538 -14.514970062 -0.348895297 -0.069888883 -0.934552094 30.023911227
-0.939036026 0.033316790 0.342200720 170.131314554 0.006890668 0.996917678 -0.078151535 -14.624423627 -0.343749706 -0.071029116 -0.936371190 28.808097748
-0.941048928 0.030027585 0.336935095 170.571260925 0.004161613 0.997004649 -0.077229595 -14.728276037 -0.338244875 -0.071274634 -0.938355120 27.610016234
-0.942818812 0.022903714 0.332517831 171.019029568 -0.001639031 0.997305549 -0.073341363 -14.842403275 -0.333301667 -0.069692624 -0.940240893 26.366048154
-0.944639876 0.016685429 0.327684455 171.457215850 -0.007206016 0.997410221 -0.071560634 -14.946192636 -0.328029844 -0.069960328 -0.942073232 25.157811529
-0.946243044 0.010207317 0.323295396 171.864613736 -0.014174605 0.997233214 -0.072972574 -15.047821605 -0.323145761 -0.073632375 -0.943480307 23.961202204
-0.947496251 0.008000289 0.319666780 172.289594372 -0.017081865 0.996993222 -0.075582570 -15.154384260 -0.319310296 -0.077074707 -0.944510680 22.743512076
-0.948187626 0.008541673 0.317596074 172.707071741 -0.017069156 0.996825228 -0.077769593 -15.265386008 -0.317252061 -0.079161263 -0.945031547 21.527384884
-0.948325649 0.009492180 0.317156685 173.117758330 -0.016834304 0.996639489 -0.080164427 -15.374202543 -0.316851812 -0.081361094 -0.944978995 20.281296039
-0.948232725 0.012116460 0.317345064 173.534155428 -0.014644016 0.996540746 -0.081805217 -15.489711571 -0.317238477 -0.082217590 -0.944775114 19.063192204
-0.947849818 0.013293994 0.318439934 173.953219628 -0.013979788 0.996433988 -0.083209813 -15.606246087 -0.318410564 -0.083322129 -0.944283927 17.841600864
-0.947438137 0.014680504 0.319602033 174.373818224 -0.013226371 0.996295532 -0.084972202 -15.724852117 -0.319665512 -0.084733080 -0.943734213 16.627852077
-0.946711860 0.016276278 0.321670230 174.789666744 -0.011568736 0.996359443 -0.084463153 -15.846094265 -0.321873917 -0.083683587 -0.943077006 15.410050682
-0.945928740 0.016057497 0.323976814 175.210806981 -0.012041962 0.996347141 -0.084542099 -15.966760235 -0.324150907 -0.083872118 -0.942280031 14.208394916
-0.944646820 0.014989255 0.327746408 175.636712628 -0.013552416 0.996320492 -0.084627468 -16.082450060 -0.327808965 -0.084384824 -0.940967844 13.015336374
-0.942970141 0.013740091 0.332593631 176.062866196 -0.014689311 0.996456860 -0.082812737 -16.191589845 -0.332553060 -0.082975510 -0.939427234 11.821205811
-0.940976888 0.011302213 0.338282067 176.503211205 -0.016698145 0.996675214 -0.079747662 -16.309927440 -0.338058676 -0.080689390 -0.937659615 10.629474810
-0.938528389 0.008778973 0.345090412 176.951021253 -0.018920426 0.996865670 -0.076817010 -16.421936676 -0.344683160 -0.078624202 -0.935420630 9.439219624
-0.935759778 0.011020917 0.352465851 177.398942156 -0.017025464 0.996933950 -0.076372988 -16.535625756 -0.352226874 -0.077467665 -0.932703056 8.252492679
-0.932570125 0.011243773 0.360813718 177.858606169 -0.017471093 0.996937707 -0.076223157 -16.644793678 -0.360565836 -0.077387249 -0.929517881 7.082539781
-0.928713402 0.014627246 0.370509732 178.310784470 -0.015456422 0.996826003 -0.078096210 -16.759367070 -0.370476068 -0.078255752 -0.925539583 5.928593234
-0.924512295 0.016137314 0.380810456 178.800158785 -0.014478629 0.996895360 -0.077395155 -16.862149230 -0.380877127 -0.077066386 -0.921408371 4.752238453
-0.919628411 0.018207698 0.392367259 179.300153858 -0.013802309 0.996810170 -0.078606495 -16.970517439 -0.392546918 -0.077704340 -0.916443644 3.606304964
-0.914106477 0.020414213 0.404960010 179.823077482 -0.013125810 0.996718577 -0.079873599 -17.075006569 -0.405261721 -0.078328403 -0.910838953 2.454823458
-0.907930038 0.022706858 0.418506206 180.354287807 -0.011736560 0.996762326 -0.079543184 -17.192444581 -0.418957395 -0.077131469 -0.904723957 1.296654884
-0.901898357 0.021896574 0.431392968 180.907885296 -0.012409086 0.996988657 -0.076548236 -17.305273169 -0.431770040 -0.074391921 -0.898910716 0.157456174
-0.895683238 0.021047001 0.444194283 181.477896911 -0.013039179 0.997206835 -0.073542565 -17.414311567 -0.444501426 -0.071662771 -0.892907011 -0.974401262
-0.888333495 0.027396528 0.458380881 182.050122722 -0.008338244 0.997091705 -0.075753578 -17.523687609 -0.459123159 -0.071116532 -0.885521521 -2.114409115
-0.881071369 0.029167251 0.472083165 182.642595291 -0.006209153 0.997297541 -0.073205607 -17.635506044 -0.472942586 -0.067430601 -0.878509206 -3.217949945
-0.873387605 0.030881619 0.486045694 183.244702058 -0.003871050 0.997515944 -0.070334610 -17.741980246 -0.487010376 -0.063310884 -0.871098517 -4.305100741
-0.865378134 0.033675125 0.499986671 183.872582330 -0.000949354 0.997627579 -0.068835402 -17.843733709 -0.501118533 -0.060043316 -0.863293123 -5.389100198
-0.856176135 0.037459419 0.515324380 184.506360571 0.003041300 0.997716529 -0.067472050 -17.939263492 -0.516675116 -0.056200703 -0.854335008 -6.452502000
-0.845939329 0.040228266 0.531759662 185.161215331 0.005877818 0.997793459 -0.066133681 -18.038820203 -0.533246756 -0.052819496 -0.844309184 -7.497755654
-0.835090089 0.043591675 0.548383359 185.829813856 0.009139988 0.997817323 -0.065399167 -18.128736885 -0.550037274 -0.049601979 -0.833665785 -8.530077283
-0.823703446 0.045413123 0.565199328 186.522142084 0.010245934 0.997816910 -0.065241357 -18.218330184 -0.566928261 -0.047948535 -0.822370528 -9.559867532
-0.811669062 0.047477898 0.582184835 187.238108723 0.011488003 0.997795934 -0.065355184 -18.306809208 -0.584004588 -0.046358640 -0.810425516 -10.572108838
-0.799152985 0.049208331 0.599110213 187.968869004 0.013258102 0.997844237 -0.064273646 -18.408846575 -0.600981472 -0.043421412 -0.798082609 -11.533777279
-0.785398947 0.050267200 0.616945461 188.728209050 0.014803081 0.997937400 -0.062464507 -18.494989098 -0.618812865 -0.039926865 -0.784523093 -12.506702966
-0.769460517 0.052025732 0.636571941 189.489855969 0.016847681 0.997983422 -0.061198413 -18.583894165 -0.638472136 -0.036365002 -0.768785352 -13.471450789
-0.730401647 0.062321153 0.680168735 190.931122790 0.025485214 0.997621817 -0.064040725 -18.702276217 -0.682542261 -0.029441205 -0.730252886 -15.348459143
-0.721691225 0.060543681 0.689562353 191.020553914 0.037900266 0.998129486 -0.047969764 -18.893561012 -0.691176783 -0.008484761 -0.722635914 -15.134703487
-0.696928274 0.059860890 0.714638128 192.732329157 0.020976244 0.997785353 -0.063121991 -18.950986278 -0.716833996 -0.029001076 -0.696640481 -16.999949440
-0.676890597 0.058292546 0.733771830 193.648413402 0.017996355 0.997871913 -0.062671977 -19.059428335 -0.735863609 -0.029216854 -0.676499168 -17.860094682
-0.656765139 0.058636739 0.751812001 194.512897492 0.015926840 0.997828489 -0.063911210 -19.144536086 -0.753926978 -0.030000665 -0.656272864 -18.608744072
