[{"R":[[1.0,0.0,0.0],[0.0,1.0,0.0],[0.0,0.0,1.0]],"file_name":"/home/jonas/Downloads/freiburg/rgbd_dataset_freiburg2_360_hemisphere/rgb/1311874903.322796.png","t":[0.0,0.0,0.0]},{"R":[[1.0,0.0,0.0],[0.0,1.0,0.0],[0.0,0.0,1.0]],"file_name":"/home/jonas/Downloads/freiburg/rgbd_dataset_freiburg2_360_hemisphere/rgb/1311874903.354768.png","t":[0.0,0.0,0.0]},{"R":[[1.0,0.0,0.0],[0.0,1.0,0.0],[0.0,0.0,1.0]],"file_name":"/home/jonas/Downloads/freiburg/rgbd_dataset_freiburg2_360_hemisphere/rgb/1311874903.386636.png","t":[0.0,0.0,0.0]},{"R":[[1.0,0.0,0.0],[0.0,1.0,0.0],[0.0,0.0,1.0]],"file_name":"/home/jonas/Downloads/freiburg/rgbd_dataset_freiburg2_360_hemisphere/rgb/1311874903.422796.png","t":[0.0,0.0,0.0]},{"R":[[1.0,0.0,0.0],[0.0,1.0,0.0],[0.0,0.0,1.0]],"file_name":"/home/jonas/Downloads/freiburg/rgbd_dataset_freiburg2_360_hemisphere/rgb/1311874903.454798.png","t":[0.0,0.0,0.0]},{"R":[[1.0,0.0,0.0],[0.0,1.0,0.0],[0.0,0.0,1.0]],"file_name":"/home/jonas/Downloads/freiburg/rgbd_dataset_freiburg2_360_hemisphere/rgb/1311874903.486694.png","t":[0.0,0.0,0.0]},{"R":[[1.0,0.0,0.0],[0.0,1.0,0.0],[0.0,0.0,1.0]],"file_name":"/home/jonas/Downloads/freiburg/rgbd_dataset_freiburg2_360_hemisphere/rgb/1311874903.522779.png","t":[0.0,0.0,0.0]},{"R":[[1.0,0.0,0.0],[0.0,1.0,0.0],[0.0,0.0,1.0]],"file_name":"/home/jonas/Downloads/freiburg/rgbd_dataset_freiburg2_360_hemisphere/rgb/1311874903.554840.png","t":[0.0,0.0,0.0]},{"R":[[1.0,0.0,0.0],[0.0,1.0,0.0],[0.0,0.0,1.0]],"file_name":"/home/jonas/Downloads/freiburg/rgbd_dataset_freiburg2_360_hemisphere/rgb/1311874903.586730.png","t":[0.0,0.0,0.0]},{"R":[[1.0,0.0,0.0],[0.0,1.0,0.0],[0.0,0.0,1.0]],"file_name":"/home/jonas/Downloads/freiburg/rgbd_dataset_freiburg2_360_hemisphere/rgb/1311874903.622735.png","t":[0.0,0.0,0.0]},{"R":[[1.0,0.0,0.0],[0.0,1.0,0.0],[0.0,0.0,1.0]],"file_name":"/home/jonas/Downloads/freiburg/rgbd_dataset_freiburg2_360_hemisphere/rgb/1311874903.654810.png","t":[0.0,0.0,0.0]},{"R":[[1.0,0.0,0.0],[0.0,1.0,0.0],[0.0,0.0,1.0]],"file_name":"/home/jonas/Downloads/freiburg/rgbd_dataset_freiburg2_360_hemisphere/rgb/1311874903.686778.png","t":[0.0,0.0,0.0]},{"R":[[1.0,0.0,0.0],[0.0,1.0,0.0],[0.0,0.0,1.0]],"file_name":"/home/jonas/Downloads/freiburg/rgbd_dataset_freiburg2_360_hemisphere/rgb/1311874903.722804.png","t":[0.0,0.0,0.0]},{"R":[[1.0,0.0,0.0],[0.0,1.0,0.0],[0.0,0.0,1.0]],"file_name":"/home/jonas/Downloads/freiburg/rgbd_dataset_freiburg2_360_hemisphere/rgb/1311874903.754816.png","t":[0.0,0.0,0.0]},{"R":[[1.0,0.0,0.0],[0.0,1.0,0.0],[0.0,0.0,1.0]],"file_name":"/home/jonas/Downloads/freiburg/rgbd_dataset_freiburg2_360_hemisphere/rgb/1311874903.786751.png","t":[0.0,0.0,0.0]},{"R":[[1.0,0.0,0.0],[0.0,1.0,0.0],[0.0,0.0,1.0]],"file_name":"/home/jonas/Downloads/freiburg/rgbd_dataset_freiburg2_360_hemisphere/rgb/1311874903.822840.png","t":[0.0,0.0,0.0]},{"R":[[1.0,0.0,0.0],[0.0,1.0,0.0],[0.0,0.0,1.0]],"file_name":"/home/jonas/Downloads/freiburg/rgbd_dataset_freiburg2_360_hemisphere/rgb/1311874903.854817.png","t":[0.0,0.0,0.0]},{"R":[[1.0,0.0,0.0],[0.0,1.0,0.0],[0.0,0.0,1.0]],"file_name":"/home/jonas/Downloads/freiburg/rgbd_dataset_freiburg2_360_hemisphere/rgb/1311874903.886829.png","t":[0.0,0.0,0.0]},{"R":[[1.0,0.0,0.0],[0.0,1.0,0.0],[0.0,0.0,1.0]],"file_name":"/home/jonas/Downloads/freiburg/rgbd_dataset_freiburg2_360_hemisphere/rgb/1311874903.922754.png","t":[0.0,0.0,0.0]},{"R":[[1.0,0.0,0.0],[0.0,1.0,0.0],[0.0,0.0,1.0]],"file_name":"/home/jonas/Downloads/freiburg/rgbd_dataset_freiburg2_360_hemisphere/rgb/1311874903.954826.png","t":[0.0,0.0,0.0]},{"R":[[1.0,0.0,0.0],[0.0,1.0,0.0],[0.0,0.0,1.0]],"file_name":"/home/jonas/Downloads/freiburg/rgbd_dataset_freiburg2_360_hemisphere/rgb/1311874903.986809.png","t":[0.0,0.0,0.0]},{"R":[[1.0,0.0,0.0],[0.0,1.0,0.0],[0.0,0.0,1.0]],"file_name":"/home/jonas/Downloads/freiburg/rgbd_dataset_freiburg2_360_hemisphere/rgb/1311874904.022931.png","t":[0.0,0.0,0.0]},{"R":[[1.0,0.0,0.0],[0.0,1.0,0.0],[0.0,0.0,1.0]],"file_name":"/home/jonas/Downloads/freiburg/rgbd_dataset_freiburg2_360_hemisphere/rgb/1311874904.054815.png","t":[0.0,0.0,0.0]},{"R":[[1.0,0.0,0.0],[0.0,1.0,0.0],[0.0,0.0,1.0]],"file_name":"/home/jonas/Downloads/freiburg/rgbd_dataset_freiburg2_360_hemisphere/rgb/1311874904.086775.png","t":[0.0,0.0,0.0]},{"R":[[1.0,0.0,0.0],[0.0,1.0,0.0],[0.0,0.0,1.0]],"file_name":"/home/jonas/Downloads/freiburg/rgbd_dataset_freiburg2_360_hemisphere/rgb/1311874904.122757.png","t":[0.0,0.0,0.0]},{"R":[[1.0,0.0,0.0],[0.0,1.0,0.0],[0.0,0.0,1.0]],"file_name":"/home/jonas/Downloads/freiburg/rgbd_dataset_freiburg2_360_hemisphere/rgb/1311874904.154805.png","t":[0.0,0.0,0.0]},{"R":[[1.0,0.0,0.0],[0.0,1.0,0.0],[0.0,0.0,1.0]],"file_name":"/home/jonas/Downloads/freiburg/rgbd_dataset_freiburg2_360_hemisphere/rgb/1311874904.186715.png","t":[0.0,0.0,0.0]},{"R":[[1.0,0.0,0.0],[0.0,1.0,0.0],[0.0,0.0,1.0]],"file_name":"/home/jonas/Downloads/freiburg/rgbd_dataset_freiburg2_360_hemisphere/rgb/1311874904.222789.png","t":[0.0,0.0,0.0]},{"R":[[1.0,0.0,0.0],[0.0,1.0,0.0],[0.0,0.0,1.0]],"file_name":"/home/jonas/Downloads/freiburg/rgbd_dataset_freiburg2_360_hemisphere/rgb/1311874904.254790.png","t":[0.0,0.0,0.0]},{"R":[[1.0,0.0,0.0],[0.0,1.0,0.0],[0.0,0.0,1.0]],"file_name":"/home/jonas/Downloads/freiburg/rgbd_dataset_freiburg2_360_hemisphere/rgb/1311874904.286802.png","t":[0.0,0.0,0.0]},{"R":[[1.0,0.0,0.0],[0.0,1.0,0.0],[0.0,0.0,1.0]],"file_name":"/home/jonas/Downloads/freiburg/rgbd_dataset_freiburg2_360_hemisphere/rgb/1311874904.322792.png","t":[0.0,0.0,0.0]},{"R":[[1.0,0.0,0.0],[0.0,1.0,0.0],[0.0,0.0,1.0]],"file_name":"/home/jonas/Downloads/freiburg/rgbd_dataset_freiburg2_360_hemisphere/rgb/1311874904.354806.png","t":[0.0,0.0,0.0]},{"R":[[1.0,0.0,0.0],[0.0,1.0,0.0],[0.0,0.0,1.0]],"file_name":"/home/jonas/Downloads/freiburg/rgbd_dataset_freiburg2_360_hemisphere/rgb/1311874904.386740.png","t":[0.0,0.0,0.0]},{"R":[[1.0,0.0,0.0],[0.0,1.0,0.0],[0.0,0.0,1.0]],"file_name":"/home/jonas/Downloads/freiburg/rgbd_dataset_freiburg2_360_hemisphere/rgb/1311874904.422775.png","t":[0.0,0.0,0.0]},{"R":[[1.0,0.0,0.0],[0.0,1.0,0.0],[0.0,0.0,1.0]],"file_name":"/home/jonas/Downloads/freiburg/rgbd_dataset_freiburg2_360_hemisphere/rgb/1311874904.454836.png","t":[0.0,0.0,0.0]},{"R":[[1.0,0.0,0.0],[0.0,1.0,0.0],[0.0,0.0,1.0]],"file_name":"/home/jonas/Downloads/freiburg/rgbd_dataset_freiburg2_360_hemisphere/rgb/1311874904.486793.png","t":[0.0,0.0,0.0]},{"R":[[1.0,0.0,0.0],[0.0,1.0,0.0],[0.0,0.0,1.0]],"file_name":"/home/jonas/Downloads/freiburg/rgbd_dataset_freiburg2_360_hemisphere/rgb/1311874904.522772.png","t":[0.0,0.0,0.0]},{"R":[[1.0,0.0,0.0],[0.0,1.0,0.0],[0.0,0.0,1.0]],"file_name":"/home/jonas/Downloads/freiburg/rgbd_dataset_freiburg2_360_hemisphere/rgb/1311874904.554748.png","t":[0.0,0.0,0.0]},{"R":[[1.0,0.0,0.0],[0.0,1.0,0.0],[0.0,0.0,1.0]],"file_name":"/home/jonas/Downloads/freiburg/rgbd_dataset_freiburg2_360_hemisphere/rgb/1311874904.586765.png","t":[0.0,0.0,0.0]},{"R":[[1.0,0.0,0.0],[0.0,1.0,0.0],[0.0,0.0,1.0]],"file_name":"/home/jonas/Downloads/freiburg/rgbd_dataset_freiburg2_360_hemisphere/rgb/1311874904.622782.png","t":[0.0,0.0,0.0]},{"R":[[1.0,0.0,0.0],[0.0,1.0,0.0],[0.0,0.0,1.0]],"file_name":"/home/jonas/Downloads/freiburg/rgbd_dataset_freiburg2_360_hemisphere/rgb/1311874904.654811.png","t":[0.0,0.0,0.0]},{"R":[[1.0,0.0,0.0],[0.0,1.0,0.0],[0.0,0.0,1.0]],"file_name":"/home/jonas/Downloads/freiburg/rgbd_dataset_freiburg2_360_hemisphere/rgb/1311874904.686997.png","t":[0.0,0.0,0.0]},{"R":[[1.0,0.0,0.0],[0.0,1.0,0.0],[0.0,0.0,1.0]],"file_name":"/home/jonas/Downloads/freiburg/rgbd_dataset_freiburg2_360_hemisphere/rgb/1311874904.722712.png","t":[0.0,0.0,0.0]},{"R":[[1.0,0.0,0.0],[0.0,1.0,0.0],[0.0,0.0,1.0]],"file_name":"/home/jonas/Downloads/freiburg/rgbd_dataset_freiburg2_360_hemisphere/rgb/1311874904.754754.png","t":[0.0,0.0,0.0]},{"R":[[1.0,0.0,0.0],[0.0,1.0,0.0],[0.0,0.0,1.0]],"file_name":"/home/jonas/Downloads/freiburg/rgbd_dataset_freiburg2_360_hemisphere/rgb/1311874904.786764.png","t":[0.0,0.0,0.0]},{"R":[[1.0,0.0,0.0],[0.0,1.0,0.0],[0.0,0.0,1.0]],"file_name":"/home/jonas/Downloads/freiburg/rgbd_dataset_freiburg2_360_hemisphere/rgb/1311874904.822823.png","t":[0.0,0.0,0.0]},{"R":[[1.0,0.0,0.0],[0.0,1.0,0.0],[0.0,0.0,1.0]],"file_name":"/home/jonas/Downloads/freiburg/rgbd_dataset_freiburg2_360_hemisphere/rgb/1311874904.854741.png","t":[0.0,0.0,0.0]},{"R":[[1.0,0.0,0.0],[0.0,1.0,0.0],[0.0,0.0,1.0]],"file_name":"/home/jonas/Downloads/freiburg/rgbd_dataset_freiburg2_360_hemisphere/rgb/1311874904.886735.png","t":[0.0,0.0,0.0]},{"R":[[1.0,0.0,0.0],[0.0,1.0,0.0],[0.0,0.0,1.0]],"file_name":"/home/jonas/Downloads/freiburg/rgbd_dataset_freiburg2_360_hemisphere/rgb/1311874904.922775.png","t":[0.0,0.0,0.0]},{"R":[[1.0,0.0,0.0],[0.0,1.0,0.0],[0.0,0.0,1.0]],"file_name":"/home/jonas/Downloads/freiburg/rgbd_dataset_freiburg2_360_hemisphere/rgb/1311874904.954797.png","t":[0.0,0.0,0.0]},{"R":[[1.0,0.0,0.0],[0.0,1.0,0.0],[0.0,0.0,1.0]],"file_name":"/home/jonas/Downloads/freiburg/rgbd_dataset_freiburg2_360_hemisphere/rgb/1311874904.986823.png","t":[0.0,0.0,0.0]},{"R":[[1.0,0.0,0.0],[0.0,1.0,0.0],[0.0,0.0,1.0]],"file_name":"/home/jonas/Downloads/freiburg/rgbd_dataset_freiburg2_360_hemisphere/rgb/1311874905.022730.png","t":[0.0,0.0,0.0]},{"R":[[1.0,0.0,0.0],[0.0,1.0,0.0],[0.0,0.0,1.0]],"file_name":"/home/jonas/Downloads/freiburg/rgbd_dataset_freiburg2_360_hemisphere/rgb/1311874905.054822.png","t":[0.0,0.0,0.0]},{"R":[[1.0,0.0,0.0],[0.0,1.0,0.0],[0.0,0.0,1.0]],"file_name":"/home/jonas/Downloads/freiburg/rgbd_dataset_freiburg2_360_hemisphere/rgb/1311874905.086601.png","t":[0.0,0.0,0.0]},{"R":[[1.0,0.0,0.0],[0.0,1.0,0.0],[0.0,0.0,1.0]],"file_name":"/home/jonas/Downloads/freiburg/rgbd_dataset_freiburg2_360_hemisphere/rgb/1311874905.122765.png","t":[0.0,0.0,0.0]},{"R":[[1.0,0.0,0.0],[0.0,1.0,0.0],[0.0,0.0,1.0]],"file_name":"/home/jonas/Downloads/freiburg/rgbd_dataset_freiburg2_360_hemisphere/rgb/1311874905.154831.png","t":[0.0,0.0,0.0]},{"R":[[1.0,0.0,0.0],[0.0,1.0,0.0],[0.0,0.0,1.0]],"file_name":"/home/jonas/Downloads/freiburg/rgbd_dataset_freiburg2_360_hemisphere/rgb/1311874905.186783.png","t":[0.0,0.0,0.0]},{"R":[[1.0,0.0,0.0],[0.0,1.0,0.0],[0.0,0.0,1.0]],"file_name":"/home/jonas/Downloads/freiburg/rgbd_dataset_freiburg2_360_hemisphere/rgb/1311874905.222773.png","t":[0.0,0.0,0.0]},{"R":[[1.0,0.0,0.0],[0.0,1.0,0.0],[0.0,0.0,1.0]],"file_name":"/home/jonas/Downloads/freiburg/rgbd_dataset_freiburg2_360_hemisphere/rgb/1311874905.254767.png","t":[0.0,0.0,0.0]},{"R":[[1.0,0.0,0.0],[0.0,1.0,0.0],[0.0,0.0,1.0]],"file_name":"/home/jonas/Downloads/freiburg/rgbd_dataset_freiburg2_360_hemisphere/rgb/1311874905.286779.png","t":[0.0,0.0,0.0]},{"R":[[1.0,0.0,0.0],[0.0,1.0,0.0],[0.0,0.0,1.0]],"file_name":"/home/jonas/Downloads/freiburg/rgbd_dataset_freiburg2_360_hemisphere/rgb/1311874905.322758.png","t":[0.0,0.0,0.0]},{"R":[[0.9994611144065857,-0.03174849972128868,-0.008335993625223637],[0.03131211921572685,0.9983518123626709,-0.04809584841132164],[0.009849225170910358,0.04780891165137291,0.998807966709137]],"file_name":"/home/jonas/Downloads/freiburg/rgbd_dataset_freiburg2_360_hemisphere/rgb/1311874905.354727.png","t":[0.07980998605489731,0.0546124167740345,-0.045393187552690506]},{"R":[[0.9996825456619263,-0.022766709327697754,-0.010790093801915646],[0.022243447601795197,0.9986771941184998,-0.04635797068476677],[0.011831238865852356,0.04610324651002884,0.998866617679596]],"file_name":"/home/jonas/Downloads/freiburg/rgbd_dataset_freiburg2_360_hemisphere/rgb/1311874905.386734.png","t":[0.08221910893917084,0.05189623683691025,-0.047451820224523544]},{"R":[[0.9976953864097595,-0.031229117885231972,-0.060238420963287354],[0.02528303861618042,0.9949571490287781,-0.09706202149391174],[0.06296581029891968,0.09531532227993011,0.9934537410736084]],"file_name":"/home/jonas/Downloads/freiburg/rgbd_dataset_freiburg2_360_hemisphere/rgb/1311874905.422766.png","t":[0.14400897920131683,0.10681237280368805,0.005462045315653086]},{"R":[[0.9978404641151428,-0.029383907094597816,-0.058744803071022034],[0.023845653980970383,0.9953945875167847,-0.09284944832324982],[0.06120253726840019,0.09124813228845596,0.9939456582069397]],"file_name":"/home/jonas/Downloads/freiburg/rgbd_dataset_freiburg2_360_hemisphere/rgb/1311874905.454741.png","t":[0.1458227038383484,0.10461170971393585,0.0025001366157084703]},{"R":[[0.9977179765701294,-0.032743245363235474,-0.059048064053058624],[0.027233390137553215,0.9954035878181458,-0.09181500971317291],[0.06178297847509384,0.08999741077423096,0.9940237998962402]],"file_name":"/home/jonas/Downloads/freiburg/rgbd_dataset_freiburg2_360_hemisphere/rgb/1311874905.486804.png","t":[0.1488582342863083,0.10647394508123398,0.0009254679316654801]},{"R":[[0.9978883862495422,-0.033870577812194824,-0.05542197823524475],[0.028855109587311745,0.9956207871437073,-0.08891910314559937],[0.05819101631641388,0.08713213354349136,0.9944957494735718]],"file_name":"/home/jonas/Downloads/freiburg/rgbd_dataset_freiburg2_360_hemisphere/rgb/1311874905.522792.png","t":[0.14844109117984772,0.10601389408111572,-0.001230569090694189]},{"R":[[0.9979557394981384,-0.03357035294175148,-0.054382070899009705],[0.02886727638542652,0.9959565997123718,-0.08507125824689865],[0.05701805651187897,0.08332748711109161,0.9948896765708923]],"file_name":"/home/jonas/Downloads/freiburg/rgbd_dataset_freiburg2_360_hemisphere/rgb/1311874905.554773.png","t":[0.15165159106254578,0.10372767597436905,-0.0026926391292363405]},{"R":[[0.998247504234314,-0.0328163281083107,-0.04924415424466133],[0.028568364679813385,0.9960039258003235,-0.0846170037984848],[0.051824189722537994,0.08306188881397247,0.9951959252357483]],"file_name":"/home/jonas/Downloads/freiburg/rgbd_dataset_freiburg2_360_hemisphere/rgb/1311874905.586819.png","t":[0.15093347430229187,0.10364238917827606,-0.003840985707938671]},{"R":[[0.9947845339775085,-0.023231836035847664,-0.099317766726017],[0.020222339779138565,0.9993085265159607,-0.031201867386698723],[0.09997396171092987,0.02903069742023945,0.9945664405822754]],"file_name":"/home/jonas/Downloads/freiburg/rgbd_dataset_freiburg2_360_hemisphere/rgb/1311874905.622767.png","t":[0.2067565619945526,0.04898131266236305,-0.0819840133190155]},{"R":[[0.9951455593109131,-0.020184798166155815,-0.0963219553232193],[0.01742822863161564,0.9994165301322937,-0.029374374076724052],[0.0968586727976799,0.027553055435419083,0.9949166774749756]],"file_name":"/home/jonas/Downloads/freiburg/rgbd_dataset_freiburg2_360_hemisphere/rgb/1311874905.654770.png","t":[0.20676571130752563,0.04598146304488182,-0.08393926173448563]},{"R":[[0.9955170154571533,-0.018297934904694557,-0.09279587864875793],[0.015553241595625877,0.9994223713874817,-0.030215248465538025],[0.093295156955719,0.028636517003178596,0.9952265620231628]],"file_name":"/home/jonas/Downloads/freiburg/rgbd_dataset_freiburg2_360_hemisphere/rgb/1311874905.686676.png","t":[0.20821216702461243,0.04615803435444832,-0.08694171160459518]},{"R":[[0.9956557750701904,-0.013513919897377491,-0.09212435781955719],[0.01198613177984953,0.9997816681861877,-0.017117153853178024],[0.09233555942773819,0.01593858003616333,0.9956004023551941]],"file_name":"/home/jonas/Downloads/freiburg/rgbd_dataset_freiburg2_360_hemisphere/rgb/1311874905.722811.png","t":[0.21465222537517548,0.033361710608005524,-0.09694406390190125]},{"R":[[0.9961884617805481,-0.008328225463628769,-0.08682844042778015],[0.008640309795737267,0.9999575018882751,0.003219051519408822],[0.08679793775081635,-0.003957006614655256,0.9962180852890015]],"file_name":"/home/jonas/Downloads/freiburg/rgbd_dataset_freiburg2_360_hemisphere/rgb/1311874905.754739.png","t":[0.21704041957855225,0.011056730523705482,-0.11280518770217896]},{"R":[[0.9971346259117126,-0.005460849963128567,-0.07545007765293121],[0.006808123085647821,0.9998217225074768,0.017610833048820496],[0.07534045726060867,-0.018074044957756996,0.9969940781593323]],"file_name":"/home/jonas/Downloads/freiburg/rgbd_dataset_freiburg2_360_hemisphere/rgb/1311874905.786774.png","t":[0.2122894674539566,-0.006264506373554468,-0.11750221997499466]},{"R":[[0.997639000415802,-0.004883238580077887,-0.06850221008062363],[0.006012135185301304,0.9998493194580078,0.01628323458135128],[0.06841237097978592,-0.01665663532912731,0.9975180625915527]],"file_name":"/home/jonas/Downloads/freiburg/rgbd_dataset_freiburg2_360_hemisphere/rgb/1311874905.822748.png","t":[0.21262192726135254,-0.006874570623040199,-0.12052476406097412]},{"R":[[0.9990458488464355,-0.003168154042214155,-0.043558377772569656],[0.0038593197241425514,0.999867856502533,0.01579264923930168],[0.04350258782505989,-0.015945686027407646,0.998926043510437]],"file_name":"/home/jonas/Downloads/freiburg/rgbd_dataset_freiburg2_360_hemisphere/rgb/1311874905.854754.png","t":[0.1953779011964798,-0.00946856290102005,-0.10978439450263977]},{"R":[[0.9992341995239258,-0.004617736209183931,-0.03885531798005104],[0.005370676051825285,0.999799370765686,0.019296027719974518],[0.03875841945409775,-0.01948992908000946,0.9990585446357727]],"file_name":"/home/jonas/Downloads/freiburg/rgbd_dataset_freiburg2_360_hemisphere/rgb/1311874905.886749.png","t":[0.1977037489414215,-0.012488415464758873,-0.12110008299350739]},{"R":[[0.9995758533477783,-0.0069808196276426315,-0.028274036943912506],[0.007600622251629829,0.9997318387031555,0.021873440593481064],[0.02811376191675663,-0.022079063579440117,0.9993608593940735]],"file_name":"/home/jonas/Downloads/freiburg/rgbd_dataset_freiburg2_360_hemisphere/rgb/1311874905.922784.png","t":[0.1972578912973404,-0.01350730936974287,-0.125102698802948]},{"R":[[0.9999149441719055,-0.007144242990761995,-0.010912510566413403],[0.007419123314321041,0.9996508359909058,0.025360245257616043],[0.010727521032094955,-0.025439050048589706,0.9996188282966614]],"file_name":"/home/jonas/Downloads/freiburg/rgbd_dataset_freiburg2_360_hemisphere/rgb/1311874905.954748.png","t":[0.19104307889938354,-0.0173213891685009,-0.12013842165470123]},{"R":[[0.9999806880950928,-0.005907963030040264,0.0019151075975969434],[0.005852073431015015,0.9995912909507751,0.027981530874967575],[-0.002079638885334134,-0.027969783172011375,0.9996066093444824]],"file_name":"/home/jonas/Downloads/freiburg/rgbd_dataset_freiburg2_360_hemisphere/rgb/1311874905.986856.png","t":[0.18797707557678223,-0.020462211221456528,-0.12448945641517639]},{"R":[[0.9998948574066162,-0.004706245847046375,0.013714715838432312],[0.0043077627196908,0.9995718598365784,0.028941228985786438],[-0.0138450488448143,-0.028879106044769287,0.999487042427063]],"file_name":"/home/jonas/Downloads/freiburg/rgbd_dataset_freiburg2_360_hemisphere/rgb/1311874906.022767.png","t":[0.18729403614997864,-0.021535005420446396,-0.12879741191864014]},{"R":[[0.9994658827781677,-0.0034532754216343164,0.03249664604663849],[0.0025555153843015432,0.9996150135993958,0.027627330273389816],[-0.03257954120635986,-0.027529528364539146,0.9990899562835693]],"file_name":"/home/jonas/Downloads/freiburg/rgbd_dataset_freiburg2_360_hemisphere/rgb/1311874906.054696.png","t":[0.18030719459056854,-0.020774682983756065,-0.12429089844226837]},{"R":[[0.9985003471374512,-0.002586771734058857,0.05468448996543884],[0.0010284018935635686,0.9995930790901184,0.028506429865956306],[-0.054735977202653885,-0.028407441452145576,0.9980967044830322]],"file_name":"/home/jonas/Downloads/freiburg/rgbd_dataset_freiburg2_360_hemisphere/rgb/1311874906.086595.png","t":[0.16835682094097137,-0.020838018506765366,-0.1133437529206276]},{"R":[[0.9978581070899963,-0.0009731523459777236,0.06540847569704056],[-0.0010660813422873616,0.999514639377594,0.031134769320487976],[-0.06540703028440475,-0.03113781288266182,0.9973727464675903]],"file_name":"/home/jonas/Downloads/freiburg/rgbd_dataset_freiburg2_360_hemisphere/rgb/1311874906.122652.png","t":[0.16786222159862518,-0.0229392908513546,-0.1164635419845581]},{"R":[[0.9970235824584961,0.00042066629976034164,0.07709620893001556],[-0.0026166026946157217,0.9995936751365662,0.028384264558553696],[-0.07705294340848923,-0.028501510620117188,0.9966195225715637]],"file_name":"/home/jonas/Downloads/freiburg/rgbd_dataset_freiburg2_360_hemisphere/rgb/1311874906.154617.png","t":[0.16559776663780212,-0.021029287949204445,-0.11933611333370209]},{"R":[[0.9961968660354614,0.0026160709094256163,0.08709149062633514],[-0.005106051452457905,0.9995841383934021,0.02837991900742054],[-0.08698103576898575,-0.0287166815251112,0.9957959651947021]],"file_name":"/home/jonas/Downloads/freiburg/rgbd_dataset_freiburg2_360_hemisphere/rgb/1311874906.186718.png","t":[0.16457852721214294,-0.021002598106861115,-0.12329093366861343]},{"R":[[0.9953131079673767,0.002408064203336835,0.09667488932609558],[-0.004995408467948437,0.9996355175971985,0.026530247181653976],[-0.0965757668018341,-0.026888834312558174,0.9949623942375183]],"file_name":"/home/jonas/Downloads/freiburg/rgbd_dataset_freiburg2_360_hemisphere/rgb/1311874906.222762.png","t":[0.16494622826576233,-0.017406202852725983,-0.12594813108444214]},{"R":[[0.9943273663520813,0.0001827849046094343,0.10636301338672638],[-0.002962232567369938,0.9996582269668579,0.025974316522479057],[-0.10632190853357315,-0.026142045855522156,0.993988037109375]],"file_name":"/home/jonas/Downloads/freiburg/rgbd_dataset_freiburg2_360_hemisphere/rgb/1311874906.254735.png","t":[0.16408702731132507,-0.016896426677703857,-0.12991520762443542]},{"R":[[0.9939104318618774,-0.00022586333216167986,0.11019055545330048],[-0.0018740470986813307,0.9998186230659485,0.018953144550323486],[-0.11017484962940216,-0.01904422976076603,0.9937297701835632]],"file_name":"/home/jonas/Downloads/freiburg/rgbd_dataset_freiburg2_360_hemisphere/rgb/1311874906.286732.png","t":[0.168414905667305,-0.009823244996368885,-0.13437622785568237]},{"R":[[0.9924767017364502,0.0023894719779491425,0.1224101111292839],[-0.004478856921195984,0.9998489022254944,0.016796408221125603],[-0.12235148251056671,-0.017218302935361862,0.9923374652862549]],"file_name":"/home/jonas/Downloads/freiburg/rgbd_dataset_freiburg2_360_hemisphere/rgb/1311874906.322616.png","t":[0.16688640415668488,-0.009985537268221378,-0.13840895891189575]},{"R":[[0.9895864129066467,0.007482536602765322,0.1437452882528305],[-0.009332075715065002,0.9998820424079895,0.012196862138807774],[-0.14363707602024078,-0.013411290943622589,0.9895395636558533]],"file_name":"/home/jonas/Downloads/freiburg/rgbd_dataset_freiburg2_360_hemisphere/rgb/1311874906.354893.png","t":[0.15642723441123962,-0.009271257556974888,-0.13681714236736298]},{"R":[[0.9867874383926392,0.010910754092037678,0.16165247559547424],[-0.01263432577252388,0.9998737573623657,0.009638062678277493],[-0.1615269035100937,-0.011553089134395123,0.9868006706237793]],"file_name":"/home/jonas/Downloads/freiburg/rgbd_dataset_freiburg2_360_hemisphere/rgb/1311874906.386638.png","t":[0.1498517394065857,-0.009923797100782394,-0.13995470106601715]},{"R":[[0.9844515323638916,0.01189002487808466,0.17525358498096466],[-0.013782556168735027,0.999859094619751,0.009585595689713955],[-0.17511491477489471,-0.01185199711471796,0.9844766855239868]],"file_name":"/home/jonas/Downloads/freiburg/rgbd_dataset_freiburg2_360_hemisphere/rgb/1311874906.422681.png","t":[0.14781512320041656,-0.009435025043785572,-0.14477954804897308]},{"R":[[0.9828366041183472,0.009505554102361202,0.18423323333263397],[-0.011172192171216011,0.999905526638031,0.008010410703718662],[-0.184139683842659,-0.009931214153766632,0.9828498959541321]],"file_name":"/home/jonas/Downloads/freiburg/rgbd_dataset_freiburg2_360_hemisphere/rgb/1311874906.454670.png","t":[0.1502283662557602,-0.005538666620850563,-0.1442347764968872]},{"R":[[0.9811849594116211,0.009023659862577915,0.1928592175245285],[-0.01118431892246008,0.9998862743377686,0.010117492638528347],[-0.19274598360061646,-0.012084131129086018,0.9811742901802063]],"file_name":"/home/jonas/Downloads/freiburg/rgbd_dataset_freiburg2_360_hemisphere/rgb/1311874906.486778.png","t":[0.15084972977638245,-0.004746427293866873,-0.14828573167324066]},{"R":[[0.9795355200767517,0.009130233898758888,0.20106403529644012],[-0.01250274758785963,0.999801516532898,0.015509803779423237],[-0.20088252425193787,-0.017706256359815598,0.979455292224884]],"file_name":"/home/jonas/Downloads/freiburg/rgbd_dataset_freiburg2_360_hemisphere/rgb/1311874906.522738.png","t":[0.1527436375617981,-0.006695636082440615,-0.1565740555524826]},{"R":[[0.9773788452148438,0.009753452613949776,0.2112709879875183],[-0.014087287709116936,0.9997199177742004,0.019017737358808517],[-0.21102632582187653,-0.02156377024948597,0.9772424697875977]],"file_name":"/home/jonas/Downloads/freiburg/rgbd_dataset_freiburg2_360_hemisphere/rgb/1311874906.554794.png","t":[0.1523338407278061,-0.003999606240540743,-0.16042253375053406]},{"R":[[0.9772374033927917,0.008011273108422756,0.21199722588062286],[-0.015590465627610683,0.9992966651916504,0.03410397842526436],[-0.21157491207122803,-0.03663281723856926,0.9766750335693359]],"file_name":"/home/jonas/Downloads/freiburg/rgbd_dataset_freiburg2_360_hemisphere/rgb/1311874906.586655.png","t":[0.16049699485301971,-0.0049778372049331665,-0.17291630804538727]},{"R":[[0.9756290316581726,0.0053614163771271706,0.21936103701591492],[-0.017783069983124733,0.9983449578285217,0.05469128489494324],[-0.21870476007461548,-0.057259317487478256,0.9741096496582031]],"file_name":"/home/jonas/Downloads/freiburg/rgbd_dataset_freiburg2_360_hemisphere/rgb/1311874906.622675.png","t":[0.16713427007198334,-0.00463489256799221,-0.1768307387828827]},{"R":[[0.9724233150482178,-0.00012896179396193475,0.23322276771068573],[-0.01670333556830883,0.9973933696746826,0.07019614428281784],[-0.232623890042305,-0.07215596735477448,0.9698864221572876]],"file_name":"/home/jonas/Downloads/freiburg/rgbd_dataset_freiburg2_360_hemisphere/rgb/1311874906.654651.png","t":[0.16978120803833008,0.001481058425270021,-0.1833256483078003]},{"R":[[0.9706723690032959,-0.004279344342648983,0.2403680980205536],[-0.01791420765221119,0.9957742691040039,0.09007055312395096],[-0.23973780870437622,-0.09173499792814255,0.9664939045906067]],"file_name":"/home/jonas/Downloads/freiburg/rgbd_dataset_freiburg2_360_hemisphere/rgb/1311874906.686767.png","t":[0.1743011772632599,-0.0029830671846866608,-0.19275586307048798]},{"R":[[0.969516932964325,-0.006829367019236088,0.24492910504341125],[-0.018968595191836357,0.9945196509361267,0.10281471163034439],[-0.24428896605968475,-0.10432656109333038,0.9640740752220154]],"file_name":"/home/jonas/Downloads/freiburg/rgbd_dataset_freiburg2_360_hemisphere/rgb/1311874906.722743.png","t":[0.17753148078918457,-0.0006692165043205023,-0.20361562073230743]},{"R":[[0.9673117995262146,-0.010556827299296856,0.25337010622024536],[-0.01898260787129402,0.993315577507019,0.11385858058929443],[-0.25287848711013794,-0.1149463802576065,0.9606454968452454]],"file_name":"/home/jonas/Downloads/freiburg/rgbd_dataset_freiburg2_360_hemisphere/rgb/1311874906.754792.png","t":[0.1782727837562561,0.004289368633180857,-0.2084103375673294]},{"R":[[0.9608932733535767,-0.014152266085147858,0.276557058095932],[-0.02213336154818535,0.9915730953216553,0.12764383852481842],[-0.2760329842567444,-0.12877324223518372,0.9524827003479004]],"file_name":"/home/jonas/Downloads/freiburg/rgbd_dataset_freiburg2_360_hemisphere/rgb/1311874906.790649.png","t":[0.16831399500370026,0.0052282302640378475,-0.19678707420825958]},{"R":[[0.955582857131958,-0.016874440014362335,0.29423919320106506],[-0.025778844952583313,0.9897475838661194,0.1404818296432495],[-0.29359307885169983,-0.14182716608047485,0.9453508257865906]],"file_name":"/home/jonas/Downloads/freiburg/rgbd_dataset_freiburg2_360_hemisphere/rgb/1311874906.822768.png","t":[0.1594027280807495,0.0073151844553649426,-0.19195622205734253]},{"R":[[0.95097416639328,-0.01868360862135887,0.30870547890663147],[-0.03438619151711464,0.9855970144271851,0.16557817161083221],[-0.30735281109809875,-0.16807577013969421,0.9366348385810852]],"file_name":"/home/jonas/Downloads/freiburg/rgbd_dataset_freiburg2_360_hemisphere/rgb/1311874906.854740.png","t":[0.15126153826713562,-0.002947489731013775,-0.18890663981437683]},{"R":[[0.9475752711296082,-0.015380832366645336,0.3191623091697693],[-0.04543570801615715,0.9822056293487549,0.18222983181476593],[-0.3162858486175537,-0.1871778517961502,0.9300149083137512]],"file_name":"/home/jonas/Downloads/freiburg/rgbd_dataset_freiburg2_360_hemisphere/rgb/1311874906.890686.png","t":[0.14727498590946198,-0.0112829664722085,-0.19317910075187683]},{"R":[[0.9451788067817688,-0.019725028425455093,0.32595697045326233],[-0.04417316988110542,0.9812765121459961,0.18747031688690186],[-0.3235517740249634,-0.1915915161371231,0.9266104698181152]],"file_name":"/home/jonas/Downloads/freiburg/rgbd_dataset_freiburg2_360_hemisphere/rgb/1311874906.922682.png","t":[0.14420177042484283,-0.0059135002084076405,-0.19346122443675995]},{"R":[[0.9438270926475525,-0.018251614645123482,0.329935222864151],[-0.05183011293411255,0.9779374599456787,0.20236580073833466],[-0.32634949684143066,-0.20809891819953918,0.9220579266548157]],"file_name":"/home/jonas/Downloads/freiburg/rgbd_dataset_freiburg2_360_hemisphere/rgb/1311874906.954572.png","t":[0.14130821824073792,-0.0070341224782168865,-0.18777012825012207]},{"R":[[0.9423097372055054,-0.01598992384970188,0.3343600630760193],[-0.06130862981081009,0.9737183451652527,0.21934856474399567],[-0.32907992601394653,-0.2271934598684311,0.9165639877319336]],"file_name":"/home/jonas/Downloads/freiburg/rgbd_dataset_freiburg2_360_hemisphere/rgb/1311874906.990712.png","t":[0.13927491009235382,-0.011953230947256088,-0.18708392977714539]},{"R":[[0.9397830367088318,-0.01783403754234314,0.3413059413433075],[-0.0660712718963623,0.9703189134597778,0.23262813687324524],[-0.3353242874145508,-0.2411704957485199,0.9107109308242798]],"file_name":"/home/jonas/Downloads/freiburg/rgbd_dataset_freiburg2_360_hemisphere/rgb/1311874907.022662.png","t":[0.13771887123584747,-0.014612431637942791,-0.18778003752231598]},{"R":[[0.9361912608146667,-0.020821379497647285,0.3508736789226532],[-0.07110278308391571,0.9663876295089722,0.2470613569021225],[-0.34422415494918823,-0.2562447786331177,0.9032432436943054]],"file_name":"/home/jonas/Downloads/freiburg/rgbd_dataset_freiburg2_360_hemisphere/rgb/1311874907.054752.png","t":[0.13352066278457642,-0.016585001721978188,-0.1825721263885498]},{"R":[[0.9346287250518799,-0.019594838842749596,0.35508474707603455],[-0.07842782139778137,0.9625402092933655,0.25954851508140564],[-0.34686917066574097,-0.2704300284385681,0.8980809450149536]],"file_name":"/home/jonas/Downloads/freiburg/rgbd_dataset_freiburg2_360_hemisphere/rgb/1311874907.090752.png","t":[0.1328427642583847,-0.01961694285273552,-0.18165689706802368]},{"R":[[0.9308679699897766,-0.023044031113386154,0.36462828516960144],[-0.080068439245224,0.9608811140060425,0.2651349902153015],[-0.35647422075271606,-0.27600088715553284,0.8926083445549011]],"file_name":"/home/jonas/Downloads/freiburg/rgbd_dataset_freiburg2_360_hemisphere/rgb/1311874907.122679.png","t":[0.12895770370960236,-0.01605829782783985,-0.17399048805236816]},{"R":[[0.9275185465812683,-0.020539691671729088,0.37321239709854126],[-0.0858420580625534,0.9600945711135864,0.26617589592933655],[-0.36378633975982666,-0.27892041206359863,0.8887423276901245]],"file_name":"/home/jonas/Downloads/freiburg/rgbd_dataset_freiburg2_360_hemisphere/rgb/1311874907.154788.png","t":[0.12529726326465607,-0.011930815875530243,-0.1661183387041092]},{"R":[[0.9283097386360168,-0.02074694074690342,0.3712284564971924],[-0.08821316808462143,0.9576441645622253,0.27410972118377686],[-0.36119168996810913,-0.2872059941291809,0.8871602416038513]],"file_name":"/home/jonas/Downloads/freiburg/rgbd_dataset_freiburg2_360_hemisphere/rgb/1311874907.190615.png","t":[0.12751999497413635,-0.015095104463398457,-0.1690412312746048]},{"R":[[0.9278649091720581,-0.019998151808977127,0.372379869222641],[-0.09367531538009644,0.9540442824363708,0.28464794158935547],[-0.36095932126045227,-0.2989976406097412,0.8833509087562561]],"file_name":"/home/jonas/Downloads/freiburg/rgbd_dataset_freiburg2_360_hemisphere/rgb/1311874907.222674.png","t":[0.1273888498544693,-0.01964079588651657,-0.16775822639465332]},{"R":[[0.9273993968963623,-0.023194503039121628,0.3733528256416321],[-0.09462697058916092,0.9510676860809326,0.294136106967926],[-0.36190614104270935,-0.30811089277267456,0.8798247575759888]],"file_name":"/home/jonas/Downloads/freiburg/rgbd_dataset_freiburg2_360_hemisphere/rgb/1311874907.254677.png","t":[0.12892132997512817,-0.01977049559354782,-0.17336377501487732]},{"R":[[0.9255161881446838,-0.025565212592482567,0.37784409523010254],[-0.09821188449859619,0.9473817944526672,0.30466723442077637],[-0.3657515048980713,-0.31908324360847473,0.8743064403533936]],"file_name":"/home/jonas/Downloads/freiburg/rgbd_dataset_freiburg2_360_hemisphere/rgb/1311874907.290698.png","t":[0.12668342888355255,-0.018427152186632156,-0.16956336796283722]},{"R":[[0.9260476231575012,-0.023808568716049194,0.3766549527645111],[-0.10440225899219513,0.942901611328125,0.31628578901290894],[-0.3626788556575775,-0.33221933245658875,0.8706861138343811]],"file_name":"/home/jonas/Downloads/freiburg/rgbd_dataset_freiburg2_360_hemisphere/rgb/1311874907.322636.png","t":[0.12908509373664856,-0.022839481011033058,-0.1693061739206314]},{"R":[[0.9281487464904785,-0.01974756084382534,0.3716852068901062],[-0.10862760245800018,0.940747082233429,0.3212396800518036],[-0.3560054898262024,-0.338533490896225,0.8710081577301025]],"file_name":"/home/jonas/Downloads/freiburg/rgbd_dataset_freiburg2_360_hemisphere/rgb/1311874907.354740.png","t":[0.13373617827892303,-0.02646453119814396,-0.18060384690761566]},{"R":[[0.9268757104873657,-0.015586260706186295,0.37504467368125916],[-0.11584485322237015,0.9384887218475342,0.3252980709075928],[-0.35704538226127625,-0.3449578881263733,0.8680568337440491]],"file_name":"/home/jonas/Downloads/freiburg/rgbd_dataset_freiburg2_360_hemisphere/rgb/1311874907.390686.png","t":[0.13373391330242157,-0.02598184160888195,-0.1803922802209854]},{"R":[[0.9241881966590881,-0.012700979597866535,0.3817262053489685],[-0.12288627028465271,0.9364146590232849,0.3286738395690918],[-0.3616285026073456,-0.3506653904914856,0.8638626337051392]],"file_name":"/home/jonas/Downloads/freiburg/rgbd_dataset_freiburg2_360_hemisphere/rgb/1311874907.422758.png","t":[0.13133114576339722,-0.022149791941046715,-0.17266027629375458]},{"R":[[0.9209293127059937,-0.004720103461295366,0.3897010385990143],[-0.13769960403442383,0.931492805480957,0.3366897404193878],[-0.36459290981292725,-0.3637291193008423,0.8571890592575073]],"file_name":"/home/jonas/Downloads/freiburg/rgbd_dataset_freiburg2_360_hemisphere/rgb/1311874907.454784.png","t":[0.129604771733284,-0.0273938849568367,-0.1695433109998703]},{"R":[[0.9179735779762268,-0.003822406753897667,0.39662307500839233],[-0.14588680863380432,0.9266058802604675,0.34658122062683105],[-0.3688380718231201,-0.37601447105407715,0.8500421047210693]],"file_name":"/home/jonas/Downloads/freiburg/rgbd_dataset_freiburg2_360_hemisphere/rgb/1311874907.490700.png","t":[0.12855830788612366,-0.03320544585585594,-0.169335275888443]},{"R":[[0.9146174788475037,-0.0008809503633528948,0.40431922674179077],[-0.15320003032684326,0.9246771931648254,0.34857118129730225],[-0.3741718530654907,-0.38075101375579834,0.8455909490585327]],"file_name":"/home/jonas/Downloads/freiburg/rgbd_dataset_freiburg2_360_hemisphere/rgb/1311874907.522784.png","t":[0.12734352052211761,-0.03295915201306343,-0.16742034256458282]},{"R":[[0.9115965962409973,0.0023682371247559786,0.41107916831970215],[-0.16124752163887024,0.9219043254852295,0.35226646065711975],[-0.3781414031982422,-0.38741040229797363,0.8407866954803467]],"file_name":"/home/jonas/Downloads/freiburg/rgbd_dataset_freiburg2_360_hemisphere/rgb/1311874907.554782.png","t":[0.1261928677558899,-0.03494824841618538,-0.16777056455612183]},{"R":[[0.9072308540344238,0.005976486951112747,0.4205905497074127],[-0.17089778184890747,0.9188903570175171,0.3555762469768524],[-0.3843514919281006,-0.3944677412509918,0.8346670866012573]],"file_name":"/home/jonas/Downloads/freiburg/rgbd_dataset_freiburg2_360_hemisphere/rgb/1311874907.590698.png","t":[0.12453611940145493,-0.03714227303862572,-0.16851936280727386]},{"R":[[0.9028988480567932,0.007342656143009663,0.4297903776168823],[-0.1785047948360443,0.9159705638885498,0.3593522012233734],[-0.391036719083786,-0.4011783301830292,0.8283394575119019]],"file_name":"/home/jonas/Downloads/freiburg/rgbd_dataset_freiburg2_360_hemisphere/rgb/1311874907.622708.png","t":[0.12305992841720581,-0.03908747434616089,-0.1690625101327896]},{"R":[[0.8978175520896912,0.007733835838735104,0.44029971957206726],[-0.18625077605247498,0.912684977054596,0.36375367641448975],[-0.3990417420864105,-0.4085906147956848,0.8208650350570679]],"file_name":"/home/jonas/Downloads/freiburg/rgbd_dataset_freiburg2_360_hemisphere/rgb/1311874907.654810.png","t":[0.12088321894407272,-0.04100123047828674,-0.17033420503139496]},{"R":[[0.892155647277832,0.014253131113946438,0.451503187417984],[-0.20075975358486176,0.9078799486160278,0.36803463101387024],[-0.4046650528907776,-0.41898784041404724,0.812831699848175]],"file_name":"/home/jonas/Downloads/freiburg/rgbd_dataset_freiburg2_360_hemisphere/rgb/1311874907.690546.png","t":[0.1210700199007988,-0.04573027789592743,-0.16861829161643982]},{"R":[[0.8858398795127869,0.018034130334854126,0.4636405110359192],[-0.21506044268608093,0.9013851881027222,0.3758373260498047],[-0.4111407995223999,-0.4326424300670624,0.8023613691329956]],"file_name":"/home/jonas/Downloads/freiburg/rgbd_dataset_freiburg2_360_hemisphere/rgb/1311874907.722622.png","t":[0.12182260304689407,-0.05298656225204468,-0.16377370059490204]},{"R":[[0.8777862191200256,0.02283262275159359,0.4785080850124359],[-0.22837212681770325,0.8980026245117188,0.3760817348957062],[-0.42111456394195557,-0.43939727544784546,0.7934686541557312]],"file_name":"/home/jonas/Downloads/freiburg/rgbd_dataset_freiburg2_360_hemisphere/rgb/1311874907.754783.png","t":[0.11893730610609055,-0.055509842932224274,-0.1649714559316635]},{"R":[[0.8680780529975891,0.02850363217294216,0.49560874700546265],[-0.24227184057235718,0.8957114815711975,0.37283408641815186],[-0.433295339345932,-0.44372111558914185,0.7844531536102295]],"file_name":"/home/jonas/Downloads/freiburg/rgbd_dataset_freiburg2_360_hemisphere/rgb/1311874907.790749.png","t":[0.11576277762651443,-0.05796367675065994,-0.16574320197105408]},{"R":[[0.8616553544998169,0.02316814847290516,0.5069647431373596],[-0.24501727521419525,0.893809974193573,0.37559327483177185],[-0.44442832469940186,-0.44784706830978394,0.7758327722549438]],"file_name":"/home/jonas/Downloads/freiburg/rgbd_dataset_freiburg2_360_hemisphere/rgb/1311874907.822617.png","t":[0.11530520766973495,-0.061070360243320465,-0.16721336543560028]},{"R":[[0.8570666313171387,0.023713527247309685,0.5146595239639282],[-0.25244447588920593,0.8901346325874329,0.3793838322162628],[-0.44911977648735046,-0.45508018136024475,0.7688910365104675]],"file_name":"/home/jonas/Downloads/freiburg/rgbd_dataset_freiburg2_360_hemisphere/rgb/1311874907.854562.png","t":[0.11738817393779755,-0.06785851716995239,-0.1686580628156662]},{"R":[[0.8504142761230469,0.021788984537124634,0.5256621837615967],[-0.2580355703830719,0.8879920840263367,0.3806411921977997],[-0.4584900736808777,-0.45934227108955383,0.7607834935188293]],"file_name":"/home/jonas/Downloads/freiburg/rgbd_dataset_freiburg2_360_hemisphere/rgb/1311874907.890625.png","t":[0.11644306778907776,-0.07364995032548904,-0.17257648706436157]},{"R":[[0.8433541059494019,0.020453132688999176,0.5369688272476196],[-0.2640611529350281,0.8860735893249512,0.3809794485569],[-0.46800166368484497,-0.46309319138526917,0.7526746392250061]],"file_name":"/home/jonas/Downloads/freiburg/rgbd_dataset_freiburg2_360_hemisphere/rgb/1311874907.922718.png","t":[0.11444724351167679,-0.07932630181312561,-0.18126332759857178]},{"R":[[0.8336949944496155,0.017929742112755775,0.5519340634346008],[-0.2695985436439514,0.8854843974113464,0.37846270203590393],[-0.481943279504776,-0.4643230736255646,0.7430577278137207]],"file_na