0 1 0 0 -0 0 1 0 -0 0 0 1 -0
1 1 0 0 -0 0 1 0 -0 0 0 1 -0
2 1 0 0 -0 0 1 0 -0 0 0 1 -0
3 1 0 0 -0 0 1 0 -0 0 0 1 -0
4 1 0 0 -0 0 1 0 -0 0 0 1 -0
5 1 0 0 -0 0 1 0 -0 0 0 1 -0
6 1 0 0 -0 0 1 0 -0 0 0 1 -0
7 1 0 0 -0 0 1 0 -0 0 0 1 -0
8 1 0 0 -0 0 1 0 -0 0 0 1 -0
9 1 0 0 -0 0 1 0 -0 0 0 1 -0
10 1 0 0 -0 0 1 0 -0 0 0 1 -0
11 1 0 0 -0 0 1 0 -0 0 0 1 -0
12 1 0 0 -0 0 1 0 -0 0 0 1 -0
13 1 0 0 -0 0 1 0 -0 0 0 1 -0
14 1 0 0 -0 0 1 0 -0 0 0 1 -0
15 1 0 0 -0 0 1 0 -0 0 0 1 -0
16 1 0 0 -0 0 1 0 -0 0 0 1 -0
17 1 0 0 -0 0 1 0 -0 0 0 1 -0
18 1 0 0 -0 0 1 0 -0 0 0 1 -0
19 1 0 0 -0 0 1 0 -0 0 0 1 -0
20 1 0 0 -0 0 1 0 -0 0 0 1 -0
21 1 0 0 -0 0 1 0 -0 0 0 1 -0
22 1 0 0 -0 0 1 0 -0 0 0 1 -0
23 1 0 0 -0 0 1 0 -0 0 0 1 -0
24 1 0 0 -0 0 1 0 -0 0 0 1 -0
25 1 0 0 -0 0 1 0 -0 0 0 1 -0
26 1 0 0 -0 0 1 0 -0 0 0 1 -0
27 1 0 0 -0 0 1 0 -0 0 0 1 -0
28 1 0 0 -0 0 1 0 -0 0 0 1 -0
29 1 0 0 -0 0 1 0 -0 0 0 1 -0
30 1 0 0 -0 0 1 0 -0 0 0 1 -0
31 1 0 0 -0 0 1 0 -0 0 0 1 -0
32 1 0 0 -0 0 1 0 -0 0 0 1 -0
33 1 0 0 -0 0 1 0 -0 0 0 1 -0
34 1 0 0 -0 0 1 0 -0 0 0 1 -0
35 1 0 0 -0 0 1 0 -0 0 0 1 -0
36 1 0 0 -0 0 1 0 -0 0 0 1 -0
37 1 0 0 -0 0 1 0 -0 0 0 1 -0
38 1 0 0 -0 0 1 0 -0 0 0 1 -0
39 1 0 0 -0 0 1 0 -0 0 0 1 -0
40 1 0 0 -0 0 1 0 -0 0 0 1 -0
41 1 0 0 -0 0 1 0 -0 0 0 1 -0
42 1 0 0 -0 0 1 0 -0 0 0 1 -0
43 1 0 0 -0 0 1 0 -0 0 0 1 -0
44 1 0 0 -0 0 1 0 -0 0 0 1 -0
45 1 0 0 -0 0 1 0 -0 0 0 1 -0
46 1 0 0 -0 0 1 0 -0 0 0 1 -0
47 1 0 0 -0 0 1 0 -0 0 0 1 -0
48 1 0 0 -0 0 1 0 -0 0 0 1 -0
49 1 0 0 -0 0 1 0 -0 0 0 1 -0
50 1 0 0 -0 0 1 0 -0 0 0 1 -0
51 1 0 0 -0 0 1 0 -0 0 0 1 -0
52 1 0 0 -0 0 1 0 -0 0 0 1 -0
53 1 0 0 -0 0 1 0 -0 0 0 1 -0
54 1 0 0 -0 0 1 0 -0 0 0 1 -0
55 1 0 0 -0 0 1 0 -0 0 0 1 -0
56 1 0 0 -0 0 1 0 -0 0 0 1 -0
57 1 0 0 -0 0 1 0 -0 0 0 1 -0
58 1 0 0 -0 0 1 0 -0 0 0 1 -0
59 1 0 0 -0 0 1 0 -0 0 0 1 -0
60 1 0 0 -0 0 1 0 -0 0 0 1 -0
61 0.999461 0.0313121 0.00984923 -0.0810299 -0.0317485 0.998352 0.0478089 -0.0498184 -0.00833599 -0.0480958 0.998808 0.048631
62 0.999683 0.0222434 0.0118312 -0.0827859 -0.0227667 0.998677 0.0461032 -0.047768 -0.0107901 -0.046358 0.998867 0.050691
63 0.997695 0.025283 0.0629658 -0.146722 -0.0312291 0.994957 0.0953153 -0.102297 -0.0602384 -0.097062 0.993454 0.013616
64 0.99784 0.0238457 0.0612025 -0.148155 -0.0293839 0.995395 0.0912481 -0.100073 -0.0587448 -0.0928494 0.993946 0.0157945
65 0.997718 0.0272334 0.061783 -0.151475 -0.0327432 0.995404 0.0899974 -0.101194 -0.0590481 -0.091815 0.994024 0.0176458
66 0.997888 0.0288551 0.058191 -0.151115 -0.0338706 0.995621 0.0871321 -0.100415 -0.055422 -0.0889191 0.994496 0.0188774
67 0.997956 0.0288673 0.0570181 -0.154182 -0.0335704 0.995957 0.0833275 -0.0979929 -0.0543821 -0.0850713 0.99489 0.0197503
68 0.998248 0.0285684 0.0518242 -0.153431 -0.0328163 0.996004 0.0830619 -0.0979561 -0.0492442 -0.084617 0.995196 0.020025
69 0.994785 0.0202223 0.099974 -0.198472 -0.0232318 0.999309 0.0290307 -0.0417641 -0.0993178 -0.0312019 0.994566 0.103601
70 0.995146 0.0174282 0.0968587 -0.198433 -0.0201848 0.999417 0.0275531 -0.0394683 -0.096322 -0.0293744 0.994917 0.104779
71 0.995517 0.0155532 0.0932952 -0.199885 -0.0182979 0.999422 0.0286365 -0.0398318 -0.0927959 -0.0302152 0.995227 0.107243
72 0.995656 0.0119861 0.0923356 -0.205168 -0.0135139 0.999782 0.0159386 -0.0289085 -0.0921244 -0.0171172 0.9956 0.116863
73 0.996188 0.00864031 0.0867979 -0.206517 -0.00832823 0.999958 -0.00395701 -0.00969507 -0.0868284 0.00321905 0.996218 0.131188
74 0.997135 0.00680812 0.0753405 -0.202786 -0.00546085 0.999822 -0.018074 0.00529893 -0.0754501 0.0176108 0.996994 0.133277
75 0.997639 0.00601214 0.0684124 -0.203833 -0.00488324 0.999849 -0.0166566 0.00590428 -0.0685022 0.0162832 0.997518 0.134903
76 0.999046 0.00385932 0.0435026 -0.190379 -0.00316815 0.999868 -0.0159457 0.00833571 -0.0435584 0.0157926 0.998926 0.118326
77 0.999234 0.00537068 0.0387584 -0.192792 -0.00461774 0.999799 -0.0194899 0.0110386 -0.0388553 0.019296 0.999059 0.128909
78 0.999576 0.00760062 0.0281138 -0.193554 -0.00698082 0.999732 -0.0220791 0.0121186 -0.028274 0.0218734 0.999361 0.130895
79 0.999915 0.00741912 0.0107275 -0.18961 -0.00714424 0.999651 -0.0254391 0.015624 -0.0109125 0.0253602 0.999619 0.122617
80 0.999981 0.00585207 -0.00207964 -0.188113 -0.00590796 0.999591 -0.0279698 0.0180825 0.00191511 0.0279815 0.999607 0.124653
81 0.999895 0.00430776 -0.013845 -0.188965 -0.00470625 0.999572 -0.0288791 0.0186877 0.0137147 0.0289412 0.999487 0.126786
82 0.999466 0.00255552 -0.0325795 -0.184207 -0.00345328 0.999615 -0.0275295 0.0179677 0.0324966 0.0276273 0.99909 0.118892
83 0.9985 0.0010284 -0.054736 -0.174287 -0.00258677 0.999593 -0.0284074 0.0180452 0.0546845 0.0285064 0.998097 0.104516
84 0.997858 -0.00106608 -0.065407 -0.175145 -0.000973152 0.999515 -0.0311378 0.0194651 0.0654085 0.0311348 0.997373 0.105892
85 0.997024 -0.0026166 -0.0770529 -0.174355 0.000420666 0.999594 -0.0285015 0.0175498 0.0770962 0.0283843 0.99662 0.106763
86 0.996197 -0.00510605 -0.086981 -0.174784 0.00261607 0.999584 -0.0287167 0.0170228 0.0870915 0.0283799 0.995796 0.109035
87 0.995313 -0.00499541 -0.0965758 -0.176424 0.00240806 0.999636 -0.0268888 0.0136161 0.0966749 0.0265302 0.994962 0.109829
88 0.994327 -0.00296223 -0.106322 -0.177019 0.000182785 0.999658 -0.026142 0.0134644 0.106363 0.0259743 0.993988 0.11212
89 0.99391 -0.00187405 -0.110175 -0.182213 -0.000225863 0.999819 -0.0190442 0.00730041 0.110191 0.0189531 0.99373 0.115162
90 0.992477 -0.00447886 -0.122351 -0.18261 0.00238947 0.999849 -0.0172183 0.00720209 0.12241 0.0167964 0.992337 0.117088
91 0.989586 -0.00933208 -0.143637 -0.174537 0.00748254 0.999882 -0.0134113 0.0062648 0.143745 0.0121969 0.98954 0.113013
92 0.986787 -0.0126343 -0.161527 -0.170604 0.0109108 0.999874 -0.0115531 0.00667064 0.161652 0.00963806 0.986801 0.113979
93 0.984452 -0.0137826 -0.175115 -0.171 0.01189 0.999859 -0.011852 0.00596024 0.175254 0.0095856 0.984477 0.116717
94 0.982837 -0.0111722 -0.18414 -0.174271 0.00950555 0.999906 -0.00993121 0.00267771 0.184233 0.00801041 0.98285 0.114128
95 0.981185 -0.0111843 -0.192746 -0.176646 0.00902366 0.999886 -0.0120841 0.00159277 0.192859 0.0101175 0.981174 0.116449
96 0.979536 -0.0125027 -0.200883 -0.181155 0.00913023 0.999802 -0.0177063 0.00252738 0.201064 0.0155098 0.979455 0.12275
97 0.977379 -0.0140873 -0.211026 -0.182798 0.00975345 0.99972 -0.0215638 -0.00094661 0.211271 0.0190177 0.977242 0.124664
98 0.977237 -0.0155905 -0.211575 -0.193506 0.00801127 0.999297 -0.0366328 -0.00264586 0.211997 0.034104 0.976675 0.135028
99 0.975629 -0.0177831 -0.218705 -0.201817 0.00536142 0.998345 -0.0572593 -0.00639406 0.219361 0.0546913 0.97411 0.135843
100 0.972423 -0.0167033 -0.232624 -0.20772 -0.000128962 0.997393 -0.072156 -0.0146833 0.233223 0.0701961 0.969886 0.138104
101 0.970672 -0.0179142 -0.239738 -0.215454 -0.00427934 0.995774 -0.091735 -0.0139661 0.240368 0.0900706 0.966494 0.14467
102 0.969517 -0.0189686 -0.244289 -0.221874 -0.00682937 0.99452 -0.104327 -0.0193645 0.244929 0.102815 0.964074 0.152887
103 0.967312 -0.0189826 -0.252878 -0.225066 -0.0105568 0.993316 -0.114946 -0.0263347 0.25337 0.113859 0.960645 0.154551
104 0.960893 -0.0221334 -0.276033 -0.215936 -0.0141523 0.991573 -0.128773 -0.0281431 0.276557 0.127644 0.952483 0.140221
105 0.955583 -0.0257788 -0.293593 -0.208491 -0.0168744 0.989748 -0.141827 -0.031775 0.294239 0.140482 0.945351 0.133536
106 0.950974 -0.0343862 -0.307353 -0.202008 -0.0186836 0.985597 -0.168076 -0.0260195 0.308705 0.165578 0.936635 0.130729
107 0.947575 -0.0454357 -0.316286 -0.201167 -0.0153808 0.982206 -0.187178 -0.0228114 0.319162 0.18223 0.930015 0.134711
108 0.945179 -0.0441732 -0.323552 -0.199152 -0.019725 0.981277 -0.191592 -0.0284184 0.325957 0.18747 0.92661 0.133368
109 0.943827 -0.0518301 -0.326349 -0.195014 -0.0182516 0.977937 -0.208099 -0.0296167 0.329935 0.202366 0.922058 0.127936
110 0.94231 -0.0613086 -0.32908 -0.193539 -0.0159899 0.973718 -0.227193 -0.0286382 0.33436 0.219349 0.916564 0.127528
111 0.939783 -0.0660713 -0.335324 -0.193359 -0.017834 0.970319 -0.24117 -0.0286522 0.341306 0.232628 0.910711 0.127408
112 0.936191 -0.0711028 -0.344224 -0.189026 -0.0208214 0.966388 -0.256245 -0.0279755 0.350874 0.247061 0.903243 0.122156
113 0.934629 -0.0784278 -0.346869 -0.188708 -0.0195948 0.96254 -0.27043 -0.0276404 0.355085 0.259549 0.898081 0.121064
114 0.930868 -0.0800684 -0.356474 -0.183351 -0.023044 0.960881 -0.276001 -0.0296197 0.364628 0.265135 0.892608 0.112541
115 0.927519 -0.0858421 -0.363786 -0.177671 -0.0205397 0.960095 -0.27892 -0.0323055 0.373212 0.266176 0.888742 0.10405
116 0.92831 -0.0882132 -0.361192 -0.180766 -0.0207469 0.957644 -0.287206 -0.0314483 0.371228 0.27411 0.88716 0.106765
117 0.927865 -0.0936753 -0.360959 -0.180593 -0.0199982 0.954044 -0.298998 -0.0288736 0.37238 0.284648 0.883351 0.106343
118 0.927399 -0.094627 -0.361906 -0.184174 -0.0231945 0.951068 -0.308111 -0.0316219 0.373353 0.294136 0.879825 0.110212
119 0.925516 -0.0982119 -0.365752 -0.181075 -0.0255652 0.947382 -0.319083 -0.0334086 0.377844 0.304667 0.874306 0.105998
120 0.926048 -0.104402 -0.362679 -0.183327 -0.0238086 0.942902 -0.332219 -0.0316381 0.376655 0.316286 0.870686 0.106016
121 0.928149 -0.108628 -0.356005 -0.191298 -0.0197476 0.940747 -0.338533 -0.0336031 0.371685 0.32124 0.871008 0.116101
122 0.926876 -0.115845 -0.357045 -0.191373 -0.0155863 0.938489 -0.344958 -0.0357597 0.375045 0.325298 0.868057 0.114886
123 0.924188 -0.122886 -0.361629 -0.186535 -0.012701 0.936415 -0.350665 -0.0381366 0.381726 0.328674 0.863863 0.106302
124 0.920929 -0.1377 -0.364593 -0.184943 -0.0047201 0.931493 -0.363729 -0.0355389 0.389701 0.33669 0.857189 0.104047
125 0.917974 -0.145887 -0.368838 -0.185315 -0.00382241 0.926606 -0.376014 -0.0324128 0.396623 0.346581 0.850042 0.104461
126 0.914617 -0.1532 -0.374172 -0.184164 -0.00088095 0.924677 -0.380751 -0.0331567 0.404319 0.348571 0.845591 0.10157
127 0.911597 -0.161248 -0.378141 -0.184113 0.00236824 0.921904 -0.38741 -0.033076 0.411079 0.352266 0.840787 0.101495
128 0.907231 -0.170898 -0.384351 -0.184101 0.00597649 0.91889 -0.394468 -0.0330901 0.420591 0.355576 0.834667 0.101486
129 0.902899 -0.178505 -0.391037 -0.184198 0.00734266 0.915971 -0.401178 -0.0329248 0.42979 0.359352 0.828339 0.101197
130 0.897818 -0.186251 -0.399042 -0.184138 0.00773384 0.912685 -0.408591 -0.0331106 0.4403 0.363754 0.820865 0.101511
131 0.892156 -0.20076 -0.404665 -0.185428 0.0142531 0.90788 -0.418988 -0.030857 0.451503 0.368035 0.812832 0.0992251
132 0.88584 -0.21506 -0.411141 -0.186645 0.0180341 0.901385 -0.432642 -0.0252911 0.463641 0.375837 0.802361 0.0948381
133 0.877786 -0.228372 -0.421115 -0.18655 0.0228326 0.898003 -0.439397 -0.0253557 0.478508 0.376082 0.793469 0.0948635
134 0.868078 -0.242272 -0.433295 -0.18635 0.0285036 0.895711 -0.443721 -0.0249247 0.495609 0.372834 0.784453 0.0942556
135 0.861655 -0.245017 -0.444428 -0.188631 0.0231681 0.89381 -0.447847 -0.0229721 0.506965 0.375593 0.775833 0.0942116
136 0.857067 -0.252444 -0.44912 -0.193488 0.0237135 0.890135 -0.45508 -0.0191334 0.51466 0.379384 0.768891 0.0950092
137 0.850414 -0.258036 -0.45849 -0.197154 0.021789 0.887992 -0.459342 -0.0164083 0.525662 0.380641 0.760783 0.0981178
138 0.843354 -0.264061 -0.468002 -0.202298 0.0204531 0.886074 -0.463093 -0.0159937 0.536969 0.380979 0.752675 0.105199
139 0.833695 -0.269599 -0.481943 -0.202568 0.0179297 0.885484 -0.464323 -0.016214 0.551934 0.378463 0.743058 0.105496
140 0.824634 -0.27444 -0.494633 -0.203526 0.0175293 0.886402 -0.462584 -0.0162768 0.565395 0.372792 0.735768 0.10611
141 0.81542 -0.280246 -0.506509 -0.20362 0.0194256 0.887752 -0.459911 -0.0156741 0.578543 0.365182 0.729335 0.105786
142 0.806425 -0.284374 -0.518469 -0.204872 0.0202249 0.889526 -0.456437 -0.0152404 0.590991 0.357596 0.723087 0.106461
143 0.796301 -0.289562 -0.531091 -0.203262 0.0197045 0.889933 -0.455666 -0.0138006 0.604579 0.352383 0.71436 0.112747
144 0.786399 -0.294039 -0.543247 -0.205267 0.019843 0.891012 -0.453547 -0.0138728 0.6174 0.345889 0.706526 0.112679
145 0.788019 -0.293194 -0.541353 -0.225449 0.0260865 0.89443 -0.446446 -0.0180086 0.615098 0.337686 0.712476 0.111947
146 0.775647 -0.300524 -0.55503 -0.225395 0.0295879 0.895716 -0.443641 -0.0168483 0.630474 0.327687 0.703651 0.110236
147 0.763044 -0.307048 -0.568758 -0.227116 0.0326487 0.897145 -0.440529 -0.0179517 0.645522 0.317573 0.694586 0.113745
148 0.752802 -0.309732 -0.580823 -0.228987 0.0329739 0.899015 -0.436675 -0.0187334 0.65742 0.309578 0.686993 0.113011
149 0.740515 -0.314171 -0.594083 -0.230574 0.0328909 0.899882 -0.43489 -0.0186082 0.671235 0.302503 0.676709 0.112412
150 0.729052 -0.314914 -0.607711 -0.232363 0.0315827 0.902403 -0.429733 -0.0194391 0.68373 0.294105 0.667845 0.112957
151 0.719207 -0.31593 -0.618813 -0.233031 0.031935 0.90473 -0.424787 -0.019872 0.694062 0.285748 0.660777 0.113884
152 0.710025 -0.319728 -0.627405 -0.234975 0.0339997 0.905505 -0.422972 -0.0205071 0.703355 0.278989 0.653802 0.115344
153 0.697245 -0.322032 -0.640426 -0.235236 0.0321308 0.906552 -0.42087 -0.0209512 0.716113 0.272872 0.642436 0.115732
154 0.688884 -0.322959 -0.64895 -0.237636 0.0294242 0.906983 -0.420138 -0.0201268 0.724274 0.270331 0.634309 0.115217
155 0.681096 -0.31995 -0.658589 -0.237482 0.0272724 0.909935 -0.413853 -0.0199509 0.731686 0.263912 0.628479 0.115332
156 0.670928 -0.3186 -0.66959 -0.237503 0.0315214 0.91443 -0.403514 -0.0216475 0.740853 0.249622 0.623559 0.118434
157 0.660161 -0.3181 -0.680441 -0.236925 0.0374896 0.918722 -0.393121 -0.0202295 0.750188 0.234014 0.618429 0.116003
158 0.650195 -0.308864 -0.694154 -0.235944 0.0303662 0.923474 -0.382457 -0.0206009 0.75916 0.227593 0.609817 0.117425
159 0.641784 -0.299764 -0.705872 -0.236765 0.0226022 0.927433 -0.373305 -0.0201954 0.766553 0.223627 0.601987 0.11653
160 0.630984 -0.293557 -0.718111 -0.235934 0.0185674 0.931094 -0.364307 -0.0202788 0.775573 0.216539 0.592956 0.116293
161 0.618964 -0.288632 -0.730462 -0.237267 0.0167309 0.934663 -0.355142 -0.0218782 0.785241 0.207599 0.583352 0.119332
162 0.610018 -0.280273 -0.741165 -0.235967 0.0149978 0.939273 -0.342844 -0.0202585 0.792246 0.198025 0.577177 0.116088
163 0.601346 -0.269021 -0.752337 -0.234432 0.0148413 0.94521 -0.326125 -0.0177798 0.798851 0.184948 0.57239 0.112649
164 0.590607 -0.25574 -0.765363 -0.234642 0.0131039 0.951367 -0.307781 -0.0198363 0.806853 0.171748 0.565235 0.115914
165 0.583179 -0.245298 -0.774423 -0.235572 0.0148862 0.956387 -0.291724 -0.0197391 0.812207 0.158599 0.561396 0.115694
166 0.573838 -0.235146 -0.784485 -0.235464 0.0165232 0.961022 -0.275976 -0.0196745 0.818802 0.145403 0.555356 0.115651
167 0.565232 -0.226192 -0.793316 -0.236231 0.0176637 0.964772 -0.262493 -0.0200094 0.824743 0.134356 0.549315 0.116188
168 0.559466 -0.215259 -0.800413 -0.237303 0.0170739 0.968475 -0.248523 -0.0201559 0.828677 0.125374 0.545505 0.116384
169 0.555886 -0.196517 -0.807695 -0.236006 0.0113523 0.973358 -0.229011 -0.019732 0.831181 0.118135 0.543307 0.115474
170 0.552031 -0.187659 -0.812432 -0.236353 0.0182885 0.976836 -0.213207 -0.0198493 0.833623 0.102839 0.542676 0.116055
171 0.548594 -0.177371 -0.817058 -0.236413 0.0214264 0.9799 -0.198335 -0.0204469 0.835814 0.091299 0.541367 0.117162
172 0.544428 -0.165707 -0.822277 -0.235185 0.0270884 0.983255 -0.180213 -0.0196819 0.83837 0.0758387 0.5398 0.116046
173 0.540925 -0.154164 -0.826821 -0.235509 0.0308647 0.986034 -0.163658 -0.0199694 0.840504 0.063007 0.538129 0.11653
174 0.540036 -0.143708 -0.829282 -0.235668 0.0364589 0.988384 -0.147537 -0.0195471 0.840852 0.0494404 0.539002 0.113951
175 0.53696 -0.133011 -0.833056 -0.234876 0.0382963 0.990317 -0.133435 -0.016086 0.842738 0.0397465 0.536854 0.112358
176 0.535804 -0.115268 -0.836437 -0.23591 0.0371488 0.992897 -0.113032 -0.017495 0.843525 0.0294906 0.53628 0.114819
177 0.540066 -0.105207 -0.835021 -0.241151 0.0357842 0.994129 -0.10211 -0.0136537 0.840862 0.0252653 0.54066 0.113849
178 0.539043 -0.0938781 -0.83703 -0.242332 0.0384369 0.995476 -0.0868955 -0.0121425 0.841401 0.0146676 0.540212 0.113576
179 0.534857 -0.0820336 -0.840951 -0.244176 0.0463949 0.996626 -0.0677117 -0.0141354 0.843668 -0.00279977 0.536858 0.115731
180 0.528642 -0.0734849 -0.845658 -0.24488 0.0522741 0.997173 -0.0539732 -0.0151899 0.847234 -0.0156735 0.530989 0.118653
181 0.52404 -0.0622791 -0.849414 -0.243816 0.0551778 0.99771 -0.0391107 -0.0157903 0.849905 -0.0263732 0.526276 0.11692
182 0.519985 -0.056582 -0.852299 -0.250348 0.049685 0.998118 -0.0359499 -0.00964975 0.852729 -0.0236531 0.521817 0.125864
183 0.524511 -0.0425517 -0.85034 -0.248961 0.0421006 0.998825 -0.0240134 -0.00903312 0.850362 -0.0232045 0.525686 0.117923
184 0.530041 -0.0269693 -0.847543 -0.250927 0.0366669 0.999288 -0.00886698 -0.00876621 0.847179 -0.026377 0.530652 0.12089
185 0.53812 -0.0144084 -0.842745 -0.249365 0.0409561 0.99912 0.00906986 -0.0123675 0.841872 -0.0393962 0.538237 0.114862
186 0.542694 -0.00790084 -0.839893 -0.254773 0.0460127 0.998734 0.0203359 -0.0118857 0.838669 -0.0496819 0.54237 0.115477
187 0.543095 0.0028425 -0.839667 -0.256898 0.0416689 0.998671 0.0303321 -0.0124119 0.838637 -0.0514612 0.542255 0.115446
188 0.539628 0.00500681 -0.841888 -0.259515 0.0391654 0.99875 0.0310437 -0.00926782 0.840992 -0.049725 0.538758 0.122634
189 0.539609 0.0135665 -0.841806 -0.260094 0.0324598 0.998792 0.0369036 -0.00792328 0.84129 -0.0472384 0.538517 0.122921
190 0.540447 0.0252089 -0.841001 -0.258508 0.0311284 0.998268 0.0499268 -0.0119236 0.840802 -0.0531617 0.538726 0.123029
191 0.548695 0.0364402 -0.835228 -0.258675 0.0236665 0.997972 0.0590881 -0.0125981 0.835688 -0.0521883 0.54672 0.121154
192 0.55484 0.0382768 -0.831076 -0.260734 0.026985 0.997587 0.0639614 -0.010009 0.831519 -0.0579149 0.552469 0.120947
193 0.556812 0.0445016 -0.829445 -0.262548 0.0286453 0.996941 0.0727178 -0.00852889 0.830144 -0.0642499 0.553834 0.121129
194 0.558894 0.0555831 -0.827374 -0.263443 0.025947 0.99609 0.0844448 -0.00887262 0.828833 -0.0686636 0.555266 0.121088
195 0.561353 0.0622615 -0.825231 -0.26456 0.0251167 0.995425 0.0921875 -0.00895916 0.827195 -0.0724768 0.557221 0.121556
196 0.562862 0.0698858 -0.823591 -0.263745 0.021466 0.994847 0.0990881 -0.00876236 0.826272 -0.0734521 0.558461 0.12125
197 0.5633 0.0822081 -0.822153 -0.26354 0.0216083 0.993232 0.11412 -0.00857438 0.82597 -0.082049 0.557711 0.121681
198 0.566067 0.0968397 -0.818651 -0.265267 0.0208621 0.991075 0.131661 -0.00651905 0.824095 -0.0916079 0.558995 0.12191
199 0.567935 0.111531 -0.815482 -0.26611 0.0259371 0.987859 0.153171 -0.00692711 0.822664 -0.108142 0.558147 0.122354
200 0.568792 0.129679 -0.812194 -0.266618 0.0282656 0.983827 0.176877 -0.00599028 0.821996 -0.123564 0.555927 0.12199
201 0.56902 0.143811 -0.809651 -0.267461 0.0287459 0.980509 0.194361 -0.00755668 0.821821 -0.13387 0.553795 0.124008
202 0.568606 0.153135 -0.808231 -0.269036 0.028238 0.978307 0.205225 -0.00581486 0.822125 -0.139515 0.551947 0.124831
203 0.565779 0.165345 -0.807809 -0.269481 0.0254516 0.97572 0.21754 -0.00650099 0.824164 -0.143639 0.547833 0.125391
204 0.563207 0.175923 -0.807372 -0.269733 0.0212416 0.973669 0.226976 -0.00603657 0.826043 -0.144984 0.54464 0.125356
205 0.559793 0.18352 -0.808055 -0.269812 0.0202241 0.97185 0.234731 -0.00329177 0.828386 -0.147743 0.540323 0.125977
206 0.556588 0.198729 -0.80667 -0.269741 0.0218983 0.967122 0.253367 -0.00518878 0.8305 -0.158686 0.533936 0.126076
207 0.55331 0.209503 -0.806199 -0.270822 0.0277843 0.962674 0.269234 -0.0048105 0.832512 -0.17137 0.526836 0.126316
208 0.548009 0.221458 -0.806624 -0.271604 0.0290244 0.958701 0.28293 -0.00440386 0.835969 -0.17846 0.518949 0.126928
209 0.541772 0.233517 -0.807436 -0.272768 0.0300515 0.954637 0.296253 -0.0046631 0.839988 -0.184766 0.510177 0.127442
210 0.536494 0.246363 -0.807143 -0.273785 0.0274868 0.95083 0.30849 -0.00407108 0.843456 -0.187689 0.503343 0.128189
211 0.531385 0.254159 -0.808105 -0.274419 0.0282966 0.948074 0.316788 -0.00451402 0.846658 -0.191203 0.496601 0.12834
212 0.523183 0.260979 -0.811276 -0.278105 0.0305611 0.945598 0.323898 -0.00324434 0.851672 -0.194251 0.486746 0.129548
213 0.512292 0.272323 -0.814492 -0.279369 0.0302955 0.942074 0.334035 -0.00304841 0.858277 -0.195799 0.474366 0.129585
214 0.504299 0.281449 -0.816375 -0.280664 0.0330807 0.938404 0.343953 -0.0028553 0.862895 -0.200462 0.463926 0.130479
215 0.497075 0.289158 -0.81811 -0.280911 0.0364712 0.935045 0.352648 -0.00265935 0.866941 -0.20513 0.454242 0.130557
216 0.487945 0.29677 -0.820876 -0.281234 0.0380028 0.932314 0.359648 -0.00227854 0.872047 -0.206684 0.44364 0.130754
217 0.481284 0.307452 -0.820877 -0.282592 0.0365683 0.928613 0.369243 -0.000925365 0.875802 -0.207729 0.435684 0.131418
218 0.477224 0.314373 -0.820626 -0.282138 0.0409399 0.924855 0.37811 -1.73547e-06 0.877828 -0.21404 0.428492 0.131633
219 0.469647 0.320368 -0.822676 -0.282632 0.0474715 0.921325 0.385885 -0.000314573 0.881577 -0.220283 0.417489 0.131825
220 0.458501 0.331408 -0.824588 -0.284756 0.0454753 0.917901 0.394196 -0.000788066 0.88753 -0.218238 0.405787 0.132745
221 0.45335 0.336313 -0.82545 -0.285408 0.0437876 0.916564 0.397484 -0.00165256 0.890257 -0.216344 0.400798 0.132258
222 0.447266 0.340823 -0.826918 -0.285749 0.0378013 0.91652 0.398199 -0.00171778 0.893602 -0.209359 0.397044 0.131662
223 0.436061 0.3438 -0.831657 -0.286587 0.035744 0.916802 0.39774 -1.20382e-05 0.899207 -0.203165 0.387493 0.132538
224 0.425655 0.347798 -0.835377 -0.288877 0.0345218 0.916271 0.399068 0.00132952 0.904227 -0.198704 0.378009 0.13369
225 0.416501 0.352355 -0.838077 -0.290002 0.0378014 0.914331 0.4032 0.00112739 0.908349 -0.199614 0.3675 0.134054
226 0.405285 0.360689 -0.840028 -0.290123 0.0377389 0.911492 0.409582 0.00144917 0.913411 -0.197699 0.355802 0.134108
227 0.393687 0.367144 -0.842743 -0.291072 0.0363036 0.909853 0.41334 0.0012574 0.918527 -0.193321 0.344869 0.134454
228 0.3827 0.375713 -0.844026 -0.290882 0.0338401 0.907261 0.419205 3.47083e-05 0.923253 -0.188992 0.334495 0.134085
229 0.368637 0.381218 -0.847809 -0.29207 0.0241297 0.907809 0.418689 0.000739756 0.92926 -0.174802 0.325453 0.134974
230 0.352432 0.382554 -0.854075 -0.292057 0.0165061 0.909949 0.414392 0.000538591 0.935692 -0.160142 0.31438 0.13498
231 0.336879 0.385614 -0.858961 -0.293986 0.0141507 0.91011 0.414125 0.000407672 0.941442 -0.151665 0.30114 0.135581
232 0.320741 0.388807 -0.863687 -0.292575 0.01012 0.910404 0.413596 0.000193744 0.947113 -0.141398 0.288069 0.135096
233 0.308912 0.390416 -0.867265 -0.293887 0.0103842 0.910425 0.413544 0.00123417 0.951034 -0.136755 0.277187 0.135582
234 0.296732 0.394567 -0.869636 -0.294319 0.0112914 0.909138 0.416342 0.000538663 0.954894 -0.133361 0.265315 0.135408
235 0.287386 0.398387 -0.871032 -0.295093 0.0130041 0.907689 0.419443 0.000549645 0.957727 -0.131869 0.255676 0.135555
236 0.280018 0.399753 -0.872804 -0.295304 0.0154789 0.907178 0.420463 0.000783926 0.95987 -0.131247 0.247838 0.136197
237 0.271542 0.399209 -0.875727 -0.296054 0.0192077 0.907486 0.419643 0.000753817 0.962235 -0.130771 0.238752 0.136327
238 0.262377 0.396445 -0.879767 -0.296525 0.0232408 0.908848 0.41648 0.000926983 0.964685 -0.129722 0.229247 0.13668
239 0.254318 0.394005 -0.883223 -0.296849 0.0305392 0.909523 0.414531 0.000998216 0.966638 -0.132396 0.219275 0.136775
240 0.245216 0.393582 -0.885981 -0.298231 0.0359176 0.909568 0.414001 0.000805653 0.968803 -0.133342 0.208904 0.137586
241 0.23785 0.390704 -0.889257 -0.298506 0.0374911 0.911156 0.410353 0.0010657 0.970578 -0.130942 0.20207 0.137696
242 0.232235 0.387944 -0.891945 -0.299049 0.0387873 0.912594 0.407024 0.000959478 0.971886 -0.129121 0.196889 0.137835
243 0.227593 0.385833 -0.894055 -0.299742 0.0379537 0.913938 0.404075 0.000710403 0.973016 -0.125897 0.193362 0.138072
244 0.226373 0.381942 -0.896033 -0.300035 0.03577 0.916033 0.399504 0.000721272 0.973384 -0.122488 0.193703 0.138015
245 0.227708 0.379249 -0.896839 -0.300349 0.0360806 0.917116 0.396984 0.00108721 0.973061 -0.122755 0.195151 0.138197
246 0.232268 0.37873 -0.895888 -0.30234 0.0318459 0.917623 0.396175 0.000778279 0.97213 -0.120549 0.201073 0.13839
247 0.237554 0.375977 -0.895661 -0.304181 0.0276687 0.919063 0.393139 0.000784441 0.97098 -0.118174 0.207924 0.137826
248 0.24182 0.369711 -0.897127 -0.304638 0.0271708 0.921624 0.387131 0.00101908 0.969941 -0.117992 0.212822 0.137117
249 0.239791 0.36467 -0.899731 -0.306096 0.0297106 0.92358 0.382254 0.000286103 0.97037 -0.118393 0.210632 0.137373
250 0.233401 0.354756 -0.905358 -0.306208 0.0334666 0.927591 0.372096 0.0008114 0.971805 -0.117147 0.204628 0.138
251 0.22899 0.345695 -0.909977 -0.306909 0.0275658 0.932139 0.36105 0.00231299 0.973038 -0.107761 0.203921 0.137996
252 0.22874 0.336261 -0.913568 -0.307342 0.0184082 0.936787 0.349417 0.00233701 0.973314 -0.0967427 0.208091 0.138132
253 0.233535 0.327178 -0.91565 -0.306957 0.00679085 0.941118 0.33801 0.00222077 0.972325 -0.0851554 0.217562 0.138192
254 0.23958 0.316353 -0.91789 -0.307398 0.00160587 0.945294 0.326217 0.00231405 0.970875 -0.0796292 0.225966 0.138157
255 0.244979 0.303868 -0.920679 -0.30909 0.00670021 0.949062 0.315019 0.00276082 0.969505 -0.0833417 0.230464 0.137932
256 0.246851 0.29656 -0.92256 -0.309525 0.00814279 0.951353 0.307995 0.00276597 0.969019 -0.0835409 0.232427 0.138066
257 0.248507 0.285745 -0.925524 -0.309684 0.00984396 0.954703 0.297397 0.00277975 0.96858 -0.083016 0.234438 0.138046
258 0.2506 0.273054 -0.928785 -0.312436 0.0130038 0.958362 0.285259 0.00379299 0.968003 -0.0835637 0.236615 0.138723
259 0.251908 0.262795 -0.931386 -0.31217 0.0153843 0.961215 0.275372 0.00376448 0.967629 -0.0836973 0.238095 0.138748
260 0.254113 0.252958 -0.933509 -0.314349 0.0150505 0.964041 0.265328 0.00404723 0.967057 -0.0814731 0.241168 0.13854
261 0.255268 0.24425 -0.935511 -0.314376 0.0172189 0.966264 0.256978 0.00138022 0.966717 -0.0817066 0.24245 0.137491
262 0.256034 0.231828 -0.938457 -0.317508 0.0188961 0.969431 0.244635 0.000387553 0.966483 -0.080368 0.243827 0.13639
263 0.252737 0.218002 -0.942655 -0.318372 0.0226659 0.972684 0.231024 -0.000563598 0.96727 -0.0797543 0.240892 0.136767
264 0.249787 0.203899 -0.946589 -0.318758 0.0271332 0.97572 0.217334 -0.00032344 0.967921 -0.0799711 0.23819 0.136113
265 0.245887 0.192971 -0.949896 -0.319466 0.0282069 0.978143 0.206011 -0.00067797 0.968888 -0.0774491 0.23507 0.136044
266 0.241972 0.18307 -0.952856 -0.320452 0.0264116 0.980433 0.195075 -0.00124012 0.969924 -0.0723691 0.232402 0.136215
267 0.237449 0.17131 -0.956175 -0.318405 0.0264951 0.982819 0.182663 -0.00227417 0.971039 -0.0687071 0.228831 0.135239
268 0.235434 0.163451 -0.958047 -0.32108 0.0265691 0.984306 0.17446 -0.00466998 0.971527 -0.0665282 0.227396 0.133169
269 0.234143 0.155685 -0.959656 -0.322709 0.0276481 0.985629 0.166645 -0.00753189 0.971809 -0.0655514 0.226474 0.130501
270 0.2322 0.146729 -0.961537 -0.324416 0.0313161 0.986916 0.158164 -0.00799435 0.972164 -0.0668372 0.224567 0.128297
271 0.226539 0.139001 -0.964032 -0.325603 0.0357604 0.98791 0.150847 -0.00916466 0.973345 -0.068647 0.21883 0.127442
272 0.22046 0.133502 -0.966217 -0.327715 0.0374768 0.988698 0.145159 -0.0131067 0.974676 -0.0682125 0.212965 0.126275
273 0.214431 0.123267 -0.96893 -0.327988 0.0384256 0.990172 0.134473 -0.0118818 0.975983 -0.0660669 0.207587 0.124873
274 0.208505 0.116643 -0.971041 -0.330362 0.0389823 0.991082 0.127421 -0.0123033 0.977244 -0.0644212 0.202098 0.124183
275 0.201202 0.110066 -0.973346 -0.330022 0.0428555 0.991727 0.121003 -0.0142588 0.978612 -0.0660594 0.194821 0.123879
276 0.192793 0.101407 -0.975985 -0.331033 0.0432366 0.992801 0.111695 -0.0152984 0.980286 -0.0637323 0.187021 0.123933
277 0.186313 0.090965 -0.97827 -0.333459 0.0426453 0.994018 0.100551 -0.0162146 0.981564 -0.0604526 0.181319 0.123134
278 0.179997 0.079389 -0.980458 -0.335009 0.0429134 0.995155 0.0884573 -0.017714 0.982731 -0.0579968 0.175718 0.122372
279 0.173714 0.0688932 -0.982383 -0.33507 0.0419911 0.996125 0.0772821 -0.0187399 0.9839 -0.0546764 0.170148 0.121438
280 0.168976 0.0570606 -0.983967 -0.335175 0.0371385 0.997245 0.0642084 -0.0198993 0.98492 -0.0473927 0.166391 0.121214
281 0.165019 0.0420361 -0.985394 -0.33401 0.0352542 0.998201 0.0484863 -0.0204665 0.98566 -0.0427404 0.16324 0.121112
282 0.158934 0.0282425 -0.986885 -0.334281 0.0326155 0.998895 0.0338388 -0.0205822 0.98675 -0.0375659 0.157837 0.120434
283 0.152142 0.016868 -0.988215 -0.331456 0.0340597 0.999171 0.0222987 -0.021426 0.987772 -0.0370509 0.151441 0.121456
284 0.147352 0.00778936 -0.989053 -0.329976 0.0357482 0.999274 0.0131957 -0.0212659 0.988438 -0.0373013 0.146967 0.121517
285 0.143572 0.000672238 -0.98964 -0.3318 0.0379782 0.999259 0.00618844 -0.0216827 0.988911 -0.0384732 0.14344 0.121488
286 0.140106 -0.00753414 -0.990108 -0.331489 0.0423464 0.999102 -0.00161034 -0.0221842 0.989231 -0.0417019 0.140299 0.120929
287 0.135647 -0.0155285 -0.990636 -0.333013 0.0453528 0.998926 -0.00944836 -0.0224217 0.989719 -0.0436464 0.136205 0.121387
288 0.133368 -0.025094 -0.990749 -0.333106 0.0462101 0.99875 -0.0190762 -0.0233909 0.989989 -0.0432385 0.13436 0.120739
289 0.131095 -0.036463 -0.990699 -0.334501 0.0467443 0.998439 -0.0305624 -0.0229997 0.990267 -0.042303 0.132595 0.12054
290 0.127593 -0.048695 -0.990631 -0.336833 0.0469995 0.997969 -0.0430022 -0.0243892 0.990712 -0.0410724 0.129622 0.121155
291 0.122559 -0.0644482 -0.990366 -0.335681 0.0474485 0.997129 -0.0590164 -0.0246749 0.991326 -0.0397584 0.125265 0.121087
292 0.117221 -0.0813571 -0.989768 -0.336011 0.0512368 0.995807 -0.0757853 -0.0254117 0.991783 -0.0418289 0.120898 0.121502
293 0.113225 -0.0962918 -0.988892 -0.333112 0.0605481 0.994112 -0.0898674 -0.0245338 0.991723 -0.0497002 0.118389 0.119846
294 0.10904 -0.106641 -0.988301 -0.334201 0.0703576 0.992563 -0.0993382 -0.0259254 0.991544 -0.0587027 0.115732 0.120386
295 0.107401 -0.119603 -0.986996 -0.334043 0.0771064 0.99075 -0.111668 -0.0261811 0.991221 -0.0641105 0.115629 0.120335
296 0.105644 -0.131399 -0.985684 -0.335493 0.0812768 0.989056 -0.123138 -0.0250627 0.991077 -0.0671045 0.115168 0.120275
297 0.106478 -0.140261 -0.984373 -0.336949 0.0822741 0.987849 -0.131857 -0.0284594 0.990905 -0.0669485 0.116724 0.119326
298 0.103545 -0.158762 -0.981872 -0.337437 0.0862434 0.984894 -0.150155 -0.02644 0.990879 -0.0691322 0.115673 0.12014
299 0.102243 -0.167517 -0.980553 -0.338305 0.0858401 0.983528 -0.159075 -0.0293546 0.991049 -0.0679066 0.114938 0.118727
300 0.101046 -0.181305 -0.978222 -0.339167 0.0849479 0.981236 -0.173088 -0.0283443 0.991248 -0.0656081 0.114551 0.120311
301 0.0995473 -0.195605 -0.975617 -0.338312 0.0879925 0.978377 -0.18718 -0.0281093 0.991135 -0.0672137 0.114607 0.12095
302 0.0968443 -0.207253 -0.973482 -0.336498 0.090451 0.975865 -0.198762 -0.0271838 0.991181 -0.0688034 0.113253 0.119617
303 0.0937151 -0.216644 -0.971742 -0.339426 0.0928524 0.973685 -0.208123 -0.029155 0.99126 -0.0707243 0.111365 0.11996
304 0.0880467 -0.229544 -0.969308 -0.335778 0.095541 0.970547 -0.221159 -0.0298022 0.991524 -0.0731363 0.107384 0.120262
305 0.0838515 -0.243255 -0.966331 -0.338029 0.0943341 0.967329 -0.235321 -0.029475 0.992003 -0.071426 0.104059 0.121539
306 0.0810383 -0.255991 -0.963276 -0.339797 0.0874924 0.964551 -0.24897 -0.0308851 0.992863 -0.0641033 0.100563 0.122075
307 0.079183 -0.273902 -0.958493 -0.340528 0.0800702 0.960152 -0.267761 -0.0310917 0.993639 -0.0555446 0.0979591 0.123313
308 0.0801266 -0.289024 -0.953963 -0.338705 0.0714874 0.956242 -0.28371 -0.0333074 0.994218 -0.0454636 0.097282 0.121383
309 0.0773685 -0.307 -0.948559 -0.338685 0.0691231 0.950774 -0.302079 -0.030727 0.994604 -0.042196 0.0947807 0.12249
310 0.0729402 -0.31719 -0.945553 -0.334084 0.071235 0.947314 -0.312286 -0.035015 0.994789 -0.0445783 0.0916923 0.119857
311 0.0649493 -0.334609 -0.940116 -0.337412 0.0760747 0.941024 -0.329676 -0.0328709 0.994985 -0.0501068 0.0865741 0.12124
312 0.0580622 -0.351327 -0.934451 -0.339569 0.0803097 0.93464 -0.346408 -0.032096 0.995077 -0.0549323 0.0824822 0.120746
313 0.0490138 -0.364054 -0.930087 -0.338823 0.0820494 0.929527 -0.359511 -0.0356705 0.995422 -0.0586921 0.0754301 0.123136
314 0.0423786 -0.381989 -0.923195 -0.341479 0.0842277 0.922101 -0.377671 -0.0349784 0.995545 -0.0617534 0.0712514 0.123075
315 0.0375675 -0.393861 -0.918402 -0.340826 0.0818631 0.917175 -0.389986 -0.0364898 0.995935 -0.0605325 0.0666986 0.121471
316 0.0271502 -0.410613 -0.911405 -0.342898 0.0832193 0.909505 -0.407278 -0.0342497 0.996161 -0.0647889 0.0588642 0.121054
317 0.0173189 -0.420913 -0.906936 -0.342361 0.086752 0.904284 -0.418025 -0.0335655 0.996079 -0.0714388 0.0521763 0.116637
318 0.00191829 -0.426942 -0.904277 -0.343134 0.0881341 0.900832 -0.425128 -0.0338148 0.996107 -0.0788821 0.0393562 0.119216
319 -0.00752488 -0.431171 -0.902239 -0.34141 0.0850527 0.898719 -0.430198 -0.032843 0.996348 -0.079975 0.0299095 0.118891
320 -0.0137254 -0.435616 -0.900028 -0.344427 0.0849692 0.896349 -0.435131 -0.0356712 0.996289 -0.082447 0.0247112 0.116573
321 -0.0200927 -0.439046 -0.89824 -0.338405 0.078638 0.894944 -0.439194 -0.0327708 0.996701 -0.0794604 0.0165439 0.115362
322 -0.0264773 -0.437564 -0.898797 -0.335978 0.0730532 0.895861 -0.438287 -0.0307048 0.996976 -0.0772646 0.00824546 0.115119
323 -0.0303887 -0.436219 -0.899327 -0.338122 0.0671752 0.896817 -0.437271 -0.0284708 0.997278 -0.0737006 0.00204991 0.11615
324 -0.0350277 -0.428477 -0.902874 -0.339215 0.0665181 0.900425 -0.429895 -0.0298859 0.99717 -0.0751157 -0.00303834 0.117967
325 -0.0372264 -0.422803 -0.905457 -0.338809 0.0586517 0.903598 -0.424346 -0.027609 0.997584 -0.0689035 -0.00883959 0.116649
326 -0.0399736 -0.4148 -0.909034 -0.337507 0.0543238 0.907514 -0.416495 -0.0274727 0.997723 -0.066031 -0.0137431 0.116751
327 -0.0423252 -0.402146 -0.914597 -0.330475 0.0638019 0.912461 -0.404159 -0.032743 0.997065 -0.0754591 -0.0129624 0.10703
328 -0.045874 -0.393277 -0.918275 -0.331448 0.0589133 0.916578 -0.395493 -0.0308552 0.997208 -0.0722415 -0.0188778 0.107595
329 -0.0492497 -0.385518 -0.921385 -0.330285 0.0601802 0.919683 -0.388022 -0.0306235 0.996972 -0.0745591 -0.0220936 0.107876
330 -0.0572302 -0.375459 -0.92507 -0.329233 0.068436 0.922934 -0.378826 -0.0296796 0.996013 -0.0849884 -0.0271248 0.108126
331 -0.0603241 -0.364535 -0.929234 -0.330214 0.0673598 0.92732 -0.368157 -0.0300417 0.995903 -0.0848017 -0.0313848 0.106974
332 -0.0635597 -0.356569 -0.932104 -0.330079 0.0662122 0.930428 -0.360443 -0.0290506 0.995779 -0.0846263 -0.0355285 0.107322
333 -0.0663218 -0.346697 -0.93563 -0.330505 0.0632049 0.934351 -0.350703 -0.0296394 0.995794 -0.0823956 -0.040055 0.107045
334 -0.0686878 -0.340248 -0.937824 -0.32966 0.0652916 0.936495 -0.344549 -0.029342 0.995499 -0.0848983 -0.0421104 0.107104
335 -0.070619 -0.332847 -0.940333 -0.330156 0.065478 0.939106 -0.337331 -0.0296923 0.995352 -0.0853931 -0.0445245 0.107033
336 -0.0741342 -0.324325 -0.943036 -0.330208 0.0715563 0.941471 -0.329412 -0.029096 0.994678 -0.0919008 -0.0465878 0.108549
337 -0.0744086 -0.317257 -0.945416 -0.330118 0.0778481 0.943303 -0.322675 -0.0289277 0.994185 -0.0976086 -0.045492 0.106599
338 -0.0765518 -0.310871 -0.947364 -0.330748 0.0882831 0.944307 -0.317002 -0.0289945 0.993149 -0.107903 -0.0448437 0.106173
339 -0.0791416 -0.30542 -0.948923 -0.332717 0.0965829 0.945081 -0.312239 -0.0297507 0.992174 -0.116361 -0.0452969 0.106473
340 -0.0804943 -0.302474 -0.949753 -0.331506 0.101211 0.94544 -0.309678 -0.0289095 0.991603 -0.121052 -0.0454889 0.106126
341 -0.0806764 -0.300091 -0.950493 -0.333241 0.104555 0.945792 -0.307482 -0.0288835 0.991241 -0.124185 -0.0449272 0.106645
342 -0.0816656 -0.297286 -0.951289 -0.336763 0.107505 0.946281 -0.30495 -0.0311086 0.990845 -0.127172 -0.0453188 0.107856
343 -0.0817451 -0.295477 -0.951846 -0.336904 0.106088 0.947037 -0.303095 -0.0309684 0.990991 -0.125756 -0.0460692 0.107556
344 -0.0821109 -0.295052 -0.951947 -0.33365 0.105804 0.947193 -0.302705 -0.0294374 0.990991 -0.125575 -0.0465574 0.106336
345 -0.0838527 -0.295263 -0.951729 -0.333577 0.10767 0.946816 -0.303226 -0.0294474 0.990644 -0.127899 -0.0476021 0.106253
346 -0.0867983 -0.295346 -0.951439 -0.33602 0.109247 0.946462 -0.303768 -0.0295841 0.990218 -0.130308 -0.0498856 0.106638
347 -0.0918597 -0.292455 -0.951857 -0.336266 0.113099 0.946649 -0.30177 -0.0297015 0.989328 -0.135374 -0.0538826 0.106593
348 -0.0944529 -0.287673 -0.95306 -0.336859 0.114743 0.947814 -0.297461 -0.0301013 0.988895 -0.137453 -0.0565153 0.106669
349 -0.0958964 -0.284248 -0.953943 -0.339572 0.119089 0.9482 -0.294508 -0.0302911 0.988242 -0.141846 -0.0570782 0.106546
350 -0.0999566 -0.277603 -0.955482 -0.338298 0.122141 0.949605 -0.288674 -0.0296654 0.987467 -0.145558 -0.0610125 0.106434
351 -0.100945 -0.266016 -0.958669 -0.337183 0.120303 0.953256 -0.277181 -0.028451 0.987592 -0.14331 -0.0642236 0.105883
352 -0.101365 -0.253843 -0.961919 -0.339007 0.122662 0.956333 -0.265295 -0.0294796 0.987258 -0.144882 -0.0658023 0.106156
353 -0.105121 -0.240154 -0.965026 -0.340968 0.124414 0.959603 -0.252356 -0.0310186 0.986646 -0.146591 -0.0709957 0.105206
354 -0.109899 -0.231036 -0.966718 -0.341853 0.119377 0.962501 -0.243599 -0.0280702 0.986748 -0.142175 -0.078198 0.106229
355 -0.114092 -0.222233 -0.968295 -0.341409 0.113345 0.965384 -0.23492 -0.0280946 0.986983 -0.136554 -0.0849538 0.106996
356 -0.118952 -0.216714 -0.968961 -0.342719 0.111961 0.966738 -0.229961 -0.027315 0.986567 -0.13584 -0.0907321 0.105541
357 -0.123856 -0.207032 -0.970463 -0.345815 0.108309 0.969329 -0.220613 -0.0260134 0.986372 -0.132434 -0.0976339 0.107363
358 -0.127101 -0.195362 -0.97246 -0.34556 0.107502 0.971923 -0.209305 -0.0252313 0.986047 -0.131144 -0.102531 0.109255
359 -0.128679 -0.183395 -0.974581 -0.34786 0.107482 0.974383 -0.197549 -0.0240218 0.985844 -0.13017 -0.105672 0.109723
360 -0.130815 -0.172389 -0.976304 -0.352343 0.105489 0.976756 -0.186603 -0.0208416 0.985779 -0.127399 -0.109589 0.111415
361 -0.136008 -0.158744 -0.977907 -0.354053 0.104145 0.979319 -0.173458 -0.0216809 0.985219 -0.125436 -0.116663 0.113644
362 -0.138167 -0.147985 -0.979291 -0.353766 0.103087 0.981255 -0.162826 -0.0209634 0.985029 -0.123449 -0.120321 0.11153
363 -0.140686 -0.137596 -0.980446 -0.355324 0.0981123 0.983483 -0.1521 -0.0217708 0.985181 -0.117592 -0.124863 0.111892
364 -0.145228 -0.129441 -0.980895 -0.357792 0.0960019 0.984884 -0.144181 -0.0205892 0.98473 -0.115107 -0.130606 0.114447
365 -0.149545 -0.119561 -0.9815 -0.359408 0.096639 0.986142 -0.13485 -0.0210396 0.984021 -0.115017 -0.135918 0.114184
366 -0.157482 -0.111483 -0.981209 -0.361041 0.0971 0.987044 -0.127731 -0.0192898 0.982737 -0.115391 -0.144616 0.114987
367 -0.165091 -0.102593 -0.980928 -0.362007 0.0971932 0.988042 -0.119694 -0.018428 0.981478 -0.1151 -0.153146 0.115672
368 -0.171467 -0.0943777 -0.980659 -0.363932 0.0962388 0.989036 -0.112011 -0.0187056 0.980478 -0.113584 -0.160504 0.114802
369 -0.180406 -0.0880659 -0.979642 -0.365953 0.0938389 0.9899 -0.106269 -0.017426 0.979106 -0.1111 -0.17032 0.1158
370 -0.187635 -0.0794413 -0.979021 -0.367252 0.0923985 0.990877 -0.0981119 -0.0163986 0.977883 -0.108869 -0.178582 0.116709
371 -0.194233 -0.0711224 -0.978374 -0.367809 0.0898205 0.991889 -0.0899366 -0.0161327 0.976835 -0.105347 -0.186269 0.116541
372 -0.200789 -0.0631258 -0.977599 -0.3686 0.0892044 0.992598 -0.082416 -0.0149943 0.975565 -0.103754 -0.193671 0.117029
373 -0.206887 -0.0518667 -0.976989 -0.369969 0.0876238 0.993598 -0.0713037 -0.014146 0.974433 -0.100359 -0.201018 0.116847
374 -0.213148 -0.0428453 -0.97608 -0.370664 0.0848664 0.99445 -0.062184 -0.013122 0.973327 -0.0960908 -0.208329 0.117162
375 -0.216685 -0.0319108 -0.97572 -0.377867 0.0840181 0.995148 -0.0512046 -0.0121763 0.972619 -0.0930734 -0.212953 0.117878
376 -0.221332 -0.017975 -0.975033 -0.377352 0.0851335 0.995657 -0.0376805 -0.0114031 0.971475 -0.0913479 -0.21884 0.118186
377 -0.224854 -0.0058157 -0.974375 -0.37913 0.0847957 0.996072 -0.0255133 -0.0108094 0.970696 -0.0883596 -0.223477 0.117806
378 -0.229201 0.0069256 -0.973355 -0.379174 0.0866046 0.996154 -0.0133054 -0.0106971 0.969519 -0.0873466 -0.228919 0.117698
