[{"R":[[0.994999885559082,0.005819033831357956,-0.09970634430646896],[-0.00621974840760231,0.9999737739562988,-0.0037085649091750383],[0.09968215227127075,0.004310170188546181,0.9950100183486938]],"file_name":"/home/jonas/Downloads/freiburg/rgbd_dataset_freiburg2_360_hemisphere/rgb/1311874904.722712.png","t":[0.11894363909959793,0.004455464892089367,0.016470614820718765]},{"R":[[0.998397707939148,-0.0179072804749012,-0.05367819964885712],[0.017374543473124504,0.9997951984405518,-0.010374948382377625],[0.05385299399495125,0.009425690397620201,0.9985044002532959]],"file_name":"/home/jonas/Downloads/freiburg/rgbd_dataset_freiburg2_360_hemisphere/rgb/1311874905.354727.png","t":[0.1377822607755661,0.011824779212474823,-0.01882312260568142]},{"R":[[0.9991539716720581,-0.004434038884937763,-0.0408867709338665],[0.004610016010701656,0.9999805092811584,0.004210737068206072],[0.04086730256676674,-0.004395663272589445,0.9991549253463745]],"file_name":"/home/jonas/Downloads/freiburg/rgbd_dataset_freiburg2_360_hemisphere/rgb/1311874905.654770.png","t":[0.1495557427406311,0.006169038824737072,-0.032653335481882095]},{"R":[[0.9695783853530884,0.00863195676356554,0.24462878704071045],[-0.02113015204668045,0.9985990524291992,0.04851217195391655],[-0.24386732280254364,-0.0522053986787796,0.9684024453163147]],"file_name":"/home/jonas/Downloads/freiburg/rgbd_dataset_freiburg2_360_hemisphere/rgb/1311874906.622675.png","t":[0.15145458281040192,0.002572308760136366,-0.13477233052253723]},{"R":[[0.953746497631073,-0.004392670001834631,0.3005799353122711],[-0.03518163412809372,0.9913908839225769,0.12612023949623108],[-0.2985462248325348,-0.13086162507534027,0.9453811049461365]],"file_name":"/home/jonas/Downloads/freiburg/rgbd_dataset_freiburg2_360_hemisphere/rgb/1311874906.754792.png","t":[0.144882932305336,-0.00592550914734602,-0.14947955310344696]},{"R":[[0.9499604105949402,-0.008926857262849808,0.3122427463531494],[-0.03712400048971176,0.9892807602882385,0.14122825860977173],[-0.3101564645767212,-0.1457529515028,0.9394461512565613]],"file_name":"/home/jonas/Downloads/freiburg/rgbd_dataset_freiburg2_360_hemisphere/rgb/1311874906.790649.png","t":[0.14299322664737701,-0.006593621335923672,-0.1526874154806137]},{"R":[[0.9142952561378479,0.008621806278824806,0.404956579208374],[-0.17737650871276855,0.9073354601860046,0.38115599751472473],[-0.3641452193260193,-0.4203189015388489,0.8311018347740173]],"file_name":"/home/jonas/Downloads/freiburg/rgbd_dataset_freiburg2_360_hemisphere/rgb/1311874907.654810.png","t":[0.16030630469322205,-0.05575218424201012,-0.17313934862613678]},{"R":[[0.66018146276474,0.030292784795165062,0.7504950165748596],[-0.3045506179332733,0.9241607785224915,0.23059885203838348],[-0.6865925192832947,-0.3808008134365082,0.6193395256996155]],"file_name":"/home/jonas/Downloads/freiburg/rgbd_dataset_freiburg2_360_hemisphere/rgb/1311874908.590704.png","t":[0.0864102765917778,-0.07776734232902527,-0.23340728878974915]},{"R":[[0.5426989793777466,0.031246962025761604,0.8393458127975464],[0.011204210110008717,0.9989495277404785,-0.044432997703552246],[-0.839852511882782,0.033517949283123016,0.5417788028717041]],"file_name":"/home/jonas/Downloads/freiburg/rgbd_dataset_freiburg2_360_hemisphere/rgb/1311874909.590726.png","t":[0.04568575695157051,0.018710771575570107,-0.28880810737609863]},{"R":[[0.5634405016899109,0.014726176857948303,0.8260253667831421],[0.05173192918300629,0.9972501397132874,-0.05306561663746834],[-0.8245353698730469,0.07263120263814926,0.5611293315887451]],"file_name":"/home/jonas/Downloads/freiburg/rgbd_dataset_freiburg2_360_hemisphere/rgb/1311874909.754743.png","t":[0.056939367204904556,0.026676760986447334,-0.2897595167160034]},{"R":[[0.5545043349266052,0.011441430076956749,0.8321021795272827],[0.2380920946598053,0.9559261798858643,-0.17180614173412323],[-0.7973939180374146,0.2933841943740845,0.5273410677909851]],"file_name":"/home/jonas/Downloads/freiburg/rgbd_dataset_freiburg2_360_hemisphere/rgb/1311874910.290768.png","t":[0.060121845453977585,0.08844894170761108,-0.28938955068588257]},{"R":[[0.5239660739898682,0.01765633188188076,0.851556122303009],[0.2726392149925232,0.94370436668396,-0.18732300400733948],[-0.8069246411323547,0.33031848073005676,0.4896552562713623]],"file_name":"/home/jonas/Downloads/freiburg/rgbd_dataset_freiburg2_360_hemisphere/rgb/1311874910.422653.png","t":[0.05005202814936638,0.10075055807828903,-0.2925962805747986]},{"R":[[0.4522584080696106,0.0312960222363472,0.8913376927375793],[0.3372960388660431,0.9191593527793884,-0.20341448485851288],[-0.8256474733352661,0.3926405906677246,0.40514153242111206]],"file_name":"/home/jonas/Downloads/freiburg/rgbd_dataset_freiburg2_360_hemisphere/rgb/1311874910.722568.png","t":[0.01967913843691349,0.12462227791547775,-0.29844722151756287]},{"R":[[0.38583940267562866,0.029694663360714912,0.9220879673957825],[0.3713057339191437,0.9099602699279785,-0.18467365205287933],[-0.8445472121238708,0.4136309027671814,0.34007272124290466]],"file_name":"/home/jonas/Downloads/freiburg/rgbd_dataset_freiburg2_360_hemisphere/rgb/1311874910.922541.png","t":[-0.005567139945924282,0.13273365795612335,-0.3011724054813385]},{"R":[[0.25556111335754395,0.026151573285460472,0.9664391279220581],[0.39021313190460205,0.9118035435676575,-0.1278594732284546],[-0.8845463395118713,0.4097931385040283,0.2228168398141861]],"file_name":"/home/jonas/Downloads/freiburg/rgbd_dataset_freiburg2_360_hemisphere/rgb/1311874911.322618.png","t":[-0.04613262414932251,0.13338130712509155,-0.3070511817932129]},{"R":[[0.25038236379623413,0.021092982962727547,0.9679172039031982],[0.36072617769241333,0.9257414937019348,-0.11348710209131241],[-0.8984349370002747,0.37756824493408203,0.22418054938316345]],"file_name":"/home/jonas/Downloads/freiburg/rgbd_dataset_freiburg2_360_hemisphere/rgb/1311874911.622507.png","t":[-0.04485313221812248,0.12663710117340088,-0.3166208267211914]},{"R":[[0.24452564120292664,0.024251170456409454,0.9693394899368286],[0.3527294993400574,0.9289717078208923,-0.11222080141305923],[-0.903210461139679,0.36935552954673767,0.21860328316688538]],"file_name":"/home/jonas/Downloads/freiburg/rgbd_dataset_freiburg2_360_hemisphere/rgb/1311874911.654701.png","t":[-0.04725130274891853,0.12441523373126984,-0.3178490996360779]},{"R":[[0.06680381298065186,0.06870446354150772,0.9953978657722473],[-0.334159791469574,0.9415549635887146,-0.04256175830960274],[-0.9401459693908691,-0.32977864146232605,0.08585772663354874]],"file_name":"/home/jonas/Downloads/freiburg/rgbd_dataset_freiburg2_360_hemisphere/rgb/1311874913.690547.png","t":[-0.09529383480548859,-0.08103131502866745,-0.34565338492393494]},{"R":[[0.03836280107498169,0.07465255260467529,0.9964714050292969],[-0.3953983783721924,0.9169518947601318,-0.053472891449928284],[-0.9177082180976868,-0.3919517993927002,0.06469433754682541]],"file_name":"/home/jonas/Downloads/freiburg/rgbd_dataset_freiburg2_360_hemisphere/rgb/1311874913.822608.png","t":[-0.10572388768196106,-0.10083507746458054,-0.3388592302799225]},{"R":[[-0.013395172543823719,0.07703794538974762,0.996938169002533],[-0.4354088604450226,0.8970887660980225,-0.07517241686582565],[-0.9001331329345703,-0.43508264422416687,0.021526344120502472]],"file_name":"/home/jonas/Downloads/freiburg/rgbd_dataset_freiburg2_360_hemisphere/rgb/1311874913.990489.png","t":[-0.11982279270887375,-0.11285752058029175,-0.3250240981578827]},{"R":[[-0.06968167424201965,0.07487805187702179,0.9947550892829895],[-0.3165770471096039,0.943973958492279,-0.09323153644800186],[-0.9460039138793945,-0.32141318917274475,-0.04207300767302513]],"file_name":"/home/jonas/Downloads/freiburg/rgbd_dataset_freiburg2_360_hemisphere/rgb/1311874914.554442.png","t":[-0.12422312051057816,-0.06876179575920105,-0.3254946768283844]},{"R":[[-0.07562613487243652,0.0970519632101059,0.9924019575119019],[-0.3009326457977295,0.9466242790222168,-0.11550775170326233],[-0.9506419897079468,-0.3073815405368805,-0.042383428663015366]],"file_name":"/home/jonas/Downloads/freiburg/rgbd_dataset_freiburg2_360_hemisphere/rgb/1311874914.654587.png","t":[-0.12567348778247833,-0.0609428770840168,-0.3278728425502777]},{"R":[[-0.22131666541099548,0.07921359688043594,0.9719794988632202],[-0.006493452005088329,0.9965537786483765,-0.08269486576318741],[-0.9751803874969482,-0.02461325377225876,-0.22003959119319916]],"file_name":"/home/jonas/Downloads/freiburg/rgbd_dataset_freiburg2_360_hemisphere/rgb/1311874915.890485.png","t":[-0.19778375327587128,0.015117664821445942,-0.34833577275276184]},{"R":[[-0.2961091101169586,0.0737435594201088,0.9523031711578369],[0.14833730459213257,0.9884688258171082,-0.030420126393437386],[-0.9435652494430542,0.13225440680980682,-0.30363357067108154]],"file_name":"/home/jonas/Downloads/freiburg/rgbd_dataset_freiburg2_360_hemisphere/rgb/1311874916.290643.png","t":[-0.2186933010816574,0.0615498386323452,-0.3343261182308197]},{"R":[[-0.3074835240840912,0.06189757585525513,0.9495380520820618],[0.16359134018421173,0.9864631295204163,-0.011329755187034607],[-0.937385618686676,0.15185248851776123,-0.31344708800315857]],"file_name":"/home/jonas/Downloads/freiburg/rgbd_dataset_freiburg2_360_hemisphere/rgb/1311874916.358757.png","t":[-0.22172464430332184,0.06512945145368576,-0.3323788046836853]},{"R":[[-0.35895055532455444,0.052983928471803665,0.9318515062332153],[0.2543027698993683,0.9661672711372375,0.04302271828055382],[-0.8980448842048645,0.2524154484272003,-0.36028021574020386]],"file_name":"/home/jonas/Downloads/freiburg/rgbd_dataset_freiburg2_360_hemisphere/rgb/1311874916.622428.png","t":[-0.23318016529083252,0.09072132408618927,-0.32046520709991455]},{"R":[[-0.3757142126560211,0.059284113347530365,0.9248374104499817],[0.2829768657684326,0.957629382610321,0.053572896867990494],[-0.8824754357337952,0.281835675239563,-0.37657099962234497]],"file_name":"/home/jonas/Downloads/freiburg/rgbd_dataset_freiburg2_360_hemisphere/rgb/1311874916.690386.png","t":[-0.23790253698825836,0.10111135989427567,-0.3150620758533478]},{"R":[[-0.3870282769203186,0.07184156775474548,0.9192648530006409],[0.3282504379749298,0.9423824548721313,0.06455154716968536],[-0.8616616129875183,0.3267323672771454,-0.3883107006549835]],"file_name":"/home/jonas/Downloads/freiburg/rgbd_dataset_freiburg2_360_hemisphere/rgb/1311874916.790471.png","t":[-0.24105176329612732,0.11912542581558228,-0.30961036682128906]},{"R":[[-0.3934016525745392,0.06922789663076401,0.9167565703392029],[0.3453081548213959,0.9352794885635376,0.0775531679391861],[-0.8520548343658447,0.3470730781555176,-0.3918454647064209]],"file_name":"/home/jonas/Downloads/freiburg/rgbd_dataset_freiburg2_360_hemisphere/rgb/1311874916.858473.png","t":[-0.2435973882675171,0.12540431320667267,-0.30695396661758423]},{"R":[[-0.41823381185531616,0.06275983899831772,0.9061686992645264],[0.39910897612571716,0.9088498950004578,0.12125953286886215],[-0.8159610629081726,0.412374883890152,-0.40515977144241333]],"file_name":"/home/jonas/Downloads/freiburg/rgbd_dataset_freiburg2_360_hemisphere/rgb/1311874917.058523.png","t":[-0.25241485238075256,0.14476308226585388,-0.29659372568130493]},{"R":[[-0.43210676312446594,0.053045570850372314,0.9002610445022583],[0.4180190861225128,0.896329939365387,0.14782662689685822],[-0.7990893721580505,0.4402031898498535,-0.40948426723480225]],"file_name":"/home/jonas/Downloads/freiburg/rgbd_dataset_freiburg2_360_hemisphere/rgb/1311874917.190499.png","t":[-0.25270968675613403,0.14976999163627625,-0.29425638914108276]},{"R":[[-0.7230408191680908,0.17495353519916534,0.6682837605476379],[0.3304057717323303,0.9371539950370789,0.11213568598031998],[-0.6066662669181824,0.3018834888935089,-0.7354062795639038]],"file_name":"/home/jonas/Downloads/freiburg/rgbd_dataset_freiburg2_360_hemisphere/rgb/1311874918.858464.png","t":[-0.3415178656578064,0.12986601889133453,-0.2186020314693451]},{"R":[[-0.5209618210792542,0.10366442799568176,0.8472617864608765],[0.22814464569091797,0.9733967781066895,0.021183570846915245],[-0.8225258588790894,0.2043340653181076,-0.5307530164718628]],"file_name":"/home/jonas/Downloads/freiburg/rgbd_dataset_freiburg2_360_hemisphere/rgb/1311874919.822498.png","t":[-0.2785221040248871,0.10390463471412659,-0.33542710542678833]},{"R":[[-0.6113566756248474,0.05912229046225548,0.7891435623168945],[0.12735356390476227,0.9915578365325928,0.024374879896640778],[-0.781040370464325,0.115401990711689,-0.613724946975708]],"file_name":"/home/jonas/Downloads/freiburg/rgbd_dataset_freiburg2_360_hemisphere/rgb/1311874920.190712.png","t":[-0.3029080033302307,0.06333420425653458,-0.31377726793289185]},{"R":[[-0.6753782629966736,0.05084824934601784,0.7357164025306702],[0.09409312903881073,0.9954081773757935,0.01757972314953804],[-0.731444239616394,0.08109882473945618,-0.6770614981651306]],"file_name":"/home/jonas/Downloads/freiburg/rgbd_dataset_freiburg2_360_hemisphere/rgb/1311874920.390464.png","t":[-0.32324841618537903,0.05003846436738968,-0.2898246943950653]},{"R":[[-0.774211049079895,0.09093809127807617,0.6263605356216431],[0.09420817345380783,0.9951576590538025,-0.028036141768097878],[-0.6258770823478699,0.03730239346623421,-0.7790291905403137]],"file_name":"/home/jonas/Downloads/freiburg/rgbd_dataset_freiburg2_360_hemisphere/rgb/1311874920.658357.png","t":[-0.35297513008117676,0.053614914417266846,-0.24009621143341064]},{"R":[[-0.8150478601455688,0.06022610887885094,0.5762549638748169],[-0.17732851207256317,0.9209256172180176,-0.3470599055290222],[-0.5515900254249573,-0.38505688309669495,-0.7399186491966248]],"file_name":"/home/jonas/Downloads/freiburg/rgbd_dataset_freiburg2_360_hemisphere/rgb/1311874921.822364.png","t":[-0.3733613193035126,-0.0625806599855423,-0.22569215297698975]},{"R":[[-0.817451536655426,0.05085325241088867,0.5737481713294983],[-0.20545744895935059,0.9048283100128174,-0.37292489409446716],[-0.5381079912185669,-0.42272883653640747,-0.7292051315307617]],"file_name":"/home/jonas/Downloads/freiburg/rgbd_dataset_freiburg2_360_hemisphere/rgb/1311874921.890399.png","t":[-0.37600353360176086,-0.071365125477314,-0.21653376519680023]},{"R":[[-0.803174614906311,0.020787687972187996,0.5953808426856995],[-0.3029384911060333,0.8462836146354675,-0.4382149577140808],[-0.512970507144928,-0.5323269367218018,-0.6734161376953125]],"file_name":"/home/jonas/Downloads/freiburg/rgbd_dataset_freiburg2_360_hemisphere/rgb/1311874922.122404.png","t":[-0.37451404333114624,-0.10983196645975113,-0.21172459423542023]},{"R":[[-0.7962775826454163,0.012915488332509995,0.6047934889793396],[-0.3408026695251465,0.8164358139038086,-0.4661395847797394],[-0.49979549646377563,-0.57729172706604,-0.645707905292511]],"file_name":"/home/jonas/Downloads/freiburg/rgbd_dataset_freiburg2_360_hemisphere/rgb/1311874922.222512.png","t":[-0.3713472783565521,-0.1224396675825119,-0.21019281446933746]},{"R":[[-0.7905518412590027,0.010946632362902164,0.6122972965240479],[-0.36788123846054077,0.7908388376235962,-0.4891189634799957],[-0.48958268761634827,-0.6119265556335449,-0.6211720108985901]],"file_name":"/home/jonas/Downloads/freiburg/rgbd_dataset_freiburg2_360_hemisphere/rgb/1311874922.290431.png","t":[-0.37027233839035034,-0.1338915228843689,-0.2069566249847412]},{"R":[[-0.7875428199768066,0.00740915397182107,0.6162153482437134],[-0.3848448693752289,0.7750676870346069,-0.501163125038147],[-0.4813218414783478,-0.6318347454071045,-0.6075476408004761]],"file_name":"/home/jonas/Downloads/freiburg/rgbd_dataset_freiburg2_360_hemisphere/rgb/1311874922.322511.png","t":[-0.3712122142314911,-0.14339984953403473,-0.20579633116722107]},{"R":[[-0.783003032207489,0.0009738797089084983,0.6220171451568604],[-0.4060235917568207,0.7567702531814575,-0.5122925043106079],[-0.47122296690940857,-0.6536802053451538,-0.5921579599380493]],"file_name":"/home/jonas/Downloads/freiburg/rgbd_dataset_freiburg2_360_hemisphere/rgb/1311874922.358412.png","t":[-0.3706967532634735,-0.15378184616565704,-0.2018965184688568]},{"R":[[-0.7046856880187988,-0.03283418342471123,0.7087594866752625],[-0.5845211744308472,0.5930999517440796,-0.5536853075027466],[-0.40218544006347656,-0.8044590353965759,-0.4371413290500641]],"file_name":"/home/jonas/Downloads/freiburg/rgbd_dataset_freiburg2_360_hemisphere/rgb/1311874922.690382.png","t":[-0.35208162665367126,-0.22592224180698395,-0.1809726357460022]},{"R":[[-0.5943251848220825,-0.04334620386362076,0.8030558824539185],[-0.7015990614891052,0.5160422325134277,-0.491384893655777],[-0.39311107993125916,-0.8554656505584717,-0.3371085524559021]],"file_name":"/home/jonas/Downloads/freiburg/rgbd_dataset_freiburg2_360_hemisphere/rgb/1311874923.022378.png","t":[-0.29279977083206177,-0.3027961552143097,-0.17762210965156555]},{"R":[[-0.5662607550621033,-0.04135296866297722,0.8231881260871887],[-0.718887984752655,0.5133172869682312,-0.4687274396419525],[-0.40317341685295105,-0.8572020530700684,-0.32039958238601685]],"file_name":"/home/jonas/Downloads/freiburg/rgbd_dataset_freiburg2_360_hemisphere/rgb/1311874923.158330.png","t":[-0.302478164434433,-0.30595555901527405,-0.17877742648124695]},{"R":[[-0.47421470284461975,-0.02856079488992691,0.8799458146095276],[-0.7753374576568604,0.48705506324768066,-0.4020313024520874],[-0.4170997440814972,-0.8729041218757629,-0.25311294198036194]],"file_name":"/home/jonas/Downloads/freiburg/rgbd_dataset_freiburg2_360_hemisphere/rgb/1311874923.458380.png","t":[-0.26256489753723145,-0.3357873558998108,-0.1884022057056427]},{"R":[[-0.36922603845596313,-0.009007645770907402,0.9292959570884705],[-0.8235573768615723,0.4665006101131439,-0.3226924240589142],[-0.43061044812202454,-0.8844749927520752,-0.17966248095035553]],"file_name":"/home/jonas/Downloads/freiburg/rgbd_dataset_freiburg2_360_hemisphere/rgb/1311874923.658298.png","t":[-0.21623440086841583,-0.36184537410736084,-0.19758348166942596]},{"R":[[-0.3479568660259247,-0.0038267073687165976,0.9375027418136597],[-0.831068754196167,0.4640539884567261,-0.30655938386917114],[-0.43387874960899353,-0.8857986330986023,-0.164651021361351]],"file_name":"/home/jonas/Downloads/freiburg/rgbd_dataset_freiburg2_360_hemisphere/rgb/1311874923.690365.png","t":[-0.20669381320476532,-0.36618542671203613,-0.1998002529144287]},{"R":[[0.03307226672768593,-0.04171883687376976,0.9985818862915039],[-0.9142069816589355,0.4025019407272339,0.04709359630942345],[-0.4038958251476288,-0.914467990398407,-0.024827999994158745]],"file_name":"/home/jonas/Downloads/freiburg/rgbd_dataset_freiburg2_360_hemisphere/rgb/1311874924.358317.png","t":[-0.03377167135477066,-0.4225488007068634,-0.19282150268554688]},{"R":[[0.15595309436321259,-0.0729987844824791,0.985063374042511],[-0.9140239953994751,0.3674217760562897,0.1719343215227127],[-0.37448471784591675,-0.9271852374076843,-0.009422077797353268]],"file_name":"/home/jonas/Downloads/freiburg/rgbd_dataset_freiburg2_360_hemisphere/rgb/1311874924.558280.png","t":[0.023063980042934418,-0.42865845561027527,-0.17910438776016235]},{"R":[[0.2980538010597229,-0.11137431859970093,0.9480293989181519],[-0.779254138469696,0.5452111959457397,0.30904334783554077],[-0.5512956976890564,-0.830867350101471,0.07571335881948471]],"file_name":"/home/jonas/Downloads/freiburg/rgbd_dataset_freiburg2_360_hemisphere/rgb/1311874925.222332.png","t":[0.08844101428985596,-0.3723474442958832,-0.2562284469604492]},{"R":[[0.30660974979400635,-0.10429827868938446,0.9461037516593933],[-0.7475358247756958,0.5889226198196411,0.30718129873275757],[-0.5892203450202942,-0.8014312386512756,0.10260271281003952]],"file_name":"/home/jonas/Downloads/freiburg/rgbd_dataset_freiburg2_360_hemisphere/rgb/1311874925.358256.png","t":[0.09430187940597534,-0.35622379183769226,-0.270216703414917]},{"R":[[0.2998816967010498,-0.11390344798564911,0.9471520185470581],[-0.7192928194999695,0.6251847147941589,0.3029222786426544],[-0.6266488432884216,-0.7721205353736877,0.10555151849985123]],"file_name":"/home/jonas/Downloads/freiburg/rgbd_dataset_freiburg2_360_hemisphere/rgb/1311874925.458626.png","t":[0.09102033078670502,-0.34334349632263184,-0.28834542632102966]},{"R":[[0.29692840576171875,-0.12168923020362854,0.9471141695976257],[-0.7080774307250977,0.6374014616012573,0.3038843870162964],[-0.6406713724136353,-0.7608621120452881,0.10309719294309616]],"file_name":"/home/jonas/Downloads/freiburg/rgbd_dataset_freiburg2_360_hemisphere/rgb/1311874925.490231.png","t":[0.08824687451124191,-0.3393907845020294,-0.2919066250324249]},{"R":[[0.2530653774738312,-0.13204193115234375,0.9583959579467773],[-0.6479083895683289,0.7125438451766968,0.2692507803440094],[-0.7184515595436096,-0.6890908479690552,0.09476910531520844]],"file_name":"/home/jonas/Downloads/freiburg/rgbd_dataset_freiburg2_360_hemisphere/rgb/1311874925.658380.png","t":[0.06721922010183334,-0.3097550868988037,-0.32186928391456604]},{"R":[[0.23116062581539154,-0.13073550164699554,0.9640917778015137],[-0.6278630495071411,0.736920177936554,0.25047287344932556],[-0.7432043552398682,-0.6632170677185059,0.08826292306184769]],"file_name":"/home/jonas/Downloads/freiburg/rgbd_dataset_freiburg2_360_hemisphere/rgb/1311874925.726395.png","t":[0.05680033564567566,-0.3000469505786896,-0.3321109712123871]},{"R":[[0.2091834545135498,-0.12738755345344543,0.9695435762405396],[-0.6041046380996704,0.7628219723701477,0.2305649220943451],[-0.7689602375030518,-0.6339361667633057,0.08261432498693466]],"file_name":"/home/jonas/Downloads/freiburg/rgbd_dataset_freiburg2_360_hemisphere/rgb/1311874925.790327.png","t":[0.04663076624274254,-0.2886679470539093,-0.34348660707473755]},{"R":[[-0.023126270622015,-0.13799481093883514,0.9901629090309143],[-0.12687315046787262,0.9828249216079712,0.13400888442993164],[-0.991649329662323,-0.12252596765756607,-0.04023691266775131]],"file_name":"/home/jonas/Downloads/freiburg/rgbd_dataset_freiburg2_360_hemisphere/rgb/1311874926.690280.png","t":[-0.061483994126319885,-0.05611374229192734,-0.4690721929073334]},{"R":[[-0.9660521745681763,0.055413827300071716,0.2523341476917267],[0.10591552406549454,0.9758201241493225,0.19119882583618164],[-0.23563769459724426,0.21143414080142975,-0.9485623240470886]],"file_name":"/home/jonas/Downloads/freiburg/rgbd_dataset_freiburg2_360_hemisphere/rgb/1311874930.426178.png","t":[-0.4242033362388611,0.041362158954143524,-0.08880136907100677]},{"R":[[-0.9765021800994873,0.06120310723781586,0.20663422346115112],[0.08013629168272018,0.9931932687759399,0.08452979475259781],[-0.20005422830581665,0.0991024300456047,-0.9747599959373474]],"file_name":"/home/jonas/Downloads/freiburg/rgbd_dataset_freiburg2_360_hemisphere/rgb/1311874931.226211.png","t":[-0.4202944338321686,0.039917293936014175,-0.08560895919799805]},{"R":[[-0.9784330725669861,0.07526152580976486,0.19236527383327484],[0.08634767681360245,0.9950146079063416,0.04990041255950928],[-0.187650665640831,0.06543450802564621,-0.9800538420677185]],"file_name":"/home/jonas/Downloads/freiburg/rgbd_dataset_freiburg2_360_hemisphere/rgb/1311874931.459087.png","t":[-0.41930127143859863,0.04348723217844963,-0.08318591117858887]},{"R":[[-0.947146475315094,0.0289334524422884,0.31949400901794434],[-0.25121963024139404,0.5524654388427734,-0.7947770953178406],[-0.1995050460100174,-0.8330335021018982,-0.515997052192688]],"file_name":"/home/jonas/Downloads/freiburg/rgbd_dataset_freiburg2_360_hemisphere/rgb/1311874933.990215.png","t":[-0.4106329083442688,-0.1324438601732254,-0.14246870577335358]},{"R":[[-0.9194431304931641,0.011128846555948257,0.393065482378006],[-0.3346129059791565,0.5028939843177795,-0.7969515919685364],[-0.20653940737247467,-0.8642764687538147,-0.4586585462093353]],"file_name":"/home/jonas/Downloads/freiburg/rgbd_dataset_freiburg2_360_hemisphere/rgb/1311874934.190110.png","t":[-0.3934554159641266,-0.1711568534374237,-0.14032113552093506]},{"R":[[-0.8404909372329712,0.007135156076401472,0.5417786240577698],[-0.456685870885849,0.528749406337738,-0.7154453992843628],[-0.29156994819641113,-0.848747968673706,-0.4411505460739136]],"file_name":"/home/jonas/Downloads/freiburg/rgbd_dataset_freiburg2_360_hemisphere/rgb/1311874934.558187.png","t":[-0.3514527678489685,-0.22158338129520416,-0.17463922500610352]},{"R":[[-0.8205116987228394,-0.0027540503069758415,0.5716230869293213],[-0.4810166358947754,0.5436040163040161,-0.6878355145454407],[-0.308842271566391,-0.8393372893333435,-0.4473581910133362]],"file_name":"/home/jonas/Downloads/freiburg/rgbd_dataset_freiburg2_360_hemisphere/rgb/1311874934.628228.png","t":[-0.3413238823413849,-0.23060843348503113,-0.1829027384519577]},{"R":[[-0.7497535943984985,0.007448372896760702,0.661675214767456],[-0.4144987463951111,0.7741670608520508,-0.47838908433914185],[-0.5158103704452515,-0.632937490940094,-0.5773471593856812]],"file_name":"/home/jonas/Downloads/freiburg/rgbd_dataset_freiburg2_360_hemisphere/rgb/1311874935.158325.png","t":[-0.3078412115573883,-0.1854865401983261,-0.2698914706707001]},{"R":[[-0.7457099556922913,0.005956798326224089,0.6662440896034241],[-0.38211366534233093,0.8153414130210876,-0.4349798858165741],[-0.5458074808120728,-0.5789498090744019,-0.6057320237159729]],"file_name":"/home/jonas/Downloads/freiburg/rgbd_dataset_freiburg2_360_hemisphere/rgb/1311874935.258130.png","t":[-0.3071416914463043,-0.1687363088130951,-0.2827836871147156]},{"R":[[-0.843187689781189,0.07405906915664673,0.5324938893318176],[0.0446670763194561,0.9966923594474792,-0.0678906962275505],[-0.5357605218887329,-0.033459652215242386,-0.8437067866325378]],"file_name":"/home/jonas/Downloads/freiburg/rgbd_dataset_freiburg2_360_hemisphere/rgb/1311874936.426264.png","t":[-0.36367183923721313,0.026006454601883888,-0.2800637185573578]},{"R":[[-0.8616277575492859,0.06807341426610947,0.5029548406600952],[0.04908410832285881,0.9974957704544067,-0.05092049762606621],[-0.5051616430282593,-0.019187426194548607,-0.8628113865852356]],"file_name":"/home/jonas/Downloads/freiburg/rgbd_dataset_freiburg2_360_hemisphere/rgb/1311874936.526177.png","t":[-0.39580535888671875,0.02621310204267502,-0.27473655343055725]},{"R":[[-0.9877522587776184,0.14036506414413452,0.06814023852348328],[0.148268923163414,0.9804036617279053,0.12971104681491852],[-0.0485980398952961,0.1382254660129547,-0.9892077445983887]],"file_name":"/home/jonas/Downloads/freiburg/rgbd_dataset_freiburg2_360_hemisphere/rgb/1311874938.394141.png","t":[-0.4728872776031494,0.08173671364784241,-0.0897875726222992]},{"R":[[-0.9881368279457092,0.14792722463607788,-0.04126880690455437],[0.13977883756160736,0.9776018857955933,0.15734194219112396],[0.06361962109804153,0.1497068554162979,-0.9866815209388733]],"file_name":"/home/jonas/Downloads/freiburg/rgbd_dataset_freiburg2_360_hemisphere/rgb/1311874939.694119.png","t":[-0.5239427089691162,0.08367692679166794,-0.04198545962572098]},{"R":[[-0.9885959625244141,0.1323515623807907,-0.07184071838855743],[0.11932192742824554,0.9794694781303406,0.16248640418052673],[0.09187112003564835,0.15206122398376465,-0.9840919971466064]],"file_name":"/home/jonas/Downloads/freiburg/rgbd_dataset_freiburg2_360_hemisphere/rgb/1311874940.026074.png","t":[-0.5347766280174255,0.07570245116949081,-0.03142724186182022]},{"R":[[-0.9323419332504272,0.14333270490169525,-0.3319551944732666],[0.09945736825466156,0.9843208193778992,0.14567355811595917],[0.34763020277023315,0.10280217230319977,-0.9319790601730347]],"file_name":"/home/jonas/Downloads/freiburg/rgbd_dataset_freiburg2_360_hemisphere/rgb/1311874941.294133.png","t":[-0.5535919666290283,0.06790962815284729,0.08979146927595139]},{"R":[[-0.8925091028213501,0.11187343299388885,-0.43693459033966064],[0.05271768569946289,0.9879849553108215,0.14528091251850128],[0.44793787598609924,0.1066303551197052,-0.8876832723617554]],"file_name":"/home/jonas/Downloads/freiburg/rgbd_dataset_freiburg2_360_hemisphere/rgb/1311874941.594026.png","t":[-0.550144612789154,0.04284502565860748,0.14544673264026642]},{"R":[[-0.8329647779464722,0.086910180747509,-0.5464579463005066],[0.010116750374436378,0.9898146986961365,0.1420019119977951],[0.5532335638999939,0.1127542108297348,-0.8253600001335144]],"file_name":"/home/jonas/Downloads/freiburg/rgbd_dataset_freiburg2_360_hemisphere/rgb/1311874941.958110.png","t":[-0.530855119228363,0.01839868538081646,0.20478028059005737]},{"R":[[-0.7633359432220459,0.0732770562171936,-0.6418323516845703],[-0.0020973091013729572,0.9932594299316406,0.11589332669973373],[0.6459983587265015,0.08981166034936905,-0.7580369710922241]],"file_name":"/home/jonas/Downloads/freiburg/rgbd_dataset_freiburg2_360_hemisphere/rgb/1311874942.558074.png","t":[-0.4956764578819275,0.01250695250928402,0.2487427145242691]},{"R":[[-0.7790957093238831,0.07094563543796539,-0.6228776574134827],[0.15492640435695648,0.9845467805862427,-0.08164235204458237],[0.6074600219726563,-0.16010740399360657,-0.778047502040863]],"file_name":"/home/jonas/Downloads/freiburg/rgbd_dataset_freiburg2_360_hemisphere/rgb/1311874943.494104.png","t":[-0.4934732913970947,0.07446086406707764,0.19871623814105988]},{"R":[[-0.712871789932251,-0.007296687923371792,-0.7012564539909363],[-0.17578572034835815,0.9698822498321533,0.16860558092594147],[0.6789059042930603,0.24346502125263214,-0.6926842927932739]],"file_name":"/home/jonas/Downloads/freiburg/rgbd_dataset_freiburg2_360_hemisphere/rgb/1311874950.093953.png","t":[-0.4678519666194916,-0.05387942120432854,0.18329808115959167]},{"R":[[-0.6854891777038574,-0.00931471399962902,-0.7280232310295105],[-0.15840888023376465,0.977872908115387,0.13664257526397705],[0.7106414437294006,0.2089923471212387,-0.6717967987060547]],"file_name":"/home/jonas/Downloads/freiburg/rgbd_dataset_freiburg2_360_hemisphere/rgb/1311874950.725908.png","t":[-0.4481043815612793,-0.04365915432572365,0.18586696684360504]},{"R":[[-0.6374562382698059,-0.028575178235769272,-0.7699564695358276],[-0.1513221263885498,0.9844927787780762,0.08874421566724777],[0.7554807066917419,0.17308200895786285,-0.6318951845169067]],"file_name":"/home/jonas/Downloads/freiburg/rgbd_dataset_freiburg2_360_hemisphere/rgb/1311874951.126092.png","t":[-0.4288817048072815,-0.04562120512127876,0.20216888189315796]},{"R":[[-0.9408411979675293,0.11190894991159439,-0.3198346495628357],[0.07249981164932251,0.9885134696960449,0.13260819017887115],[0.3310008943080902,0.10157530009746552,-0.9381475448608398]],"file_name":"/home/jonas/Downloads/freiburg/rgbd_dataset_freiburg2_360_hemisphere/rgb/1311874953.229806.png","t":[-0.4491131901741028,0.06753760576248169,-0.07697941362857819]},{"R":[[-0.971183180809021,0.13938729465007782,0.19332458078861237],[0.19252802431583405,0.9369528889656067,0.29163724184036255],[-0.140485480427742,0.32045358419418335,-0.9367888569831848]],"file_name":"/home/jonas/Downloads/freiburg/rgbd_dataset_freiburg2_360_hemisphere/rgb/1311874954.661748.png","t":[-0.355968177318573,0.1522599160671234,-0.2811279892921448]},{"R":[[-0.9788979291915894,0.14884695410728455,0.14001227915287018],[0.18610098958015442,0.932368814945221,0.30992719531059265],[-0.08441136032342911,0.3294435143470764,-0.9403944611549377]],"file_name":"/home/jonas/Downloads/freiburg/rgbd_dataset_freiburg2_360_hemisphere/rgb/1311874954.993635.png","t":[-0.35876020789146423,0.15140777826309204,-0.2577398121356964]},{"R":[[-0.982805609703064,0.15352106094360352,0.10258831083774567],[0.17835932970046997,0.9330553412437439,0.3124030828475952],[-0.047760117799043655,0.32532909512519836,-0.9443939328193665]],"file_name":"/home/jonas/Downloads/freiburg/rgbd_dataset_freiburg2_360_hemisphere/rgb/1311874955.129741.png","t":[-0.3642853796482086,0.14839166402816772,-0.24361611902713776]},{"R":[[-0.9859769940376282,0.1524912714958191,0.06779256463050842],[0.16617311537265778,0.9345210790634155,0.31473293900489807],[-0.01535955909639597,0.3215847313404083,-0.9467562437057495]],"file_name":"/home/jonas/Downloads/freiburg/rgbd_dataset_freiburg2_360_hemisphere/rgb/1311874955.229647.png","t":[-0.3695724308490753,0.14373713731765747,-0.23090919852256775]},{"R":[[-0.9887163043022156,0.14811953902244568,-0.02237609773874283],[0.13374631106853485,0.9401296377182007,0.31347763538360596],[0.06746859848499298,0.3069477379322052,-0.9493318796157837]],"file_name":"/home/jonas/Downloads/freiburg/rgbd_dataset_freiburg2_360_hemisphere/rgb/1311874955.429770.png","t":[-0.38447305560112,0.13105757534503937,-0.1997459977865219]},{"R":[[-0.9632297158241272,0.13134804368019104,-0.23438462615013123],[0.05287482216954231,0.9479686617851257,0.31394219398498535],[0.26342499256134033,0.2900054156780243,-0.9200565814971924]],"file_name":"/home/jonas/Downloads/freiburg/rgbd_dataset_freiburg2_360_hemisphere/rgb/1311874955.793622.png","t":[-0.4141142964363098,0.10142406821250916,-0.12283515185117722]},{"R":[[-0.8924728035926819,0.10356071591377258,-0.43905290961265564],[-0.04049205407500267,0.9509711265563965,0.30661749839782715],[0.44928017258644104,0.2914259433746338,-0.8445224761962891]],"file_name":"/home/jonas/Downloads/freiburg/rgbd_dataset_freiburg2_360_hemisphere/rgb/1311874956.129635.png","t":[-0.4313301146030426,0.06656019389629364,-0.04487871378660202]},{"R":[[-0.7064381837844849,0.02814554050564766,-0.707214891910553],[-0.2526857554912567,0.9233306646347046,0.28915467858314514],[0.6611316204071045,0.3829730451107025,-0.6451640725135803]],"file_name":"/home/jonas/Downloads/freiburg/rgbd_dataset_freiburg2_360_hemisphere/rgb/1311874956.629683.png","t":[-0.42283394932746887,-0.017940998077392578,0.07351546734571457]},{"R":[[-0.6233615875244141,-0.0010601741960272193,-0.7819329500198364],[-0.34317243099212646,0.8989174365997314,0.27236029505729675],[0.7026044130325317,0.43811678886413574,-0.5607144236564636]],"file_name":"/home/jonas/Downloads/freiburg/rgbd_dataset_freiburg2_360_hemisphere/rgb/1311874956.861733.png","t":[-0.4074467718601227,-0.055170852690935135,0.10614121705293655]},{"R":[[-0.5980111956596375,-0.006868353113532066,-0.8014582991600037],[-0.3610180914402008,0.895084798336029,0.26170432567596436],[0.7155756950378418,0.44584307074546814,-0.5377503037452698]],"file_name":"/home/jonas/Downloads/freiburg/rgbd_dataset_freiburg2_360_hemisphere/rgb/1311874956.929732.png","t":[-0.401714026927948,-0.0637141540646553,0.11578330397605896]},{"R":[[-0.553799569606781,-0.013557086698710918,-0.8325396180152893],[-0.3780559003353119,0.8949575424194336,0.23690666258335114],[0.7418758273124695,0.4459453225135803,-0.5007524490356445]],"file_name":"/home/jonas/Downloads/freiburg/rgbd_dataset_freiburg2_360_hemisphere/rgb/1311874957.061738.png","t":[-0.3900681138038635,-0.07490137964487076,0.13297590613365173]},{"R":[[-0.5193093419075012,-0.01456578727811575,-0.854462206363678],[-0.37575477361679077,0.9019100069999695,0.21299470961093903],[0.7675455212593079,0.4316783845424652,-0.47384345531463623]],"file_name":"/home/jonas/Downloads/freiburg/rgbd_dataset_freiburg2_360_hemisphere/rgb/1311874957.193625.png","t":[-0.3793801963329315,-0.07724278420209885,0.14766338467597961]},{"R":[[-0.5013867616653442,-0.013141049072146416,-0.865123450756073],[-0.3625944256782532,0.9110376834869385,0.19630500674247742],[0.7855803966522217,0.4121136963367462,-0.4615471065044403]],"file_name":"/home/jonas/Downloads/freiburg/rgbd_dataset_freiburg2_360_hemisphere/rgb/1311874957.261739.png","t":[-0.3745228052139282,-0.07513836771249771,0.15598097443580627]},{"R":[[-0.49362021684646606,-0.014000306837260723,-0.8695648908615112],[-0.34401366114616394,0.9214624762535095,0.18044811487197876],[0.7987450361251831,0.388215035200119,-0.4596688151359558]],"file_name":"/home/jonas/Downloads/freiburg/rgbd_dataset_freiburg2_360_hemisphere/rgb/1311874957.329629.png","t":[-0.3708607852458954,-0.07045571506023407,0.16004964709281921]},{"R":[[-0.18483597040176392,0.10060961544513702,-0.977605938911438],[0.27375292778015137,0.9606457948684692,0.04710570350289345],[0.943872332572937,-0.25891566276550293,-0.20510408282279968]],"file_name":"/home/jonas/Downloads/freiburg/rgbd_dataset_freiburg2_360_hemisphere/rgb/1311874958.593751.png","t":[-0.28513699769973755,0.12682537734508514,0.24301303923130035]},{"R":[[-0.11460363119840622,0.06028452143073082,-0.9915804266929626],[0.42965346574783325,0.9029786586761475,0.00523990485817194],[0.8956918716430664,-0.42543545365333557,-0.1293860822916031]],"file_name":"/home/jonas/Downloads/freiburg/rgbd_dataset_freiburg2_360_hemisphere/rgb/1311874958.829711.png","t":[-0.27210667729377747,0.16479215025901794,0.2312617003917694]},{"R":[[-0.11302511394023895,0.04451356455683708,-0.9925945401191711],[0.46143922209739685,0.8870800137519836,-0.012761633843183517],[0.8799427151679993,-0.459464430809021,-0.1208026260137558]],"file_name":"/home/jonas/Downloads/freiburg/rgbd_dataset_freiburg2_360_hemisphere/rgb/1311874958.861632.png","t":[-0.2741446793079376,0.1625221222639084,0.22435684502124786]},{"R":[[-0.11911661922931671,0.025254884734749794,-0.992559015750885],[0.49699875712394714,0.8669368624687195,-0.03758609667420387],[0.8595367670059204,-0.4977777302265167,-0.11581823229789734]],"file_name":"/home/jonas/Downloads/freiburg/rgbd_dataset_freiburg2_360_hemisphere/rgb/1311874958.893769.png","t":[-0.27696695923805237,0.15769840776920319,0.2155311405658722]},{"R":[[-0.18997715413570404,-0.012656551785767078,-0.9817069172859192],[0.8106781244277954,0.5620175004005432,-0.16412590444087982],[0.5538136959075928,-0.8270285129547119,-0.09651008993387222]],"file_name":"/home/jonas/Downloads/freiburg/rgbd_dataset_freiburg2_360_hemisphere/rgb/1311874959.462510.png","t":[-0.2759002447128296,0.22951140999794006,0.13065318763256073]},{"R":[[-0.24536243081092834,-0.022562557831406593,-0.9691688418388367],[0.8552752733230591,0.46562638878822327,-0.22736816108226776],[0.4564005732536316,-0.8846937417984009,-0.09495002031326294]],"file_name":"/home/jonas/Downloads/freiburg/rgbd_dataset_freiburg2_360_hemisphere/rgb/1311874959.661823.png","t":[-0.28822988271713257,0.22805513441562653,0.0964217334985733]},{"R":[[-0.26738011837005615,-0.02251683734357357,-0.9633280038833618],[0.8708177208900452,0.42235809564590454,-0.2515752911567688],[0.41253408789634705,-0.9061493277549744,-0.09332209825515747]],"file_name":"/home/jonas/Downloads/freiburg/rgbd_dataset_freiburg2_360_hemisphere/rgb/1311874959.761704.png","t":[-0.29381418228149414,0.22638262808322906,0.08267977833747864]},{"R":[[-0.26885879039764404,-0.02013697847723961,-0.9629690647125244],[0.8754279017448425,0.41182780265808105,-0.25302934646606445],[0.40167269110679626,-0.9110391736030579,-0.09309504181146622]],"file_name":"/home/jonas/Downloads/freiburg/rgbd_dataset_freiburg2_360_hemisphere/rgb/1311874959.794093.png","t":[-0.294851690530777,0.22745965421199799,0.08039218187332153]},{"R":[[-0.27223533391952515,-0.014062519185245037,-0.9621279239654541],[0.8875290751457214,0.38260576128959656,-0.2567196488380432],[0.37172582745552063,-0.9238047003746033,-0.09167791157960892]],"file_name":"/home/jonas/Downloads/freiburg/rgbd_dataset_freiburg2_360_hemisphere/rgb/1311874959.861642.png","t":[-0.2955429255962372,0.22958406805992126,0.07090584933757782]},{"R":[[-0.39643025398254395,-0.031268756836652756,-0.917532205581665],[0.5141826272010803,0.8204009532928467,-0.25011706352233887],[0.7605651021003723,-0.5709330439567566,-0.30915388464927673]],"file_name":"/home/jonas/Downloads/freiburg/rgbd_dataset_freiburg2_360_hemisphere/rgb/1311874965.197442.png","t":[-0.32996535301208496,0.13401567935943604,0.1616455465555191]},{"R":[[-0.0013526572147384286,-0.077397920191288,-0.9969993829727173],[0.013810194097459316,0.9969037771224976,-0.07740923017263412],[0.9999037384986877,-0.013873463496565819,-0.0002795887994579971]],"file_name":"/home/jonas/Downloads/freiburg/rgbd_dataset_freiburg2_360_hemisphere/rgb/1311874967.434072.png","t":[-0.23024694621562958,0.01668998971581459,0.3078054189682007]},{"R":[[0.09479133784770966,-0.08302014321088791,-0.9920293688774109],[0.005351733416318893,0.996544599533081,-0.08288663625717163],[0.9954828023910522,0.0025478582829236984,0.09490809589624405]],"file_name":"/home/jonas/Downloads/freiburg/rgbd_dataset_freiburg2_360_hemisphere/rgb/1311874967.633952.png","t":[-0.1997658759355545,0.012969115749001503,0.3277519941329956]},{"R":[[0.1243836060166359,-0.08726832270622253,-0.9883890748023987],[0.0031393105164170265,0.9961544275283813,-0.08755888789892197],[0.9922