0 1 0 0 -0 0 1 0 -0 0 0 1 -0
1 0.999996 0.00141727 -0.00243234 -2.08207e-05 -0.00140635 0.999989 0.00448756 0.000608297 0.00243867 -0.00448412 0.999987 -0.0019071
2 0.999962 0.00486037 -0.00724133 0.000351151 -0.00479635 0.99995 0.00883119 0.00179421 0.00728389 -0.00879612 0.999935 -0.00443773
3 0.999893 0.0102711 -0.010451 0.00553512 -0.0101419 0.999872 0.0123371 0.00437583 0.0105764 -0.0122298 0.999869 -0.00735329
4 0.999835 0.0170069 -0.00631162 0.00696089 -0.0169091 0.999741 0.0152482 0.00597428 0.00656931 -0.015139 0.999864 -0.0094462
5 0.999771 0.0213738 -0.000689796 0.00983421 -0.021359 0.999627 0.0170409 0.00446282 0.00105377 -0.0170223 0.999855 -0.0133968
6 0.999717 0.0233619 0.0045474 0.0106695 -0.0234355 0.999583 0.0168632 0.00363053 -0.00415155 -0.016965 0.999847 -0.0161703
7 0.999627 0.0267173 0.00570578 0.0142086 -0.0268002 0.999529 0.0149818 0.00231535 -0.00530282 -0.0151291 0.999871 -0.0190871
8 0.999546 0.0291831 0.00749823 0.0158914 -0.0292578 0.999521 0.0100593 0.00410843 -0.00720108 -0.0102741 0.999921 -0.0218953
9 0.999522 0.029108 0.0103722 0.00970422 -0.0291816 0.99955 0.00701242 0.00693039 -0.0101634 -0.00731175 0.999922 -0.0283853
10 0.999564 0.0292732 0.00397523 0.0174923 -0.0292972 0.999552 0.00612084 0.00879842 -0.00379427 -0.00623463 0.999973 -0.0310133
11 0.999624 0.0274317 -0.00012654 0.0224767 -0.0274301 0.999597 0.00727494 0.00593231 0.000326053 -0.00726873 0.999974 -0.0343173
12 0.999633 0.0267801 -0.00413344 0.028487 -0.0267713 0.999639 0.00217303 0.0062404 0.00419014 -0.00206157 0.999989 -0.0371254
13 0.999613 0.0269327 -0.0069817 0.0365012 -0.0269503 0.999634 -0.00243308 0.00596673 0.00691361 0.0026203 0.999973 -0.0379493
14 0.999572 0.0278535 -0.00891733 0.0459699 -0.0279437 0.999558 -0.0101527 0.00485202 0.00863059 0.0103976 0.999909 -0.0396763
15 0.999531 0.0295278 -0.0080878 0.0545594 -0.0296552 0.99943 -0.0161094 0.00423669 0.00760752 0.0163417 0.999838 -0.0421337
16 0.999532 0.0299649 -0.00617582 0.0626199 -0.0300958 0.999298 -0.0223276 0.00282916 0.00550244 0.022503 0.999732 -0.0425559
17 0.999384 0.0345974 -0.00580171 0.070872 -0.0347424 0.999029 -0.0271047 0.00233741 0.00485832 0.0272895 0.999616 -0.0466237
18 0.999243 0.0385387 -0.00531625 0.0755485 -0.0386756 0.998842 -0.0286285 0.00710331 0.00420679 0.0288124 0.999576 -0.0489587
19 0.999193 0.0385336 -0.0113036 0.084503 -0.0387808 0.998994 -0.0225367 0.0039873 0.0104238 0.0229569 0.999682 -0.0498324
20 0.99909 0.0381136 -0.0191694 0.0926881 -0.0385395 0.999007 -0.0223623 0.00347804 0.018298 0.0230807 0.999566 -0.0515793
21 0.998795 0.0399931 -0.0284294 0.10323 -0.0406494 0.998911 -0.0228964 0.00582657 0.0274828 0.0240245 0.999334 -0.0532715
22 0.998293 0.0458399 -0.0361863 0.114022 -0.0466012 0.998704 -0.0204833 0.00313735 0.0352004 0.0221347 0.999135 -0.0566916
23 0.997865 0.0488968 -0.0432884 0.12634 -0.0500029 0.99844 -0.0248472 0.00337965 0.042006 0.0269587 0.998754 -0.0578034
24 0.997214 0.054014 -0.0514392 0.140783 -0.055582 0.998017 -0.0295551 0.0049345 0.0497408 0.0323319 0.998239 -0.0596505
25 0.996567 0.0604166 -0.0566056 0.151761 -0.0623389 0.997515 -0.0328314 0.00861742 0.0544813 0.0362474 0.997857 -0.0632968
26 0.996162 0.0637736 -0.0599527 0.162882 -0.0658071 0.9973 -0.0325783 0.0113671 0.0577132 0.0363986 0.997669 -0.0649435
27 0.995816 0.0668526 -0.0622945 0.166077 -0.0687663 0.997208 -0.0290975 0.0118233 0.0601754 0.0332595 0.997634 -0.0686847
28 0.994881 0.0693906 -0.0734684 0.179637 -0.0714629 0.997105 -0.0259616 0.0177481 0.0714543 0.0310789 0.99696 -0.0685837
29 0.993887 0.0708611 -0.0846658 0.192373 -0.0726187 0.9972 -0.0178594 0.0185435 0.0831632 0.0238986 0.996249 -0.070221
30 0.993147 0.0728516 -0.0913877 0.201185 -0.0745136 0.997109 -0.0149036 0.0196799 0.0900378 0.0216111 0.995704 -0.0683797
31 0.992555 0.0749077 -0.0960364 0.212377 -0.0766121 0.99696 -0.0141804 0.0213442 0.0946823 0.0214324 0.995277 -0.0718862
32 0.991994 0.077026 -0.100078 0.224339 -0.078733 0.996808 -0.0132148 0.02891 0.0987403 0.0209884 0.994892 -0.072151
33 0.992221 0.0729632 -0.100867 0.23058 -0.0737286 0.997271 -0.00387578 0.0298567 0.100309 0.0112824 0.994892 -0.0739642
34 0.992088 0.0681177 -0.10546 0.239129 -0.0678823 0.997676 0.00582407 0.0309393 0.105612 0.00138088 0.994407 -0.0744446
35 0.991773 0.0661644 -0.10958 0.248189 -0.0648963 0.997778 0.0151023 0.0313244 0.110336 -0.0078667 0.993863 -0.0743931
36 0.991615 0.0654006 -0.111458 0.257237 -0.0635339 0.997775 0.0202219 0.0330725 0.112532 -0.012971 0.993563 -0.0745107
37 0.991596 0.0667632 -0.110811 0.262729 -0.0646989 0.99766 0.0221257 0.031637 0.112029 -0.0147704 0.993595 -0.0767997
38 0.991284 0.0715167 -0.110638 0.270747 -0.06978 0.997372 0.0194959 0.0333756 0.111741 -0.0116057 0.99367 -0.0794055
39 0.991539 0.0744463 -0.106338 0.275533 -0.072922 0.997172 0.0181569 0.0333363 0.107389 -0.0102489 0.994164 -0.0827417
40 0.991834 0.074626 -0.10342 0.28269 -0.0736389 0.997196 0.0133354 0.036462 0.104125 -0.00561082 0.994548 -0.0854155
41 0.992054 0.0763873 -0.0999719 0.286592 -0.0757854 0.997076 0.00981033 0.0392489 0.100429 -0.00215597 0.994942 -0.0896394
42 0.992482 0.077057 -0.0950829 0.290001 -0.0764524 0.997023 0.0099907 0.0419853 0.0955697 -0.00264628 0.995419 -0.0949203
43 0.993291 0.0739149 -0.0889361 0.291849 -0.0730941 0.997247 0.0124556 0.0457321 0.0896119 -0.00587134 0.995959 -0.0963242
44 0.993741 0.0730922 -0.0844782 0.294681 -0.0719284 0.997269 0.0167427 0.0464513 0.0854713 -0.0105615 0.996285 -0.102551
45 0.994086 0.0752882 -0.0782559 0.296297 -0.0738298 0.997042 0.0213695 0.0491183 0.0796332 -0.0154655 0.996704 -0.10731
46 0.994641 0.0759235 -0.0701769 0.296409 -0.0743244 0.996917 0.0251272 0.0491596 0.0718683 -0.0197767 0.997218 -0.111875
47 0.995239 0.0743356 -0.063038 0.298257 -0.0729313 0.997041 0.0242951 0.0504921 0.0646574 -0.019582 0.997715 -0.117077
48 0.995862 0.0720995 -0.0553193 0.296595 -0.0710153 0.997247 0.0213232 0.0549077 0.0567044 -0.0173065 0.998241 -0.12352
49 0.996257 0.0704442 -0.0500964 0.297333 -0.0694048 0.997342 0.0221949 0.0594794 0.0515267 -0.0186349 0.998498 -0.129123
50 0.996974 0.0643488 -0.0436066 0.298533 -0.0633014 0.997681 0.024991 0.0634188 0.0451137 -0.0221551 0.998736 -0.134207
51 0.997853 0.0538808 -0.0372332 0.298219 -0.0527869 0.998162 0.0297621 0.0693177 0.0387683 -0.0277328 0.998863 -0.142304
52 0.998037 0.0537317 -0.0321618 0.295176 -0.0524854 0.997882 0.038416 0.0730207 0.0341579 -0.0366526 0.998744 -0.146892
53 0.998031 0.0555241 -0.0291772 0.293931 -0.0542248 0.997577 0.0435826 0.0753541 0.0315264 -0.0419147 0.998624 -0.153489
54 0.997948 0.0583921 -0.0262651 0.291336 -0.0571437 0.997306 0.0460033 0.0843457 0.0288806 -0.044408 0.998596 -0.160839
55 0.998053 0.0580374 -0.0228348 0.291479 -0.0567625 0.99698 0.0529982 0.0903854 0.0258417 -0.0515988 0.998334 -0.164957
56 0.998207 0.0570315 -0.0181514 0.290598 -0.0558574 0.996653 0.0596834 0.0949525 0.0214945 -0.0585625 0.998052 -0.170843
57 0.998446 0.0539184 -0.0140735 0.293002 -0.0528883 0.996454 0.0654442 0.104018 0.0175522 -0.0645982 0.997757 -0.174877
58 0.998867 0.046947 -0.00781916 0.293596 -0.0462495 0.996236 0.073314 0.110999 0.0112316 -0.0728693 0.997278 -0.178987
59 0.999109 0.0419887 -0.0043339 0.29445 -0.0414774 0.995607 0.0839454 0.115072 0.00783962 -0.0836909 0.996461 -0.183044
60 0.999068 0.0430611 -0.00309931 0.293458 -0.042597 0.994889 0.0915506 0.123761 0.00702574 -0.0913333 0.995796 -0.186992
61 0.998982 0.0450733 -0.00163276 0.294179 -0.0447091 0.994385 0.0959106 0.130537 0.00594659 -0.09574 0.995389 -0.190847
62 0.998776 0.0494532 0.00108428 0.297442 -0.0493091 0.993648 0.101159 0.130659 0.00392525 -0.101089 0.99487 -0.196213
63 0.998613 0.052298 0.00604192 0.302376 -0.052643 0.993164 0.104184 0.133599 -0.000552023 -0.104357 0.99454 -0.199263
64 0.998658 0.0501313 0.0130067 0.305248 -0.0512155 0.993247 0.104099 0.137382 -0.00770026 -0.104626 0.994482 -0.201134
65 0.998587 0.0504582 0.0166982 0.30835 -0.0519464 0.993031 0.105784 0.138236 -0.0112442 -0.106502 0.994249 -0.204398
66 0.998518 0.0513973 0.0178998 0.311367 -0.052994 0.993098 0.104636 0.140057 -0.0123983 -0.105429 0.99435 -0.207899
67 0.99856 0.0507703 0.0173384 0.315512 -0.0522952 0.993275 0.103298 0.141331 -0.0119773 -0.104056 0.994499 -0.21083
68 0.998593 0.0506023 0.0158423 0.320211 -0.0519625 0.993389 0.102359 0.142701 -0.010558 -0.103038 0.994621 -0.214767
69 0.99872 0.0484699 0.0144598 0.324839 -0.0496922 0.993577 0.101662 0.143029 -0.00943938 -0.10225 0.994714 -0.217925
70 0.998848 0.0460941 0.0133122 0.33049 -0.0471948 0.993893 0.099747 0.144163 -0.00863318 -0.10026 0.994924 -0.22087
71 0.998983 0.0436982 0.0110828 0.337157 -0.0445705 0.994261 0.0972518 0.145258 -0.0067695 -0.0976469 0.995198 -0.220849
72 0.99904 0.0431902 0.00737374 0.344773 -0.0436937 0.994583 0.0943124 0.145365 -0.00326043 -0.094544 0.995515 -0.22478
73 0.999058 0.043219 0.00383738 0.350829 -0.0433887 0.994781 0.0923437 0.144498 0.000173651 -0.0924232 0.99572 -0.227693
74 0.999001 0.0446775 -0.000869144 0.358429 -0.0444209 0.995004 0.0894124 0.144719 0.00485952 -0.0892845 0.995994 -0.228656
75 0.9988 0.0485327 -0.00649848 0.366525 -0.0477875 0.995082 0.086763 0.146339 0.0106774 -0.0863483 0.996208 -0.229618
76 0.998521 0.052803 -0.0129736 0.37732 -0.0515047 0.994998 0.0855907 0.143354 0.0174282 -0.0847958 0.996246 -0.232321
77 0.998177 0.0576928 -0.0177346 0.388259 -0.0560224 0.994934 0.0834687 0.141152 0.0224603 -0.082323 0.996353 -0.233141
78 0.997667 0.0645617 -0.0221985 0.398137 -0.0625968 0.994824 0.0800411 0.140693 0.0272512 -0.0784648 0.996544 -0.232256
79 0.997157 0.0697637 -0.0284735 0.409339 -0.0674212 0.994805 0.0762739 0.143107 0.0336467 -0.0741374 0.99668 -0.234358
80 0.996368 0.0762391 -0.0379133 0.422081 -0.073178 0.994384 0.0764551 0.143022 0.0435293 -0.0734031 0.996352 -0.234608
81 0.995407 0.0832034 -0.0473542 0.434788 -0.0794112 0.993863 0.0770015 0.14333 0.0534704 -0.0728874 0.995906 -0.235736
82 0.994577 0.0875002 -0.0562101 0.447305 -0.082958 0.993448 0.0786099 0.14094 0.0627202 -0.0735205 0.995319 -0.236743
83 0.992379 0.0983055 -0.0743009 0.472285 -0.0923578 0.992535 0.0796469 0.139567 0.081576 -0.0721776 0.99405 -0.233655
84 0.991079 0.103956 -0.083397 0.482417 -0.0974705 0.992146 0.0784007 0.136143 0.0908922 -0.0695725 0.993428 -0.23628
85 0.989396 0.110641 -0.0941006 0.493441 -0.103785 0.991776 0.0748884 0.136953 0.101612 -0.064328 0.992742 -0.236395
86 0.987436 0.11759 -0.105561 0.507063 -0.110098 0.991146 0.0742171 0.135372 0.113353 -0.0616626 0.991639 -0.23811
87 0.985959 0.123723 -0.11215 0.516495 -0.116107 0.990617 0.0720912 0.135081 0.120017 -0.0580576 0.991073 -0.237705
88 0.984663 0.128666 -0.117832 0.529293 -0.120739 0.99006 0.0721406 0.134064 0.125942 -0.0568073 0.99041 -0.239884
89 0.983756 0.131983 -0.121672 0.538662 -0.123761 0.989634 0.0728524 0.133979 0.130027 -0.0566107 0.989893 -0.239317
90 0.983253 0.132478 -0.125151 0.548647 -0.123864 0.989514 0.0743008 0.132868 0.133682 -0.0575547 0.989352 -0.240242
91 0.982889 0.131606 -0.128878 0.554417 -0.122665 0.989606 0.0750484 0.134184 0.137416 -0.0579554 0.988816 -0.238043
92 0.982207 0.131293 -0.134281 0.562429 -0.121835 0.989605 0.0764101 0.132772 0.142918 -0.0586903 0.987993 -0.241183
93 0.981058 0.133025 -0.140819 0.571931 -0.123021 0.989369 0.0775528 0.131071 0.149639 -0.0587601 0.986993 -0.239996
94 0.979942 0.136556 -0.145144 0.579785 -0.126628 0.989064 0.0756162 0.131559 0.153882 -0.0557202 0.986517 -0.239952
95 0.979406 0.138373 -0.14703 0.588016 -0.128278 0.988814 0.0761031 0.12856 0.155916 -0.0556752 0.9862 -0.24136
96 0.979271 0.137236 -0.148981 0.594073 -0.127059 0.988991 0.0758487 0.129153 0.15775 -0.055347 0.985927 -0.239726
97 0.979044 0.137105 -0.15058 0.597613 -0.12673 0.988982 0.076507 0.12785 0.159411 -0.0558207 0.985633 -0.24021
98 0.978348 0.138291 -0.153985 0.603978 -0.127625 0.988816 0.0771711 0.127689 0.162935 -0.0558478 0.985055 -0.239536
99 0.977728 0.138531 -0.157659 0.611521 -0.127307 0.988693 0.0792375 0.128559 0.166853 -0.0574016 0.984309 -0.239021
100 0.977221 0.140414 -0.159131 0.615077 -0.128448 0.988221 0.0831886 0.128948 0.168937 -0.0608537 0.983746 -0.236477
101 0.976698 0.141776 -0.161122 0.621544 -0.128996 0.9878 0.0872394 0.126271 0.171525 -0.0644224 0.983071 -0.23515
102 0.976676 0.141309 -0.161668 0.624242 -0.127843 0.987619 0.0909149 0.124921 0.172513 -0.0681262 0.982648 -0.234091
103 0.976759 0.142846 -0.1598 0.630713 -0.129192 0.987263 0.0928472 0.123436 0.171028 -0.0700444 0.982773 -0.225213
104 0.97771 0.136947 -0.15915 0.633301 -0.123567 0.988139 0.0911688 0.119308 0.169748 -0.0694708 0.983036 -0.223814
105 0.978155 0.131323 -0.161145 0.635746 -0.118258 0.989059 0.08819 0.11485 0.170963 -0.0672068 0.982983 -0.220616
106 0.978765 0.122168 -0.164603 0.642372 -0.109144 0.990298 0.086008 0.112193 0.173514 -0.0662161 0.982603 -0.218448
107 0.978965 0.11911 -0.16565 0.645219 -0.105833 0.990587 0.0868191 0.109866 0.174432 -0.0674617 0.982356 -0.215808
108 0.979004 0.118276 -0.166019 0.647491 -0.105091 0.990728 0.0861032 0.109569 0.174663 -0.0668484 0.982356 -0.209879
109 0.979237 0.118844 -0.164228 0.646509 -0.105864 0.990683 0.0856763 0.104459 0.17288 -0.0665115 0.982695 -0.204136
110 0.978803 0.120156 -0.165855 0.651428 -0.10743 0.990682 0.08371 0.100975 0.174368 -0.0641179 0.982591 -0.200994
111 0.978485 0.122085 -0.166319 0.652141 -0.109873 0.990658 0.0807786 0.100204 0.174627 -0.0607667 0.982758 -0.19662
112 0.977471 0.124574 -0.170386 0.661625 -0.112221 0.99043 0.0803448 0.097601 0.178764 -0.0594139 0.982096 -0.188741
113 0.976455 0.131402 -0.171084 0.662393 -0.118577 0.989454 0.0831856 0.094587 0.180211 -0.0609404 0.981738 -0.177529
114 0.976193 0.132674 -0.171597 0.659877 -0.119092 0.989046 0.0872074 0.0909299 0.181287 -0.0646955 0.9813 -0.172487
115 0.975613 0.134202 -0.173692 0.658332 -0.11976 0.988609 0.0911602 0.0878724 0.183947 -0.0681358 0.980572 -0.167598
116 0.974735 0.136492 -0.176809 0.658458 -0.121052 0.988051 0.0954012 0.0796562 0.187718 -0.0715879 0.979611 -0.159762
117 0.973849 0.139434 -0.179376 0.656715 -0.123885 0.98772 0.0951958 0.0702127 0.190447 -0.0704843 0.979164 -0.149656
118 0.972938 0.143964 -0.180739 0.653739 -0.12935 0.987483 0.0902552 0.0654924 0.19147 -0.0644341 0.979381 -0.144656
119 0.972144 0.14847 -0.181361 0.653016 -0.13513 0.98727 0.0838886 0.0592114 0.191507 -0.0570446 0.979832 -0.139629
120 0.972224 0.146496 -0.182539 0.650674 -0.134625 0.987987 0.0758732 0.0539647 0.191461 -0.0491914 0.980267 -0.134559
121 0.971097 0.142497 -0.191483 0.651856 -0.132208 0.989053 0.0655412 0.044676 0.198726 -0.0383313 0.979305 -0.123146
122 0.970643 0.140376 -0.195311 0.650475 -0.129937 0.989367 0.0653394 0.0425368 0.202406 -0.0380432 0.978562 -0.115403
123 0.969209 0.142327 -0.200938 0.650464 -0.131841 0.989157 0.0647053 0.0313434 0.207968 -0.0362211 0.977465 -0.103198
124 0.969162 0.142888 -0.200767 0.650922 -0.132891 0.989159 0.0624905 0.0302416 0.20752 -0.0338832 0.977644 -0.098681
125 0.969132 0.138838 -0.203735 0.652088 -0.128609 0.989712 0.0626828 0.027083 0.210342 -0.0345458 0.977017 -0.0887262
126 0.968474 0.138194 -0.207268 0.65178 -0.127082 0.98969 0.0660627 0.0234384 0.21426 -0.0376399 0.976051 -0.0841026
127 0.967702 0.135955 -0.212293 0.652005 -0.124125 0.989923 0.0681534 0.0215776 0.21942 -0.0396013 0.974827 -0.0782809
128 0.964204 0.144337 -0.222435 0.654272 -0.132563 0.988903 0.0670663 0.012754 0.229646 -0.0351791 0.972638 -0.0662696
129 0.962657 0.148921 -0.226085 0.655201 -0.137655 0.988352 0.0648929 0.00699898 0.233116 -0.0313477 0.971944 -0.062272
130 0.960752 0.152079 -0.232007 0.656748 -0.141753 0.988042 0.0606515 0.00403376 0.238457 -0.0253834 0.970821 -0.0573126
131 0.958408 0.156599 -0.238604 0.657 -0.147115 0.987466 0.0571666 0.000173626 0.244565 -0.0196868 0.969433 -0.0519756
132 0.956059 0.160921 -0.245064 0.655863 -0.151578 0.986821 0.0566527 -0.00923768 0.250951 -0.0170171 0.96785 -0.0478368
133 0.953802 0.162107 -0.252949 0.656968 -0.153352 0.98669 0.0540903 -0.0147148 0.258351 -0.0128011 0.965966 -0.0411131
134 0.951321 0.163384 -0.261333 0.658965 -0.155837 0.986542 0.0494938 -0.0194522 0.265902 -0.0063593 0.963979 -0.0370186
135 0.948124 0.166897 -0.270567 0.662239 -0.160009 0.985973 0.047482 -0.0284678 0.274696 -0.00172551 0.961529 -0.0331888
136 0.939359 0.177158 -0.293633 0.667796 -0.172575 0.984115 0.0416629 -0.0378412 0.29635 0.0115375 0.95501 -0.0208205
137 0.93429 0.182774 -0.306099 0.669971 -0.179284 0.982995 0.0397333 -0.0438437 0.308156 0.0177564 0.95117 -0.0142615
138 0.92926 0.18797 -0.318031 0.673563 -0.185216 0.981917 0.0391703 -0.0514132 0.319643 0.0225051 0.947271 -0.00943394
139 0.923661 0.194244 -0.330332 0.677232 -0.192159 0.980577 0.0392966 -0.059579 0.331549 0.0271796 0.943047 -0.00227007
140 0.91756 0.201416 -0.342806 0.680233 -0.201444 0.978841 0.0359303 -0.0658757 0.342789 0.0360881 0.938719 0.00487517
141 0.910997 0.209033 -0.355514 0.68532 -0.211719 0.976813 0.0318155 -0.0732197 0.353921 0.0462852 0.934129 0.0118203
142 0.904025 0.216274 -0.368734 0.688473 -0.221855 0.974684 0.0277616 -0.0801679 0.365403 0.0567084 0.92912 0.0176728
143 0.8967 0.221513 -0.383224 0.691651 -0.22935 0.973003 0.0257685 -0.0879529 0.378586 0.0647857 0.923296 0.0263117
144 0.889539 0.22733 -0.396285 0.695244 -0.236976 0.971189 0.0251848 -0.0983805 0.390593 0.0715073 0.917782 0.0294596
145 0.881998 0.23576 -0.40804 0.69894 -0.248882 0.968295 0.0214973 -0.101601 0.400171 0.0825932 0.912711 0.0346883
146 0.875917 0.241987 -0.417386 0.704314 -0.257687 0.966036 0.0193003 -0.11043 0.40788 0.0906496 0.908524 0.0405732
147 0.870816 0.249417 -0.423641 0.708301 -0.268221 0.963229 0.0157545 -0.119985 0.411993 0.0999101 0.905693 0.0471312
148 0.867203 0.253874 -0.428376 0.71081 -0.276648 0.960925 0.00944051 -0.126739 0.414034 0.110323 0.903551 0.0505704
149 0.862107 0.25668 -0.436906 0.714803 -0.282691 0.959194 0.00571207 -0.13242 0.420544 0.118585 0.899489 0.054559
150 0.855263 0.259563 -0.448501 0.718853 -0.288709 0.95741 0.00353568 -0.136667 0.430317 0.126462 0.893776 0.058978
151 0.848107 0.261272 -0.460924 0.72436 -0.292745 0.956185 0.00335177 -0.140955 0.441604 0.132091 0.887433 0.0624982
152 0.841369 0.265194 -0.470925 0.732343 -0.298334 0.954451 0.00447104 -0.147534 0.45066 0.136731 0.882162 0.0665999
153 0.839159 0.265549 -0.474653 0.737687 -0.299373 0.954126 0.00451987 -0.153847 0.454079 0.138305 0.880161 0.0706847
154 0.838459 0.261334 -0.478216 0.742041 -0.297208 0.954813 0.000686164 -0.157938 0.456786 0.141554 0.878242 0.0742134
155 0.836494 0.260711 -0.481983 0.74632 -0.298359 0.954452 -0.00153308 -0.159051 0.459631 0.145087 0.876179 0.0740656
156 0.83402 0.26125 -0.485961 0.751865 -0.299195 0.954192 -0.000517641 -0.161971 0.463565 0.145829 0.87398 0.0766535
157 0.832933 0.259245 -0.488891 0.756048 -0.297193 0.954817 -2.23291e-05 -0.166665 0.466796 0.145314 0.872345 0.079144
158 0.83283 0.257979 -0.489736 0.762775 -0.295599 0.955312 0.000544494 -0.168373 0.467991 0.144312 0.871871 0.0816974
159 0.834126 0.25653 -0.488288 0.765666 -0.293435 0.955979 0.000973458 -0.175439 0.467043 0.142469 0.872682 0.0861624
160 0.836796 0.24834 -0.487954 0.770828 -0.286939 0.957938 -0.00453951 -0.18044 0.466303 0.143812 0.872857 0.0882794
161 0.839581 0.237257 -0.488685 0.776489 -0.276565 0.960957 -0.0086045 -0.181173 0.467564 0.142377 0.872418 0.0871277
162 0.839513 0.231802 -0.491412 0.781665 -0.270435 0.962706 -0.00788785 -0.182903 0.471257 0.139517 0.870892 0.0868447
163 0.838175 0.226661 -0.496072 0.784875 -0.265801 0.963989 -0.00864523 -0.190442 0.476249 0.139103 0.868238 0.0862825
164 0.837055 0.222273 -0.499934 0.789901 -0.264849 0.964177 -0.0147676 -0.187541 0.478742 0.144768 0.865938 0.0775858
165 0.836285 0.217583 -0.503274 0.799971 -0.262052 0.96488 -0.0182962 -0.188908 0.481618 0.147185 0.863933 0.0773929
166 0.837052 0.214378 -0.503374 0.806429 -0.259034 0.965672 -0.0194803 -0.189728 0.481918 0.146697 0.863849 0.0757984
167 0.838745 0.207905 -0.503272 0.812901 -0.252188 0.967458 -0.0206295 -0.19005 0.482606 0.144222 0.863882 0.0723645
168 0.839603 0.204263 -0.503331 0.818448 -0.247246 0.968761 -0.0192843 -0.188426 0.483669 0.140638 0.863878 0.0682952
169 0.838204 0.208171 -0.504062 0.823206 -0.249951 0.968129 -0.0158192 -0.189165 0.484704 0.13925 0.863523 0.0673977
170 0.837224 0.212759 -0.503775 0.830927 -0.255104 0.966787 -0.0156557 -0.187155 0.483712 0.141622 0.863693 0.0625727
171 0.83674 0.215518 -0.503406 0.838801 -0.257835 0.966073 -0.0149676 -0.183493 0.483101 0.14232 0.86392 0.0586429
172 0.835942 0.222333 -0.501766 0.843007 -0.263834 0.964491 -0.012179 -0.178624 0.481241 0.142564 0.864918 0.0538308
173 0.833676 0.227313 -0.503302 0.8478 -0.267734 0.963457 -0.00833985 -0.177587 0.483014 0.141704 0.86407 0.0481982
174 0.830318 0.235077 -0.505283 0.851784 -0.275458 0.961298 -0.00542072 -0.171708 0.484453 0.143685 0.862937 0.0449079
175 0.828137 0.239231 -0.50691 0.859626 -0.278697 0.960377 -0.00206642 -0.169683 0.48633 0.142985 0.861997 0.0414077
176 0.827412 0.241346 -0.507092 0.864726 -0.279922 0.960023 0.000171617 -0.165489 0.486861 0.141804 0.861892 0.0375081
177 0.827354 0.239385 -0.508115 0.871144 -0.277109 0.960837 0.00146324 -0.164254 0.488566 0.139592 0.861288 0.0328167
178 0.826239 0.240173 -0.509554 0.879024 -0.277622 0.960687 0.00264672 -0.160671 0.490158 0.139277 0.860434 0.0293308
179 0.825385 0.243523 -0.509349 0.885105 -0.279676 0.960077 0.0058128 -0.157394 0.49043 0.137655 0.86054 0.0282279
180 0.826655 0.243745 -0.507178 0.892051 -0.277819 0.960593 0.0088317 -0.157221 0.489344 0.133603 0.861796 0.0239657
181 0.828218 0.242967 -0.504998 0.898605 -0.27464 0.96147 0.0121664 -0.154317 0.488496 0.128616 0.863035 0.0192976
182 0.82785 0.242387 -0.505878 0.90415 -0.271442 0.962307 0.0168774 -0.152634 0.4909 0.123344 0.86244 0.0183854
183 0.827064 0.24217 -0.507266 0.910643 -0.269265 0.962845 0.020645 -0.145604 0.493418 0.119514 0.861542 0.00736434
184 0.826114 0.242796 -0.508513 0.915805 -0.2677 0.963178 0.0249849 -0.148211 0.495855 0.115488 0.860692 0.00528776
185 0.82517 0.242895 -0.509997 0.923215 -0.267438 0.963223 0.0260397 -0.147361 0.497566 0.114906 0.859782 0.00310814
186 0.824293 0.244039 -0.510868 0.927575 -0.268276 0.96296 0.0271335 -0.145511 0.498567 0.114688 0.859231 0.00159033
187 0.823916 0.243594 -0.511687 0.935597 -0.266655 0.963348 0.0292454 -0.147573 0.500057 0.112348 0.858674 0.00109162
188 0.824999 0.243245 -0.510107 0.940024 -0.266533 0.963409 0.0283378 -0.149123 0.498334 0.112581 0.859644 -0.00148149
189 0.824942 0.24766 -0.50807 0.946469 -0.273103 0.961651 0.0253286 -0.151098 0.494859 0.117861 0.860943 0.000189472
190 0.825656 0.245855 -0.507786 0.950389 -0.274849 0.961309 0.018536 -0.149153 0.492697 0.12426 0.861284 0.000401088
191 0.823387 0.244529 -0.512093 0.956609 -0.27401 0.961547 0.0185711 -0.143742 0.496943 0.125027 0.858729 -0.00462273
192 0.818953 0.248075 -0.51747 0.960811 -0.275498 0.960985 0.0246911 -0.143231 0.503406 0.122341 0.855345 -0.00461658
193 0.815396 0.249489 -0.522383 0.968477 -0.275581 0.960848 0.0287396 -0.144495 0.509101 0.120525 0.852227 -0.00443423
194 0.812162 0.251139 -0.526614 0.975956 -0.276574 0.960476 0.0315045 -0.145904 0.513712 0.120061 0.849521 -0.00276772
195 0.810981 0.252597 -0.527736 0.983236 -0.277548 0.960143 0.0330525 -0.145057 0.515051 0.119667 0.848765 -0.00416531
196 0.809434 0.254112 -0.52938 0.989265 -0.279261 0.959626 0.0336421 -0.145194 0.516556 0.120604 0.847717 -0.00113593
197 0.808138 0.255584 -0.53065 0.994748 -0.281496 0.958988 0.0331946 -0.142755 0.517371 0.12255 0.846941 -0.0027997
198 0.804926 0.259329 -0.533707 1.00114 -0.285068 0.95785 0.0354872 -0.142076 0.520414 0.123578 0.844925 -0.00125206
199 0.801018 0.262542 -0.537998 1.00755 -0.288457 0.956761 0.0374184 -0.141622 0.524559 0.125216 0.842115 0.00173773
200 0.797469 0.266293 -0.541416 1.01508 -0.292561 0.955451 0.0390105 -0.137464 0.527684 0.127288 0.839849 -0.00679685
201 0.792216 0.272638 -0.54595 1.0209 -0.298988 0.953323 0.0422181 -0.136427 0.531977 0.129787 0.836753 -0.00205153
202 0.787019 0.279727 -0.549867 1.02819 -0.306831 0.950724 0.0444854 -0.135976 0.535215 0.133705 0.834067 -0.00212792
203 0.778611 0.285727 -0.558682 1.04403 -0.313479 0.948374 0.0481451 -0.13465 0.543595 0.137648 0.827984 0.00241859
204 0.773127 0.29106 -0.563524 1.05258 -0.317369 0.946786 0.0536009 -0.135189 0.549138 0.137404 0.824359 0.00397161
205 0.767149 0.298585 -0.56774 1.06089 -0.325085 0.943955 0.0571769 -0.136701 0.552993 0.140701 0.82122 0.00683239
206 0.763704 0.302686 -0.570208 1.07037 -0.329324 0.942362 0.0591602 -0.137945 0.555249 0.142602 0.819367 0.010787
207 0.761233 0.305365 -0.572081 1.07951 -0.33222 0.941268 0.0603651 -0.136422 0.556915 0.144105 0.817973 0.013791
208 0.758542 0.308131 -0.574169 1.08777 -0.334353 0.940345 0.0629227 -0.137172 0.559305 0.144246 0.816316 0.0151005
209 0.754344 0.310528 -0.578392 1.09785 -0.336608 0.939376 0.0653265 -0.133677 0.563614 0.145413 0.813139 0.0193461
210 0.749085 0.317436 -0.58147 1.10579 -0.342257 0.936951 0.0705838 -0.134197 0.567214 0.146139 0.810501 0.0227368
211 0.745262 0.321593 -0.584091 1.11588 -0.345057 0.935592 0.074856 -0.134332 0.570544 0.145757 0.808229 0.0270629
212 0.742265 0.326477 -0.585197 1.12336 -0.348863 0.93388 0.0785049 -0.134421 0.572134 0.145883 0.807082 0.0296784
213 0.739125 0.33055 -0.586883 1.13329 -0.351622 0.93251 0.082382 -0.131598 0.574506 0.14547 0.80547 0.0335609
214 0.737461 0.335649 -0.586081 1.15288 -0.355921 0.930631 0.0851218 -0.120686 0.573997 0.145824 0.805769 0.0204318
215 0.734715 0.342679 -0.585461 1.16805 -0.356894 0.929199 0.0959955 -0.116192 0.576906 0.138419 0.804997 0.031472
216 0.731675 0.347073 -0.586679 1.17459 -0.357901 0.928095 0.102697 -0.115796 0.580137 0.134832 0.803281 0.0370678
217 0.727091 0.355435 -0.587371 1.18966 -0.362019 0.925433 0.111872 -0.114549 0.583336 0.131299 0.801548 0.0443524
218 0.726346 0.358292 -0.586556 1.19752 -0.362847 0.924663 0.115498 -0.115345 0.583749 0.128938 0.801631 0.0490803
219 0.726009 0.359016 -0.586531 1.20255 -0.361818 0.924729 0.118168 -0.112804 0.584806 0.126426 0.80126 0.0539653
220 0.724067 0.360227 -0.588186 1.20983 -0.359526 0.92488 0.123847 -0.111455 0.588615 0.121794 0.799186 0.0591668
221 0.722842 0.362138 -0.58852 1.2177 -0.3578 0.924764 0.129579 -0.111004 0.591167 0.116908 0.798031 0.0613401
222 0.722037 0.364638 -0.587964 1.22687 -0.35724 0.924277 0.134508 -0.108191 0.592488 0.112924 0.797625 0.0604386
223 0.721931 0.367604 -0.586244 1.23242 -0.356602 0.923697 0.140065 -0.108575 0.593001 0.107939 0.797934 0.0647599
224 0.719817 0.374915 -0.584211 1.24441 -0.360244 0.921158 0.147285 -0.108013 0.59337 0.10444 0.798126 0.07294
225 0.719876 0.376653 -0.583018 1.2509 -0.359835 0.920787 0.150563 -0.105383 0.593546 0.101404 0.798386 0.0762928
226 0.716187 0.38722 -0.580634 1.26146 -0.363917 0.917105 0.162735 -0.101346 0.595517 0.0947543 0.797735 0.0849807
227 0.715217 0.392573 -0.578231 1.26755 -0.365974 0.91521 0.168681 -0.101273 0.595423 0.0909743 0.798245 0.0893911
228 0.717681 0.403078 -0.567857 1.2754 -0.371172 0.91138 0.177817 -0.0979711 0.589207 0.0831565 0.803691 0.0980217
229 0.716789 0.410756 -0.563465 1.28227 -0.375586 0.908272 0.184327 -0.10003 0.587493 0.0795062 0.805314 0.100932
230 0.720635 0.415044 -0.55536 1.28876 -0.375261 0.907041 0.190932 -0.0930676 0.582979 0.0708124 0.809395 0.110391
231 0.72131 0.417731 -0.55246 1.29341 -0.373766 0.9063 0.197278 -0.0930126 0.583104 0.0641919 0.809858 0.116666
232 0.72153 0.421515 -0.549291 1.29732 -0.374541 0.904854 0.202382 -0.0904393 0.582335 0.0597072 0.810754 0.122741
233 0.72335 0.422776 -0.545917 1.30372 -0.37148 0.90474 0.208442 -0.0905091 0.582037 0.0520202 0.811496 0.129395
234 0.726303 0.42384 -0.54115 1.30718 -0.367971 0.904707 0.214714 -0.0879928 0.580587 0.0431802 0.813053 0.137775
235 0.731467 0.430272 -0.528982 1.31245 -0.362303 0.902451 0.233064 -0.0862613 0.577661 0.0211732 0.816002 0.153086
236 0.732861 0.433824 -0.524129 1.31775 -0.361739 0.900892 0.239872 -0.082412 0.576246 0.0138057 0.81716 0.161216
237 0.733536 0.4412 -0.51698 1.32292 -0.360926 0.897409 0.253751 -0.0828395 0.575897 0.000456332 0.817522 0.177999
238 0.732093 0.445221 -0.515575 1.32383 -0.360644 0.895405 0.261123 -0.0849706 0.577906 -0.0052275 0.816087 0.187305
239 0.730798 0.448017 -0.514991 1.32345 -0.360432 0.89398 0.266248 -0.0858305 0.579675 -0.00895378 0.814798 0.198087
240 0.729308 0.451003 -0.514496 1.32417 -0.361903 0.892464 0.269322 -0.0856323 0.580634 -0.0102217 0.814101 0.206487
241 0.728156 0.454235 -0.513282 1.32391 -0.364733 0.890825 0.270926 -0.0896533 0.580309 -0.0100653 0.814334 0.215018
242 0.727438 0.461877 -0.507449 1.32575 -0.371696 0.886876 0.274396 -0.0988561 0.576781 -0.0109896 0.816825 0.230907
243 0.728914 0.461701 -0.505486 1.32618 -0.371166 0.886944 0.274893 -0.100955 0.575256 -0.0127544 0.817874 0.239165
244 0.728294 0.464545 -0.503771 1.32685 -0.372017 0.885413 0.278652 -0.10404 0.575492 -0.0155291 0.81766 0.244755
245 0.725897 0.469425 -0.502707 1.32591 -0.375893 0.882837 0.281607 -0.107701 0.576002 -0.0154536 0.817302 0.252142
246 0.72326 0.473184 -0.502983 1.32416 -0.381318 0.880895 0.280394 -0.111352 0.575753 -0.0110014 0.81755 0.25944
247 0.718908 0.477303 -0.505324 1.32705 -0.38767 0.878728 0.278476 -0.119075 0.57696 -0.00429984 0.816761 0.265556
248 0.718803 0.479074 -0.503796 1.32374 -0.393238 0.877773 0.273638 -0.122356 0.573311 0.00142048 0.819336 0.270993
249 0.721789 0.473566 -0.504734 1.32634 -0.389272 0.880757 0.269695 -0.127635 0.572266 0.00181609 0.820066 0.276752
250 0.723983 0.467233 -0.507487 1.33092 -0.38142 0.884133 0.269867 -0.133386 0.574776 -0.00181372 0.818309 0.28035
251 0.722485 0.465959 -0.510781 1.33231 -0.37897 0.884803 0.271118 -0.136077 0.578271 -0.00230739 0.815842 0.285778
252 0.720488 0.46662 -0.512995 1.33112 -0.379104 0.884457 0.27206 -0.141536 0.58067 -0.00153729 0.814138 0.29088
253 0.718362 0.466565 -0.516016 1.33372 -0.380093 0.884485 0.270583 -0.144549 0.582653 0.0017578 0.812719 0.297716
254 0.718439 0.465884 -0.516524 1.33474 -0.37942 0.884844 0.270354 -0.151429 0.582997 0.00174699 0.812473 0.302821
255 0.719254 0.459587 -0.521011 1.33972 -0.373048 0.888132 0.268435 -0.156344 0.586096 0.00128927 0.810241 0.313319
256 0.717756 0.459548 -0.523108 1.34254 -0.370907 0.888153 0.271317 -0.159649 0.589283 -0.000715366 0.807926 0.319098
257 0.714516 0.460317 -0.526854 1.34734 -0.368941 0.887752 0.275281 -0.164778 0.594432 -0.0023146 0.804143 0.33283
258 0.710981 0.462545 -0.529677 1.35003 -0.370683 0.886595 0.276664 -0.168618 0.597579 -0.000360515 0.80181 0.339988
259 0.708825 0.460833 -0.534042 1.35206 -0.368142 0.887487 0.277197 -0.170956 0.601696 0.000119262 0.798725 0.346443
260 0.703966 0.462324 -0.539156 1.35203 -0.369188 0.886706 0.278304 -0.173616 0.606739 0.00313394 0.794895 0.351858
261 0.695929 0.465677 -0.546651 1.35587 -0.372892 0.884903 0.279104 -0.177675 0.613705 0.00960553 0.789477 0.358571
262 0.68978 0.466217 -0.553936 1.35855 -0.37382 0.884549 0.278982 -0.1845 0.62005 0.0146365 0.784426 0.364971
263 0.684291 0.465818 -0.561034 1.35769 -0.375138 0.884632 0.276943 -0.187269 0.625314 0.0209555 0.780092 0.36884
264 0.674151 0.469075 -0.570517 1.36124 -0.379648 0.882656 0.277102 -0.191848 0.633552 0.029787 0.773127 0.371557
265 0.650085 0.481143 -0.588125 1.36836 -0.398049 0.874927 0.27579 -0.202654 0.647261 0.0548159 0.760295 0.384519
266 0.638604 0.486902 -0.595912 1.37217 -0.408145 0.870793 0.274113 -0.20968 0.652382 0.0681687 0.754818 0.387859
267 0.625751 0.492521 -0.604863 1.37753 -0.418178 0.866411 0.272873 -0.216305 0.658455 0.0821895 0.748119 0.392577
268 0.614853 0.496601 -0.612653 1.38244 -0.424339 0.863127 0.273766 -0.223844 0.66475 0.0916464 0.741423 0.396537
269 0.605999 0.49629 -0.62166 1.38905 -0.426763 0.862354 0.272432 -0.225876 0.671296 0.100208 0.734384 0.404023
270 0.598099 0.49802 -0.627896 1.39472 -0.427963 0.86089 0.275166 -0.233529 0.677588 0.104139 0.728032 0.40868
271 0.589682 0.501144 -0.633349 1.40055 -0.43151 0.858384 0.277446 -0.23892 0.682697 0.109692 0.722422 0.415522
272 0.582779 0.504025 -0.637438 1.40393 -0.435587 0.855956 0.278573 -0.247854 0.686027 0.115313 0.71838 0.424321
273 0.573981 0.503842 -0.645515 1.41563 -0.441923 0.854244 0.27381 -0.255105 0.689384 0.128106 0.712979 0.434823
274 0.568403 0.504599 -0.649845 1.42086 -0.445197 0.852856 0.272832 -0.259696 0.691894 0.13423 0.709411 0.441488
275 0.5628 0.506174 -0.653486 1.4271 -0.447724 0.851236 0.273754 -0.266095 0.694838 0.138512 0.705702 0.44611
276 0.557252 0.506135 -0.658253 1.43332 -0.448952 0.850536 0.273917 -0.266941 0.698507 0.142883 0.701194 0.452383
277 0.551541 0.507722 -0.661831 1.43866 -0.449529 0.849266 0.276894 -0.271519 0.702656 0.144794 0.696641 0.457962
278 0.545654 0.510063 -0.664904 1.44287 -0.452146 0.847227 0.278873 -0.275151 0.705567 0.148465 0.692916 0.463457
279 0.541669 0.510119 -0.668112 1.44568 -0.45253 0.846769 0.27964 -0.276615 0.708386 0.150868 0.689513 0.469413
280 0.538711 0.508916 -0.671413 1.44792 -0.451273 0.847276 0.280135 -0.276637 0.711437 0.152079 0.686097 0.47278
281 0.531006 0.510048 -0.676671 1.45188 -0.451543 0.846052 0.283381 -0.281463 0.717037 0.155069 0.679567 0.477264
282 0.524659 0.510219 -0.681476 1.45454 -0.452563 0.845178 0.28436 -0.281519 0.721055 0.159219 0.674336 0.481462
283 0.519642 0.510262 -0.685278 1.45634 -0.450755 0.845096 0.287459 -0.286915 0.725805 0.159517 0.66915 0.486958
284 0.516762 0.508299 -0.688904 1.45816 -0.448696 0.846105 0.287711 -0.288378 0.729129 0.16043 0.665307 0.491645
285 0.515365 0.504058 -0.693054 1.4616 -0.444926 0.848568 0.28631 -0.288734 0.73242 0.160804 0.661591 0.497952
286 0.516291 0.500508 -0.694936 1.45992 -0.440393 0.851101 0.285799 -0.29296 0.734505 0.158489 0.659836 0.501857
287 0.515924 0.497186 -0.697588 1.45892 -0.436524 0.853261 0.285292 -0.297719 0.737068 0.157325 0.657252 0.505583
288 0.511482 0.494581 -0.702692 1.46351 -0.435088 0.854242 0.284552 -0.306422 0.741003 0.160189 0.652115 0.512759
289 0.509187 0.492659 -0.705702 1.46105 -0.436565 0.854488 0.281533 -0.313342 0.741714 0.164732 0.650172 0.515921
290 0.5092 0.486905 -0.709676 1.45998 -0.435332 0.857032 0.27565 -0.317337 0.74243 0.168584 0.648365 0.520007
291 0.50799 0.48238 -0.713621 1.45921 -0.434508 0.858853 0.271247 -0.32263 0.74374 0.172283 0.645887 0.523365
292 0.506739 0.478583 -0.717059 1.45726 -0.435587 0.859915 0.266103 -0.327614 0.743962 0.177497 0.644217 0.5271
293 0.506759 0.475828 -0.718876 1.45452 -0.437017 0.860583 0.261558 -0.335314 0.743109 0.181614 0.644054 0.529104
294 0.508099 0.47257 -0.720078 1.4546 -0.437822 0.861677 0.256564 -0.344115 0.741719 0.184906 0.644719 0.531726
295 0.51157 0.465173 -0.722434 1.45221 -0.436999 0.864775 0.247378 -0.346482 0.739816 0.189152 0.645673 0.538075
296 0.513916 0.460033 -0.724058 1.44852 -0.435933 0.866991 0.241432 -0.351376 0.738818 0.191565 0.646104 0.54098
297 0.513365 0.457853 -0.725829 1.4432 -0.438852 0.866893 0.236445 -0.357643 0.737473 0.197149 0.645962 0.544505
298 0.513567 0.455117 -0.727404 1.43996 -0.442552 0.866781 0.229868 -0.36329 0.735117 0.203862 0.646563 0.545209
299 0.513527 0.452694 -0.728943 1.43568 -0.444843 0.866891 0.224979 -0.367819 0.73376 0.208732 0.64655 0.549209
300 0.512764 0.449344 -0.731549 1.43095 -0.446111 0.86748 0.220146 -0.376862 0.733525 0.213469 0.645269 0.550934
301 0.509617 0.445298 -0.736206 1.42338 -0.450494 0.867091 0.212623 -0.38711 0.733038 0.2233 0.642489 0.554447
302 0.506963 0.439541 -0.74148 1.4163 -0.460846 0.865163 0.19777 -0.399181 0.728429 0.241446 0.641166 0.553404
303 0.506453 0.426683 -0.749298 1.41034 -0.466705 0.866339 0.177884 -0.410773 0.725046 0.259611 0.637895 0.559783
304 0.510067 0.407183 -0.75765 1.40807 -0.466309 0.871077 0.154212 -0.410265 0.722764 0.27464 0.634181 0.566029
305 0.512141 0.390191 -0.765156 1.40429 -0.460006 0.876922 0.139291 -0.411045 0.725332 0.28064 0.628598 0.57102
306 0.51133 0.379055 -0.771271 1.40189 -0.451083 0.88228 0.134558 -0.413091 0.731482 0.279103 0.622122 0.571447
307 0.507172 0.369704 -0.778521 1.39843 -0.440334 0.887675 0.13468 -0.416877 0.740866 0.274503 0.612997 0.580865
308 0.504693 0.362416 -0.783543 1.39354 -0.431951 0.891844 0.134283 -0.426083 0.747464 0.270681 0.606654 0.585766
309 0.503291 0.354666 -0.787979 1.38997 -0.427586 0.894641 0.12957 -0.432351 0.750912 0.271717 0.601914 0.590736
310 0.503511 0.344583 -0.7923 1.38768 -0.424234 0.89747 0.120721 -0.437623 0.752663 0.275336 0.59807 0.596793
311 0.504842 0.333621 -0.796136 1.38524 -0.422117 0.899911 0.109437 -0.442375 0.752962 0.280814 0.59514 0.602611
312 0.505631 0.323254 -0.799902 1.38433 -0.418138 0.902804 0.100526 -0.443881 0.75465 0.283641 0.591651 0.607852
313 0.504255 0.313757 -0.804539 1.38359 -0.411254 0.906478 0.0957533 -0.445187 0.75934 0.282586 0.586129 0.613147
314 0.499934 0.308603 -0.809215 1.38063 -0.406319 0.908724 0.0955273 -0.449376 0.764834 0.281042 0.579694 0.617958
315 0.493032 0.306707 -0.814156 1.37809 -0.40676 0.908486 0.0959195 -0.456148 0.769068 0.283875 0.572669 0.626111
316 0.489647 0.303161 -0.81752 1.3776 -0.409023 0.907905 0.0916968 -0.463373 0.77003 0.289486 0.568553 0.63207
317 0.488463 0.296948 -0.820503 1.37735 -0.410163 0.908092 0.0844687 -0.468356 0.770175 0.29528 0.565367 0.638329
318 0.486382 0.292662 -0.823275 1.37536 -0.41204 0.907713 0.0792495 -0.473585 0.770491 0.300677 0.562083 0.644383
319 0.481848 0.288259 -0.827484 1.37514 -0.413311 0.907459 0.0754451 -0.476773 0.772655 0.305655 0.556398 0.651034
320 0.475845 0.284696 -0.832178 1.37788 -0.414391 0.907135 0.0733884 -0.482561 0.775791 0.309926 0.549631 0.655068
321 0.468844 0.281799 -0.837123 1.37967 -0.413982 0.907307 0.0735674 -0.486872 0.780259 0.312062 0.542045 0.662183
322 0.461104 0.280669 -0.841788 1.38079 -0.415738 0.906428 0.0744938 -0.494513 0.783929 0.315614 0.534643 0.666898
323 0.453141 0.277468 -0.847157 1.38294 -0.41767 0.905644 0.0732144 -0.497858 0.787537 0.320656 0.526274 0.675441
324 0.444956 0.276391 -0.851835 1.38471 -0.419997 0.904496 0.0740921 -0.504113 0.790959 0.3248 0.518544 0.683195
325 0.435551 0.275763 -0.856884 1.38665 -0.422536 0.903164 0.0758836 -0.508928 0.794833 0.329013 0.509893 0.691519
326 0.425342 0.275891 -0.861956 1.39206 -0.424729 0.90186 0.0790766 -0.51364 0.799181 0.332463 0.500778 0.695466
327 0.412477 0.279263 -0.867107 1.39644 -0.430272 0.898711 0.0847641 -0.518332 0.80295 0.338129 0.490857 0.702623
328 0.398151 0.283279 -0.872485 1.39842 -0.437437 0.894648 0.0908542 -0.524932 0.806303 0.345483 0.480121 0.714877
329 0.385515 0.287631 -0.876725 1.40278 -0.445987 0.889893 0.0958413 -0.528653 0.807759 0.35406 0.471347 0.723002
330 0.373232 0.292279 -0.880495 1.40725 -0.453287 0.885531 0.101807 -0.535673 0.809462 0.36112 0.462995 0.730711
331 0.361587 0.295885 -0.884142 1.41239 -0.46105 0.880987 0.106274 -0.540056 0.810363 0.369206 0.454971 0.738301
332 0.35088 0.298322 -0.88763 1.41898 -0.464363 0.878571 0.111715 -0.545128 0.813173 0.372984 0.446802 0.751639
333 0.342281 0.30221 -0.88967 1.42383 -0.466267 0.876683 0.118412 -0.548412 0.815744 0.374294 0.440983 0.761914
334 0.334607 0.307145 -0.890898 1.43011 -0.465906 0.875685 0.126913 -0.553552 0.819127 0.372609 0.436111 0.771582
335 0.326488 0.312591 -0.892016 1.43505 -0.468475 0.873175 0.134521 -0.558323 0.820936 0.373968 0.431522 0.782116
336 0.320108 0.318807 -0.892128 1.44077 -0.472133 0.870093 0.141525 -0.562431 0.821353 0.3759 0.429043 0.79367
337 0.315605 0.323504 -0.892042 1.44924 -0.474137 0.868082 0.147065 -0.564578 0.821941 0.376535 0.427357 0.80428
338 0.311414 0.328356 -0.891742 1.45771 -0.472916 0.867496 0.154277 -0.56709 0.82424 0.373675 0.425435 0.814846
339 0.307203 0.334913 -0.890764 1.46193 -0.471707 0.866535 0.163124 -0.56651 0.82651 0.370067 0.424183 0.825514
340 0.303756 0.343342 -0.888734 1.46707 -0.470481 0.865196 0.173446 -0.569918 0.828481 0.365447 0.424344 0.834563
341 0.301605 0.349231 -0.887171 1.47063 -0.467297 0.865222 0.181728 -0.574174 0.831064 0.359762 0.42415 0.845503
