[{"R":[[1.0,0.0,0.0],[0.0,1.0,0.0],[0.0,0.0,1.0]],"file_name":"/home/jonas/Downloads/freiburg/rgbd_dataset_freiburg2_desk//rgb/1311868164.363181.png","t":[0.0,0.0,0.0]},{"R":[[0.9999960660934448,-0.0014063481939956546,0.002438673749566078],[0.0014172735391184688,0.9999889135360718,-0.004484124016016722],[-0.0024323405232280493,0.004487562458962202,0.9999869465827942]],"file_name":"/home/jonas/Downloads/freiburg/rgbd_dataset_freiburg2_desk//rgb/1311868164.399026.png","t":[2.6326928491471335e-05,-0.0006168123800307512,0.0019042965723201632]},{"R":[[0.9999619722366333,-0.004796354565769434,0.007283888757228851],[0.00486036716029048,0.9999495148658752,-0.00879612285643816],[-0.007241331972181797,0.008831190876662731,0.9999347925186157]],"file_name":"/home/jonas/Downloads/freiburg/rgbd_dataset_freiburg2_desk//rgb/1311868164.430940.png","t":[-0.0003102081536781043,-0.001834859955124557,0.004424135200679302]},{"R":[[0.9998926520347595,-0.010141945444047451,0.010576407425105572],[0.010271101258695126,0.9998724460601807,-0.01222977414727211],[-0.010451025329530239,0.0123370923101902,0.9998692870140076]],"file_name":"/home/jonas/Downloads/freiburg/rgbd_dataset_freiburg2_desk//rgb/1311868164.463055.png","t":[-0.005412370897829533,-0.004522054456174374,0.007356193847954273]},{"R":[[0.9998354315757751,-0.016909051686525345,0.00656931335106492],[0.017006918787956238,0.9997407793998718,-0.015138966962695122],[-0.006311624776571989,0.015248199924826622,0.9998638033866882]],"file_name":"/home/jonas/Downloads/freiburg/rgbd_dataset_freiburg2_desk//rgb/1311868164.499130.png","t":[-0.006796665955334902,-0.006234124768525362,0.009397750720381737]},{"R":[[0.9997712969779968,-0.02135896496474743,0.001053767278790474],[0.021373815834522247,0.999626636505127,-0.01702227257192135],[-0.0006897957646287978,0.017040902748703957,0.999854564666748]],"file_name":"/home/jonas/Downloads/freiburg/rgbd_dataset_freiburg2_desk//rgb/1311868164.531025.png","t":[-0.009722527116537094,-0.004899389110505581,0.013325574807822704]},{"R":[[0.9997167587280273,-0.023435454815626144,-0.004151547327637672],[0.023361871019005775,0.9995831251144409,-0.016965005546808243],[0.004547399468719959,0.01686321198940277,0.9998474717140198]],"file_name":"/home/jonas/Downloads/freiburg/rgbd_dataset_freiburg2_desk//rgb/1311868164.563004.png","t":[-0.010648525319993496,-0.004152605775743723,0.01605813577771187]},{"R":[[0.9996267557144165,-0.026800205931067467,-0.005302815232425928],[0.02671731635928154,0.9995285272598267,-0.015129082836210728],[0.005705777555704117,0.014981758780777454,0.9998714923858643]],"file_name":"/home/jonas/Downloads/freiburg/rgbd_dataset_freiburg2_desk//rgb/1311868164.599061.png","t":[-0.014242470264434814,-0.0029826455283910036,0.018968883901834488]},{"R":[[0.9995459318161011,-0.029257794842123985,-0.007201081607490778],[0.029183054342865944,0.9995212554931641,-0.010274088010191917],[0.007498231716454029,0.010059273801743984,0.9999212622642517]],"file_name":"/home/jonas/Downloads/freiburg/rgbd_dataset_freiburg2_desk//rgb/1311868164.631140.png","t":[-0.015921680256724358,-0.0047951736487448215,0.021733051165938377]},{"R":[[0.9995224475860596,-0.02918156608939171,-0.010163439437747002],[0.02910800836980343,0.9995495080947876,-0.007311745081096888],[0.010372229851782322,0.0070124161429703236,0.9999216198921204]],"file_name":"/home/jonas/Downloads/freiburg/rgbd_dataset_freiburg2_desk//rgb/1311868164.663105.png","t":[-0.009785834699869156,-0.007417283020913601,0.028233863413333893]},{"R":[[0.9995635151863098,-0.029297156259417534,-0.003794269170612097],[0.029273152351379395,0.9995520114898682,-0.006234633736312389],[0.003975226543843746,0.006120842415839434,0.9999733567237854]],"file_name":"/home/jonas/Downloads/freiburg/rgbd_dataset_freiburg2_desk//rgb/1311868164.698987.png","t":[-0.017344586551189423,-0.009499892592430115,0.030889062210917473]},{"R":[[0.9996236562728882,-0.02743006870150566,0.0003260532103013247],[0.027431713417172432,0.9995972514152527,-0.007268726825714111],[-0.00012654022430069745,0.007274935487657785,0.9999735355377197]],"file_name":"/home/jonas/Downloads/freiburg/rgbd_dataset_freiburg2_desk//rgb/1311868164.731046.png","t":[-0.022294359281659126,-0.006795935332775116,0.0342760793864727]},{"R":[[0.9996327757835388,-0.026771321892738342,0.004190143663436174],[0.026780135929584503,0.9996392130851746,-0.0020615693647414446],[-0.004133441019803286,0.0021730251610279083,0.9999890923500061]],"file_name":"/home/jonas/Downloads/freiburg/rgbd_dataset_freiburg2_desk//rgb/1311868164.763098.png","t":[-0.02815387398004532,-0.007077566813677549,0.03722913935780525]},{"R":[[0.9996128678321838,-0.026950286701321602,0.0069136121310293674],[0.0269327275454998,0.9996337890625,0.002620301442220807],[-0.006981698330491781,-0.002433084649965167,0.9999726414680481]],"file_name":"/home/jonas/Downloads/freiburg/rgbd_dataset_freiburg2_desk//rgb/1311868164.799138.png","t":[-0.03606387600302696,-0.006848182529211044,0.03821764141321182]},{"R":[[0.999572217464447,-0.027943680062890053,0.008630593307316303],[0.027853503823280334,0.9995579123497009,0.010397571139037609],[-0.008917325176298618,-0.010152731090784073,0.9999086856842041]],"file_name":"/home/jonas/Downloads/freiburg/rgbd_dataset_freiburg2_desk//rgb/1311868164.831006.png","t":[-0.045472241938114166,-0.005717763211578131,0.04013185203075409]},{"R":[[0.9995312094688416,-0.029655177146196365,0.0076075210236012936],[0.029527805745601654,0.9994303584098816,0.016341721639037132],[-0.008087804540991783,-0.01610942743718624,0.9998375177383423]],"file_name":"/home/jonas/Downloads/freiburg/rgbd_dataset_freiburg2_desk//rgb/1311868164.863058.png","t":[-0.05408760905265808,-0.005156760569661856,0.042636387050151825]},{"R":[[0.9995318651199341,-0.030095839872956276,0.005502442363649607],[0.029964907094836235,0.9992976188659668,0.02250298671424389],[-0.006175823975354433,-0.022327572107315063,0.9997316598892212]],"file_name":"/home/jonas/Downloads/freiburg/rgbd_dataset_freiburg2_desk//rgb/1311868164.899132.png","t":[-0.06227127090096474,-0.003745938651263714,0.04299435764551163]},{"R":[[0.9993844628334045,-0.034742407500743866,0.004858322441577911],[0.03459737449884415,0.9990286827087402,0.027289535850286484],[-0.005801707971841097,-0.027104653418064117,0.9996157884597778]],"file_name":"/home/jonas/Downloads/freiburg/rgbd_dataset_freiburg2_desk//rgb/1311868164.930933.png","t":[-0.07052063941955566,-0.0035147888120263815,0.04708036035299301]},{"R":[[0.9992429614067078,-0.038675565272569656,0.004206786397844553],[0.03853873163461685,0.9988416433334351,0.028812404721975327],[-0.005316249094903469,-0.02862846851348877,0.9995759725570679]],"file_name":"/home/jonas/Downloads/freiburg/rgbd_dataset_freiburg2_desk//rgb/1311868164.963119.png","t":[-0.07501063495874405,-0.008596008643507957,0.04954298213124275]},{"R":[[0.9991933703422546,-0.03878084197640419,0.010423818603157997],[0.03853359818458557,0.9989935755729675,0.022956889122724533],[-0.011303615756332874,-0.022536704316735268,0.9996821284294128]],"file_name":"/home/jonas/Downloads/freiburg/rgbd_dataset_freiburg2_desk//rgb/1311868164.999037.png","t":[-0.08376072347164154,-0.0060954890213906765,0.050861574709415436]},{"R":[[0.9990895390510559,-0.038539499044418335,0.018298031762242317],[0.03811359405517578,0.9990068078041077,0.023080693557858467],[-0.01916937716305256,-0.022362275049090385,0.9995661377906799]],"file_name":"/home/jonas/Downloads/freiburg/rgbd_dataset_freiburg2_desk//rgb/1311868165.031122.png","t":[-0.0915258377790451,-0.005816772114485502,0.05341147631406784]},{"R":[[0.9987954497337341,-0.0406494066119194,0.027482781559228897],[0.039993058890104294,0.9989110827445984,0.024024462327361107],[-0.028429435566067696,-0.022896401584148407,0.9993335604667664]],"file_name":"/home/jonas/Downloads/freiburg/rgbd_dataset_freiburg2_desk//rgb/1311868165.063108.png","t":[-0.10140442103147507,-0.008668872527778149,0.0563042014837265]},{"R":[[0.9982931613922119,-0.046601224690675735,0.03520042449235916],[0.04583989828824997,0.9987035393714905,0.02213471010327339],[-0.03618629276752472,-0.02048334665596485,0.9991351366043091]],"file_name":"/home/jonas/Downloads/freiburg/rgbd_dataset_freiburg2_desk//rgb/1311868165.099162.png","t":[-0.11168567091226578,-0.007105192635208368,0.06083288788795471]},{"R":[[0.9978653192520142,-0.05000290274620056,0.042005959898233414],[0.048896849155426025,0.9984399676322937,0.02695867046713829],[-0.043288443237543106,-0.024847162887454033,0.9987536072731018]],"file_name":"/home/jonas/Downloads/freiburg/rgbd_dataset_freiburg2_desk//rgb/1311868165.131014.png","t":[-0.12347348779439926,-0.00799371674656868,0.06328435242176056]},{"R":[[0.9972143769264221,-0.0555819533765316,0.04974081367254257],[0.05401396006345749,0.9980165958404541,0.03233187645673752],[-0.051439229398965836,-0.02955511398613453,0.9982386827468872]],"file_name":"/home/jonas/Downloads/freiburg/rgbd_dataset_freiburg2_desk//rgb/1311868165.163146.png","t":[-0.13714934885501862,-0.010600335896015167,0.06693301349878311]},{"R":[[0.9965669512748718,-0.062338925898075104,0.05448133498430252],[0.06041661277413368,0.9975149035453796,0.03624744340777397],[-0.05660557001829147,-0.03283142298460007,0.9978566765785217]],"file_name":"/home/jonas/Downloads/freiburg/rgbd_dataset_freiburg2_desk//rgb/1311868165.199145.png","t":[-0.14725461602210999,-0.015470565296709538,0.07203458994626999]},{"R":[[0.996161937713623,-0.06580711901187897,0.05771319195628166],[0.06377355009317398,0.997300386428833,0.03639862686395645],[-0.05995268002152443,-0.032578349113464355,0.9976694583892822]],"file_name":"/home/jonas/Downloads/freiburg/rgbd_dataset_freiburg2_desk//rgb/1311868165.231193.png","t":[-0.15776030719280243,-0.0193601306527853,0.0749276801943779]},{"R":[[0.9958162903785706,-0.0687662810087204,0.060175392776727676],[0.06685259938240051,0.9972083568572998,0.033259496092796326],[-0.06229453533887863,-0.02909746579825878,0.9976335763931274]],"file_name":"/home/jonas/Downloads/freiburg/rgbd_dataset_freiburg2_desk//rgb/1311868165.263005.png","t":[-0.16043587028980255,-0.020608579739928246,0.07921192049980164]},{"R":[[0.9948805570602417,-0.07146292924880981,0.07145429402589798],[0.06939058005809784,0.9971053600311279,0.03107893280684948],[-0.07346844673156738,-0.02596157230436802,0.9969595670700073]],"file_name":"/home/jonas/Downloads/freiburg/rgbd_dataset_freiburg2_desk//rgb/1311868165.299103.png","t":[-0.1725481152534485,-0.028030289337038994,0.08203361928462982]},{"R":[[0.9938865303993225,-0.07261870056390762,0.08316321671009064],[0.0708610862493515,0.9971998333930969,0.023898577317595482],[-0.08466583490371704,-0.017859438434243202,0.9962493181228638]],"file_name":"/home/jonas/Downloads/freiburg/rgbd_dataset_freiburg2_desk//rgb/1311868165.331226.png","t":[-0.18401089310646057,-0.030445227399468422,0.08657627552747726]},{"R":[[0.9931469559669495,-0.07451364398002625,0.0900377556681633],[0.07285164296627045,0.9971086382865906,0.021611062809824944],[-0.09138774126768112,-0.01490356307476759,0.9957038760185242]],"file_name":"/home/jonas/Downloads/freiburg/rgbd_dataset_freiburg2_desk//rgb/1311868165.363060.png","t":[-0.19218263030052185,-0.032801851630210876,0.08676506578922272]},{"R":[[0.9925552010536194,-0.07661214470863342,0.09468226879835129],[0.07490766048431396,0.9969601035118103,0.021432416513562202],[-0.09603642672300339,-0.01418042927980423,0.9952768087387085]],"file_name":"/home/jonas/Downloads/freiburg/rgbd_dataset_freiburg2_desk//rgb/1311868165.399160.png","t":[-0.20235459506511688,-0.03564733639359474,0.09224531799554825]},{"R":[[0.9919936656951904,-0.07873301953077316,0.09874028712511063],[0.07702600955963135,0.9968081712722778,0.02098844386637211],[-0.10007760673761368,-0.013214834034442902,0.994891881942749]],"file_name":"/home/jonas/Downloads/freiburg/rgbd_dataset_freiburg2_desk//rgb/1311868165.430962.png","t":[-0.21314245462417603,-0.04458335041999817,0.09461582452058792]},{"R":[[0.9922208786010742,-0.07372856140136719,0.10030856728553772],[0.07296321541070938,0.9972708225250244,0.011282379738986492],[-0.1008666455745697,-0.0038757771253585815,0.994892418384552]],"file_name":"/home/jonas/Downloads/freiburg/rgbd_dataset_freiburg2_desk//rgb/1311868165.463114.png","t":[-0.21916554868221283,-0.04576458781957626,0.09695989638566971]},{"R":[[0.9920877814292908,-0.06788233667612076,0.1056116595864296],[0.06811772286891937,0.9976763129234314,0.0013808844378218055],[-0.10545998811721802,0.005824067164212465,0.994406521320343]],"file_name":"/home/jonas/Downloads/freiburg/rgbd_dataset_freiburg2_desk//rgb/1311868165.499179.png","t":[-0.22727470099925995,-0.047053512185811996,0.0990665927529335]},{"R":[[0.9917733669281006,-0.06489630043506622,0.11033617705106735],[0.06616437435150146,0.9977777004241943,-0.007866700179874897],[-0.10958045721054077,0.015102307312190533,0.9938631653785706]],"file_name":"/home/jonas/Downloads/freiburg/rgbd_dataset_freiburg2_desk//rgb/1311868165.531124.png","t":[-0.2359064668416977,-0.04826127737760544,0.10066021233797073]},{"R":[[0.991614818572998,-0.06353390961885452,0.11253231763839722],[0.06540057808160782,0.9977747797966003,-0.012970985844731331],[-0.11145780980587006,0.020221900194883347,0.9935634136199951]],"file_name":"/home/jonas/Downloads/freiburg/rgbd_dataset_freiburg2_desk//rgb/1311868165.563054.png","t":[-0.24459367990493774,-0.050788842141628265,0.1020333394408226]},{"R":[[0.9915964603424072,-0.06469890475273132,0.11202915757894516],[0.0667632445693016,0.9976595044136047,-0.01477038487792015],[-0.11081132292747498,0.022125691175460815,0.9935951232910156]],"file_name":"/home/jonas/Downloads/freiburg/rgbd_dataset_freiburg2_desk//rgb/1311868165.599188.png","t":[-0.24987012147903442,-0.05023796483874321,0.10472109168767929]},{"R":[[0.9912843704223633,-0.06977998465299606,0.11174102872610092],[0.0715167373418808,0.9973718523979187,-0.011605675332248211],[-0.11063751578330994,0.019495878368616104,0.9936695694923401]],"file_name":"/home/jonas/Downloads/freiburg/rgbd_dataset_freiburg2_desk//rgb/1311868165.631159.png","t":[-0.25718510150909424,-0.053572338074445724,0.10820691287517548]},{"R":[[0.9915391802787781,-0.07292196154594421,0.10738900303840637],[0.07444625347852707,0.9971723556518555,-0.010248889215290546],[-0.10633797198534012,0.018156884238123894,0.994164228439331]],"file_name":"/home/jonas/Downloads/freiburg/rgbd_dataset_freiburg2_desk//rgb/1311868165.663251.png","t":[-0.26188504695892334,-0.05460241064429283,0.11095312237739563]},{"R":[[0.9918343424797058,-0.073638916015625,0.10412474721670151],[0.07462601363658905,0.9971957802772522,-0.005610818509012461],[-0.10341958701610565,0.013335417956113815,0.9945484399795532]],"file_name":"/home/jonas/Downloads/freiburg/rgbd_dataset_freiburg2_desk//rgb/1311868165.699187.png","t":[-0.26880234479904175,-0.05793500691652298,0.11369924992322922]},{"R":[[0.992053747177124,-0.07578535377979279,0.10042896121740341],[0.07638726383447647,0.9970759153366089,-0.002155968686565757],[-0.09997190535068512,0.009810330346226692,0.9949418902397156]],"file_name":"/home/jonas/Downloads/freiburg/rgbd_dataset_freiburg2_desk//rgb/1311868165.731234.png","t":[-0.2723381221294403,-0.06121934577822685,0.11745211482048035]},{"R":[[0.9924824833869934,-0.07645241171121597,0.0955696851015091],[0.07705701142549515,0.9970231652259827,-0.002646281849592924],[-0.09508287906646729,0.009990702383220196,0.9954192042350769]],"file_name":"/home/jonas/Downloads/freiburg/rgbd_dataset_freiburg2_desk//rgb/1311868165.763100.png","t":[-0.2755396366119385,-0.06445807963609695,0.1216401755809784]},{"R":[[0.9932909607887268,-0.07309408485889435,0.08961189538240433],[0.07391491532325745,0.9972472786903381,-0.005871339701116085],[-0.08893606066703796,0.012455604039132595,0.995959460735321]],"file_name":"/home/jonas/Downloads/freiburg/rgbd_dataset_freiburg2_desk//rgb/1311868165.799107.png","t":[-0.2779161334037781,-0.0677436888217926,0.12132129073143005]},{"R":[[0.9937409162521362,-0.07192844897508621,0.08547129482030869],[0.07309222221374512,0.9972692728042603,-0.010561468079686165],[-0.0844782292842865,0.016742650419473648,0.9962846636772156]],"file_name":"/home/jonas/Downloads/freiburg/rgbd_dataset_freiburg2_desk//rgb/1311868165.831186.png","t":[-0.2807304263114929,-0.0689464583992958,0.126286119222641]},{"R":[[0.9940863847732544,-0.07382975518703461,0.07963324338197708],[0.07528815418481827,0.9970418810844421,-0.015465518459677696],[-0.07825586944818497,0.02136950194835663,0.9967042803764343]],"file_name":"/home/jonas/Downloads/freiburg/rgbd_dataset_freiburg2_desk//rgb/1311868165.863220.png","t":[-0.28237342834472656,-0.07294034212827682,0.12909413874149323]},{"R":[[0.9946410655975342,-0.07432439923286438,0.07186830788850784],[0.07592348009347916,0.9969174861907959,-0.019776709377765656],[-0.0701768770813942,0.025127219036221504,0.9972180724143982]],"file_name":"/home/jonas/Downloads/freiburg/rgbd_dataset_freiburg2_desk//rgb/1311868165.899162.png","t":[-0.2831270098686218,-0.07372504472732544,0.1311292201280594]},{"R":[[0.9952389001846313,-0.07293134182691574,0.06465741991996765],[0.07433558255434036,0.9970409870147705,-0.01958196982741356],[-0.06303795427083969,0.024295084178447723,0.9977153539657593]],"file_name":"/home/jonas/Downloads/freiburg/rgbd_dataset_freiburg2_desk//rgb/1311868165.931154.png","t":[-0.28558459877967834,-0.07480642944574356,0.1343839317560196]},{"R":[[0.9958621859550476,-0.07101526856422424,0.05670442804694176],[0.0720994770526886,0.9972472786903381,-0.017306456342339516],[-0.05531931295990944,0.021323204040527344,0.9982410073280334]],"file_name":"/home/jonas/Downloads/freiburg/rgbd_dataset_freiburg2_desk//rgb/1311868165.963154.png","t":[-0.2844647765159607,-0.07827857881784439,0.13853934407234192]},{"R":[[0.9962570071220398,-0.06940481811761856,0.05152670294046402],[0.07044418156147003,0.9973416328430176,-0.01863490231335163],[-0.05009637400507927,0.022194908931851387,0.998497724533081]],"file_name":"/home/jonas/Downloads/freiburg/rgbd_dataset_freiburg2_desk//rgb/1311868165.999133.png","t":[-0.28543826937675476,-0.0826728492975235,0.1425045281648636]},{"R":[[0.9969742894172668,-0.06330135464668274,0.04511367902159691],[0.06434878706932068,0.9976814985275269,-0.02215505950152874],[-0.04360663890838623,0.02499103546142578,0.9987361431121826]],"file_name":"/home/jonas/Downloads/freiburg/rgbd_dataset_freiburg2_desk//rgb/1311868166.031204.png","t":[-0.28756099939346313,-0.08545536547899246,0.14547006785869598]},{"R":[[0.9978529810905457,-0.0527869313955307,0.038768332451581955],[0.053880758583545685,0.9981622099876404,-0.02773279696702957],[-0.037233155220746994,0.02976212091743946,0.9988632798194885]],"file_name":"/home/jonas/Downloads/freiburg/rgbd_dataset_freiburg2_desk//rgb/1311868166.063111.png","t":[-0.2884030342102051,-0.0892050713300705,0.15118290483951569]},{"R":[[0.9980373382568359,-0.05248543620109558,0.03415786847472191],[0.053731732070446014,0.9978824853897095,-0.036652591079473495],[-0.032161813229322433,0.03841601312160492,0.9987441301345825]],"file_name":"/home/jonas/Downloads/freiburg/rgbd_dataset_freiburg2_desk//rgb/1311868166.099206.png","t":[-0.28574612736701965,-0.09411035478115082,0.15339583158493042]},{"R":[[0.998030960559845,-0.05422477424144745,0.03152637928724289],[0.05552414804697037,0.9975771903991699,-0.0419146902859211],[-0.02917718142271042,0.04358263313770294,0.9986236691474915]],"file_name":"/home/jonas/Downloads/freiburg/rgbd_dataset_freiburg2_desk//rgb/1311868166.131254.png","t":[-0.28442761301994324,-0.09792529046535492,0.15857011079788208]},{"R":[[0.997948169708252,-0.05714370682835579,0.028880581259727478],[0.058392077684402466,0.9973055124282837,-0.04440801963210106],[-0.02626512385904789,0.046003296971321106,0.9985959529876709]],"file_name":"/home/jonas/Downloads/freiburg/rgbd_dataset_freiburg2_desk//rgb/1311868166.163189.png","t":[-0.2812735438346863,-0.10827265679836273,0.16438494622707367]},{"R":[[0.9980531930923462,-0.05676247924566269,0.0258417297154665],[0.058037448674440384,0.9969800710678101,-0.05159883573651314],[-0.022834811359643936,0.052998170256614685,0.9983335137367249]],"file_name":"/home/jonas/Downloads/freiburg/rgbd_dataset_freiburg2_desk//rgb/1311868166.199211.png","t":[-0.2815181612968445,-0.11554074287414551,0.1665472835302353]},{"R":[[0.9982073903083801,-0.055857397615909576,0.021494504064321518],[0.05703147128224373,0.9966533184051514,-0.058562472462654114],[-0.0181514210999012,0.05968335643410683,0.9980522990226746]],"file_name":"/home/jonas/Downloads/freiburg/rgbd_dataset_freiburg2_desk//rgb/1311868166.231050.png","t":[-0.2811012864112854,-0.1212129294872284,0.17011795938014984]},{"R":[[0.9984461665153503,-0.05288828909397125,0.017552228644490242],[0.053918350487947464,0.9964536428451538,-0.06459815055131912],[-0.01407349668443203,0.06544416397809982,0.9977569580078125]],"file_name":"/home/jonas/Downloads/freiburg/rgbd_dataset_freiburg2_desk//rgb/1311868166.263177.png","t":[-0.2839757800102234,-0.13074451684951782,0.17180101573467255]},{"R":[[0.9988667964935303,-0.04624946415424347,0.011231598444283009],[0.046947017312049866,0.9962359666824341,-0.07286930084228516],[-0.007819156162440777,0.07331401109695435,0.9972782731056213]],"file_name":"/home/jonas/Downloads/freiburg/rgbd_dataset_freiburg2_desk//rgb/1311868166.299209.png","t":[-0.2861192226409912,-0.13740713894367218,0.17265817523002625]},{"R":[[0.9991086721420288,-0.04147740453481674,0.007839621976017952],[0.041988711804151535,0.9956067204475403,-0.08369085192680359],[-0.004333901684731245,0.08394543081521988,0.9964609146118164]],"file_name":"/home/jonas/Downloads/freiburg/rgbd_dataset_freiburg2_desk//rgb/1311868166.331189.png","t":[-0.2879796326160431,-0.1422489881515503,0.17401300370693207]},{"R":[[0.9990676641464233,-0.042596954852342606,0.007025739643722773],[0.04306107014417648,0.9948889017105103,-0.09133327007293701],[-0.00309931137599051,0.09155064821243286,0.9957956075668335]],"file_name":"/home/jonas/Downloads/freiburg/rgbd_dataset_freiburg2_desk//rgb/1311868166.363122.png","t":[-0.2865983247756958,-0.15284334123134613,0.17578451335430145]},{"R":[[0.9989823698997498,-0.04470909759402275,0.0059465933591127396],[0.045073267072439194,0.9943853616714478,-0.09573999792337418],[-0.0016327564371749759,0.09591060131788254,0.9953886270523071]],"file_name":"/home/jonas/Downloads/freiburg/rgbd_dataset_freiburg2_desk//rgb/1311868166.399232.png","t":[-0.2869088649749756,-0.16133584082126617,0.17792737483978271]},{"R":[[0.998775839805603,-0.0493091382086277,0.0039252485148608685],[0.049453239887952805,0.993647575378418,-0.10108868032693863],[0.00108428206294775,0.10115905106067657,0.9948696494102478]],"file_name":"/home/jonas/Downloads/freiburg/rgbd_dataset_freiburg2_desk//rgb/1311868166.431171.png","t":[-0.2898654341697693,-0.1643732190132141,0.18166683614253998]},{"R":[[0.9986132383346558,-0.052642952650785446,-0.0005520227132365108],[0.05229799821972847,0.9931638836860657,-0.10435716062784195],[0.006041917949914932,0.10418356955051422,0.994539737701416]],"file_name":"/home/jonas/Downloads/freiburg/rgbd_dataset_freiburg2_desk//rgb/1311868166.463018.png","t":[-0.2950339615345001,-0.16929353773593903,0.18242885172367096]},{"R":[[0.9986579418182373,-0.0512155145406723,-0.007700263988226652],[0.05013130232691765,0.9932473301887512,-0.10462591797113419],[0.013006736524403095,0.10409948229789734,0.9944818615913391]],"file_name":"/home/jonas/Downloads/freiburg/rgbd_dataset_freiburg2_desk//rgb/1311868166.499195.png","t":[-0.29935067892074585,-0.17280027270317078,0.18175263702869415]},{"R":[[0.9985865950584412,-0.05194638669490814,-0.011244160123169422],[0.05045819282531738,0.9930314421653748,-0.10650152713060379],[0.01669817417860031,0.10578363388776779,0.9942489862442017]],"file_name":"/home/jonas/Downloads/freiburg/rgbd_dataset_freiburg2_desk//rgb/1311868166.531252.png","t":[-0.30303117632865906,-0.17459991574287415,0.18345092236995697]},{"R":[[0.9985178709030151,-0.0529940165579319,-0.012398277409374714],[0.05139727145433426,0.9930976629257202,-0.1054292544722557],[0.01789982058107853,0.10463575273752213,0.9943495392799377]],"file_name":"/home/jonas/Downloads/freiburg/rgbd_dataset_freiburg2_desk//rgb/1311868166.563132.png","t":[-0.3060612976551056,-0.1770118921995163,0.18649618327617645]},{"R":[[0.998559832572937,-0.05229521915316582,-0.011977299116551876],[0.05077032372355461,0.9932746887207031,-0.1040564477443695],[0.017338402569293976,0.10329849272966385,0.9944992661476135]],"file_name":"/home/jonas/Downloads/freiburg/rgbd_dataset_freiburg2_desk//rgb/1311868166.599207.png","t":[-0.31019142270088196,-0.1783374547958374,0.18960006535053253]},{"R":[[0.9985932111740112,-0.051962483674287796,-0.010558000765740871],[0.050602298229932785,0.9933894872665405,-0.10303773730993271],[0.01584230363368988,0.10235852748155594,0.9946213960647583]],"file_name":"/home/jonas/Downloads/freiburg/rgbd_dataset_freiburg2_desk//rgb/1311868166.631287.png","t":[-0.31461286544799805,-0.18008990585803986,0.19393205642700195]},{"R":[[0.9987199902534485,-0.04969220981001854,-0.009439384564757347],[0.0484699122607708,0.9935771822929382,-0.10225013643503189],[0.014459792524576187,0.10166172683238983,0.9947139620780945]],"file_name":"/home/jonas/Downloads/freiburg/rgbd_dataset_freiburg2_desk//rgb/1311868166.663284.png","t":[-0.31937307119369507,-0.18013827502727509,0.19753578305244446]},{"R":[[0.9988483786582947,-0.04719480499625206,-0.008633183315396309],[0.046094100922346115,0.9938929677009583,-0.10026039183139801],[0.013312229886651039,0.09974698722362518,0.9949237704277039]],"file_name":"/home/jonas/Downloads/freiburg/rgbd_dataset_freiburg2_desk//rgb/1311868166.699270.png","t":[-0.3252129554748535,-0.18066087365150452,0.20096983015537262]},{"R":[[0.9989833235740662,-0.04457053542137146,-0.0067694950848817825],[0.04369816556572914,0.9942613244056702,-0.09764686971902847],[0.01108282059431076,0.0972517728805542,0.995198130607605]],"file_name":"/home/jonas/Downloads/freiburg/rgbd_dataset_freiburg2_desk//rgb/1311868166.731105.png","t":[-0.3318345844745636,-0.1807231456041336,0.20192570984363556]},{"R":[[0.9990396499633789,-0.043693654239177704,-0.0032604264561086893],[0.04319020360708237,0.9945833683013916,-0.09454399347305298],[0.00737373810261488,0.09431237727403641,0.9955153465270996]],"file_name":"/home/jonas/Downloads/freiburg/rgbd_dataset_freiburg2_desk//rgb/1311868166.763333.png","t":[-0.3388234078884125,-0.18072012066841125,0.2075195610523224]},{"R":[[0.9990582466125488,-0.04338870570063591,0.00017365104577038437],[0.04321902617812157,0.9947814345359802,-0.09242324531078339],[0.0038373798597604036,0.09234371036291122,0.9957197904586792]],"file_name":"/home/jonas/Downloads/freiburg/rgbd_dataset_freiburg2_desk//rgb/1311868166.799225.png","t":[-0.34418943524360657,-0.17995059490203857,0.21202901005744934]},{"R":[[0.9990010857582092,-0.04442092031240463,0.00485952477902174],[0.04467748478055,0.9950036406517029,-0.08928452432155609],[-0.0008691441034898162,0.08941244333982468,0.9959943294525146]],"file_name":"/home/jonas/Downloads/freiburg/rgbd_dataset_freiburg2_desk//rgb/1311868166.831229.png","t":[-0.3505310118198395,-0.18042542040348053,0.21511170268058777]},{"R":[[0.9988004565238953,-0.047787509858608246,0.010677364654839039],[0.04853269085288048,0.9950821995735168,-0.08634834736585617],[-0.0064984820783138275,0.08676297217607498,0.9962077736854553]],"file_name":"/home/jonas/Downloads/freiburg/rgbd_dataset_freiburg2_desk//rgb/1311868166.863222.png","t":[-0.35664045810699463,-0.1832353174686432,0.21843183040618896]},{"R":[[0.9985206723213196,-0.051504675298929214,0.017428191378712654],[0.05280301347374916,0.9949982166290283,-0.08479583263397217],[-0.012973637320101261,0.0855906531214714,0.9962459206581116]],"file_name":"/home/jonas/Downloads/freiburg/rgbd_dataset_freiburg2_desk//rgb/1311868166.899308.png","t":[-0.3653290867805481,-0.18226009607315063,0.22407406568527222]},{"R":[[0.9981768727302551,-0.05602240934967995,0.022460270673036575],[0.05769279971718788,0.9949343800544739,-0.08232301473617554],[-0.01773456111550331,0.0834687277674675,0.9963525533676147]],"file_name":"/home/jonas/Downloads/freiburg/rgbd_dataset_freiburg2_desk//rgb/1311868166.931160.png","t":[-0.3744066059589386,-0.18203000724315643,0.22739426791667938]},{"R":[[0.9976667761802673,-0.06259681284427643,0.027251191437244415],[0.06456171721220016,0.9948241114616394,-0.0784648135304451],[-0.022198494523763657,0.08004112541675568,0.996544361114502]],"file_name":"/home/jonas/Downloads/freiburg/rgbd_dataset_freiburg2_desk//rgb/1311868166.963312.png","t":[-0.3820720314979553,-0.1838928610086441,0.2290305197238922]},{"R":[[0.997157096862793,-0.06742116063833237,0.03364671766757965],[0.06976370513439178,0.994804859161377,-0.07413738965988159],[-0.028473488986492157,0.07627394050359726,0.9966802597045898]],"file_name":"/home/jonas/Downloads/freiburg/rgbd_dataset_freiburg2_desk//rgb/1311868166.999289.png","t":[-0.39064133167266846,-0.18829558789730072,0.23431958258152008]},{"R":[[0.9963684678077698,-0.07317803055047989,0.043529264628887177],[0.07623910903930664,0.9943840503692627,-0.07340305298566818],[-0.03791331499814987,0.07645512372255325,0.996351957321167]],"file_name":"/home/jonas/Downloads/freiburg/rgbd_dataset_freiburg2_desk//rgb/1311868167.031127.png","t":[-0.3998696804046631,-0.19161924719810486,0.23881949484348297]},{"R":[[0.9954068660736084,-0.07941117137670517,0.0534704364836216],[0.08320335298776627,0.9938634634017944,-0.07288739830255508],[-0.04735423997044563,0.07700153440237045,0.9959058165550232]],"file_name":"/home/jonas/Downloads/freiburg/rgbd_dataset_freiburg2_desk//rgb/1311868167.063209.png","t":[-0.4088042378425598,-0.1958080679178238,0.24432314932346344]},{"R":[[0.9945773482322693,-0.08295803517103195,0.0627201572060585],[0.0875001773238182,0.9934477806091309,-0.07352051138877869],[-0.05621008202433586,0.07860986143350601,0.9953194856643677]],"file_name":"/home/jonas/Downloads/freiburg/rgbd_dataset_freiburg2_desk//rgb/1311868167.099303.png","t":[-0.41833844780921936,-0.19656161963939667,0.24969862401485443]},{"R":[[0.9923786520957947,-0.09235778450965881,0.08157599717378616],[0.09830554574728012,0.9925353527069092,-0.07217761129140854],[-0.07430089265108109,0.07964689284563065,0.994050145149231]],"file_name":"/home/jonas/Downloads/freiburg/rgbd_dataset_freiburg2_desk//rgb/1311868167.163230.png","t":[-0.43673500418663025,-0.20181812345981598,0.2562398612499237]},{"R":[[0.9910792708396912,-0.09747045487165451,0.09089220315217972],[0.10395584255456924,0.9921455979347229,-0.06957252323627472],[-0.0833970308303833,0.07840065658092499,0.9934275150299072]],"file_name":"/home/jonas/Downloads/freiburg/rgbd_dataset_freiburg2_desk//rgb/1311868167.199258.png","t":[-0.4433678090572357,-0.2016618549823761,0.26428523659706116]},{"R":[[0.9893955588340759,-0.1037849634885788,0.10161247104406357],[0.11064128577709198,0.9917764067649841,-0.06432798504829407],[-0.09410057216882706,0.07488835602998734,0.9927420616149902]],"file_name":"/home/jonas/Downloads/freiburg/rgbd_dataset_freiburg2_desk//rgb/1311868167.231267.png","t":[-0.4499737322330475,-0.20562845468521118,0.2708561420440674]},{"R":[[0.9874358773231506,-0.11009763181209564,0.11335308849811554],[0.11758988350629807,0.9911459684371948,-0.061662618070840836],[-0.1055605486035347,0.0742170587182045,0.9916394352912903]],"file_name":"/home/jonas/Downloads/freiburg/rgbd_dataset_freiburg2_desk//rgb/1311868167.263251.png","t":[-0.45879724621772766,-0.2084815353155136,0.2795979082584381]},{"R":[[0.985958993434906,-0.116107277572155,0.12001675367355347],[0.12372291833162308,0.9906169772148132,-0.05805760249495506],[-0.11214972287416458,0.0720912367105484,0.9910727739334106]],"file_name":"/home/jonas/Downloads/freiburg/rgbd_dataset_freiburg2_desk//rgb/1311868167.299141.png","t":[-0.46503034234046936,-0.2115166336297989,0.2837691307067871]},{"R":[[0.9846627116203308,-0.12073871493339539,0.1259424090385437],[0.12866635620594025,0.9900595545768738,-0.05680731683969498],[-0.11783163994550705,0.07214059680700302,0.9904097318649292]],"file_name":"/home/jonas/Downloads/freiburg/rgbd_dataset_freiburg2_desk//rgb/1311868167.331145.png","t":[-0.47477632761001587,-0.21446096897125244,0.290279746055603]},{"R":[[0.9837562441825867,-0.12376093119382858,0.13002651929855347],[0.13198283314704895,0.9896341562271118,-0.05661068111658096],[-0.12167249619960785,0.07285238057374954,0.9898930788040161]],"file_name":"/home/jonas/Downloads/freiburg/rgbd_dataset_freiburg2_desk//rgb/1311868167.363275.png","t":[-0.48221316933631897,-0.21723224222660065,0.2926774322986603]},{"R":[[0.9832531809806824,-0.12386443465948105,0.13368186354637146],[0.13247814774513245,0.9895135164260864,-0.05755474045872688],[-0.12515102326869965,0.07430080324411392,0.9893516302108765]],"file_name":"/home/jonas/Downloads/freiburg/rgbd_dataset_freiburg2_desk//rgb/1311868167.399226.png","t":[-0.4908854067325592,-0.21798531711101532,0.2964751124382019]},{"R":[[0.9828887581825256,-0.12266480922698975,0.13741563260555267],[0.1316058188676834,0.989606499671936,-0.05795542150735855],[-0.12887831032276154,0.07504843175411224,0.988816499710083]],"file_name":"/home/jonas/Downloads/freiburg/rgbd_dataset_freiburg2_desk//rgb/1311868167.431237.png","t":[-0.49575915932655334,-0.21955007314682007,0.296763151884079]},{"R":[[0.9822070598602295,-0.12183521687984467,0.1429176926612854],[0.1312926858663559,0.9896048307418823,-0.058690328150987625],[-0.1342814862728119,0.07641009986400604,0.9879928827285767]],"file_name":"/home/jonas/Downloads/freiburg/rgbd_dataset_freiburg2_desk//rgb/1311868167.463303.png","t":[-0.5017760396003723,-0.21938952803611755,0.303665429353714]},{"R":[[0.9810576438903809,-0.12302054464817047,0.14963892102241516],[0.13302534818649292,0.98936927318573,-0.05876005068421364],[-0.1408194601535797,0.07755276560783386,0.986993134021759]],"file_name":"/home/jonas/Downloads/freiburg/rgbd_dataset_freiburg2_desk//rgb/1311868167.499121.png","t":[-0.509059727191925,-0.21986080706119537,0.30724871158599854]},{"R":[[0.9799416661262512,-0.126627579331398,0.1538824886083603],[0.1365562379360199,0.9890640377998352,-0.05572020262479782],[-0.14514392614364624,0.07561616599559784,0.9865168333053589]],"file_name":"/home/jonas/Downloads/freiburg/rgbd_dataset_freiburg2_desk//rgb/1311868167.531321.png","t":[-0.5145718455314636,-0.22266370058059692,0.31092050671577454]},{"R":[[0.9794055223464966,-0.1282775104045868,0.15591584146022797],[0.13837295770645142,0.9888140559196472,-0.05567517131567001],[-0.14702990651130676,0.07610310614109039,0.9862000346183777]],"file_name":"/home/jonas/Downloads/freiburg/rgbd_dataset_freiburg2_desk//rgb/1311868167.563160.png","t":[-0.5217826962471008,-0.22192561626434326,0.3147008717060089]},{"R":[[0.9792706370353699,-0.12705925107002258,0.15774981677532196],[0.13723623752593994,0.988990843296051,-0.055347029119729996],[-0.1489807665348053,0.07584871351718903,0.9859268069267273]],"file_name":"/home/jonas/Downloads/freiburg/rgbd_dataset_freiburg2_desk//rgb/1311868167.599230.png","t":[-0.5275311470031738,-0.2225273698568344,0.31506121158599854]},{"R":[[0.9790442585945129,-0.12673012912273407,0.15941081941127777],[0.13710542023181915,0.9889823794364929,-0.055820658802986145],[-0.15058033168315887,0.07650698721408844,0.9856328964233398]],"file_name":"/home/jonas/Downloads/freiburg/rgbd_dataset_freiburg2_desk//rgb/1311868167.631495.png","t":[-0.5305955410003662,-0.22178591787815094,0.31696653366088867]},{"R":[[0.9783475399017334,-0.12762495875358582,0.162935271859169],[0.13829149305820465,0.9888157248497009,-0.05584782734513283],[-0.1539853811264038,0.07717114686965942,0.9850548505783081]],"file_name":"/home/jonas/Downloads/freiburg/rgbd_dataset_freiburg2_desk//rgb/1311868167.663360.png","t":[-0.5355749726295471,-0.2231636941432953,0.3191058337688446]},{"R":[[0.9777284264564514,-0.12730704247951508,0.16685327887535095],[0.13853055238723755,0.9886932373046875,-0.057401612401008606],[-0.15765906870365143,0.07923746109008789,0.9843094348907471]],"file_name":"/home/jonas/Downloads/freiburg/rgbd_dataset_freiburg2_desk//rgb/1311868167.699226.png","t":[-0.5416534543037415,-0.22553996741771698,0.3214961588382721]},{"R":[[0.9772213101387024,-0.12844765186309814,0.16893698275089264],[0.1404135525226593,0.9882210493087769,-0.06085370108485222],[-0.15913055837154388,0.08318857103586197,0.9837464690208435]],"file_name":"/home/jonas/Downloads/freiburg/rgbd_dataset_freiburg2_desk//rgb/1311868167.731241.png","t":[-0.5445537567138672,-0.22818510234355927,0.31978362798690796]},{"R":[[0.976698100566864,-0.1289961338043213,0.17152506113052368],[0.14177611470222473,0.9878002405166626,-0.06442242860794067],[-0.16112224757671356,0.08723941445350647,0.9830711483955383]],"file_name":"/home/jonas/Downloads/freiburg/rgbd_dataset_freiburg2_desk//rgb/1311868167.763281.png","t":[-0.5504382252693176,-0.2279997020959854,0.3202981948852539]},{"R":[[0.9766756296157837,-0.12784305214881897,0.17251339554786682],[0.14130879938602448,0.9876186847686768,-0.06812620908021927],[-0.16166798770427704,0.09091486781835556,0.9826484322547913]],"file_name":"/home/jonas/Downloads/freiburg/rgbd_dataset_freiburg2_desk//rgb/1311868167.799224.png","t":[-0.5533282160758972,-0.22753313183784485,0.319591760635376]},{"R":[[0.9767593741416931,-0.12919238209724426,0.1710275560617447],[0.1428462564945221,0.9872632622718811,-0.07004444301128387],[-0.15980000793933868,0.09284721314907074,0.9827733039855957]],"file_name":"/home/jonas/Downloads/freiburg/rgbd_dataset_freiburg2_desk//rgb/1311868167.863098.png","t":[-0.5615906715393066,-0.22773368656635284,0.31066086888313293]},{"R":[[0.9777098894119263,-0.12356743961572647,0.16974806785583496],[0.1369469314813614,0.9881393313407898,-0.06947081536054611],[-0.1591504067182541,0.09116878360509872,0.9830358028411865]],"file_name":"/home/jonas/Downloads/freiburg/rgbd_dataset_freiburg2_desk//rgb/1311868167.899376.png","t":[-0.5664499402046204,-0.2201697826385498,0.3099305033683777]},{"R":[[0.978154718875885,-0.11825774610042572,0.17096342146396637],[0.13132256269454956,0.9890589714050293,-0.06720676273107529],[-0.1611451804637909,0.08818996697664261,0.9829825758934021]],"file_name":"/home/jonas/Downloads/freiburg/rgbd_dataset_freiburg2_desk//rgb/1311868167.931184.png","t":[-0.5705589056015015,-0.2119084894657135,0.30918025970458984]},{"R":[[0.9787648320198059,-0.10914359986782074,0.1735139638185501],[0.1221683919429779,0.9902980923652649,-0.06621614098548889],[-0.16460347175598145,0.08600795269012451,0.9826028347015381]],"file_name":"/home/jonas/Downloads/freiburg/rgbd_dataset_freiburg2_desk//rgb/1311868167.999325.png","t":[-0.5785821676254272,-0.2040465623140335,0.31073516607284546]},{"R":[[0.9789652228355408,-0.1058330163359642,0.1744316965341568],[0.11910966038703918,0.9905865788459778,-0.06746166944503784],[-0.16565002501010895,0.086819127202034,0.9823555946350098]],"file_name":"/home/jonas/Downloads/freiburg/rgbd_dataset_freiburg2_desk//rgb/1311868168.031266.png","t":[-0.582375705242157,-0.20024234056472778,0.3093421161174774]},{"R":[[0.9790039658546448,-0.10509063303470612,0.17466309666633606],[0.11827550083398819,0.9907281398773193,-0.06684837490320206],[-0.1660185158252716,0.08610318601131439,0.9823564291000366]],"file_name":"/home/jonas/Downloads/freiburg/rgbd_dataset_freiburg2_desk//rgb/1311868168.063183.png","t":[-0.5857231020927429,-0.1991652250289917,0.3042372167110443]},{"R":[[0.9792370796203613,-0.10586394369602203,0.17288027703762054],[0.11884366720914841,0.9906827807426453,-0.06651153415441513],[-0.16422834992408752,0.08567629009485245,0.9826945662498474]],"file_name":"/home/jonas/Downloads/freiburg/rgbd_dataset_freiburg2_desk//rgb/1311868168.099296.png","t":[-0.586736261844635,-0.19389666616916656,0.2978285253047943]},{"R":[[0.9788027405738831,-0.10742964595556259,0.1743677407503128],[0.12015572190284729,0.9906823635101318,-0.06411788612604141],[-0.16585488617420197,0.08371004462242126,0.9825908541679382]],"file_name":"/home/jonas/Downloads/freiburg/rgbd_dataset_freiburg2_desk//rgb/1311868168.131162.png","t":