[{"R":[[0.9999975562095642,0.0016742878360673785,0.0014511847402900457],[-0.0016839125892147422,0.999976396560669,0.006656716577708721],[-0.0014400053769350052,-0.006659143604338169,0.9999768137931824]],"file_name":"/home/jonas/Downloads/freiburg/rgbd_dataset_freiburg2_desk//rgb/1311868164.363181.png","mnId":1,"t":[-0.03823929280042648,-0.02587762102484703,0.0514349602162838]},{"R":[[0.9996403455734253,-0.02640906535089016,-0.004664041567593813],[0.026373373344540596,0.9996235966682434,-0.00755532830953598],[0.004861815366894007,0.007429604418575764,0.9999606013298035]],"file_name":"/home/jonas/Downloads/freiburg/rgbd_dataset_freiburg2_desk//rgb/1311868164.599061.png","mnId":2,"t":[-0.050965841859579086,-0.03204009309411049,0.06995619833469391]},{"R":[[0.9995866417884827,-0.028179993852972984,-0.005692832637578249],[0.028162183240056038,0.9995982646942139,-0.0031848514918237925],[0.005780295003205538,0.003023212542757392,0.9999787211418152]],"file_name":"/home/jonas/Downloads/freiburg/rgbd_dataset_freiburg2_desk//rgb/1311868164.631140.png","mnId":3,"t":[-0.05398767068982124,-0.03317270427942276,0.07248762249946594]},{"R":[[0.9992311000823975,-0.03657284006476402,0.01412934809923172],[0.03767292946577072,0.9954426884651184,-0.08760453015565872],[-0.010861010290682316,0.08806946873664856,0.9960551261901855]],"file_name":"/home/jonas/Downloads/freiburg/rgbd_dataset_freiburg2_desk//rgb/1311868166.363122.png","mnId":10,"t":[-0.3368179202079773,-0.18345341086387634,0.23001638054847717]},{"R":[[0.9989656805992126,-0.045268699526786804,-0.004283816087990999],[0.04459700360894203,0.9937900304794312,-0.10194338113069534],[0.008872058242559433,0.10164689272642136,0.994780957698822]],"file_name":"/home/jonas/Downloads/freiburg/rgbd_dataset_freiburg2_desk//rgb/1311868166.531252.png","mnId":11,"t":[-0.35370415449142456,-0.2076239436864853,0.23654335737228394]},{"R":[[0.9948036670684814,-0.07672057300806046,0.06692961603403091],[0.081322081387043,0.9942984580993652,-0.06897342950105667],[-0.06125633046030998,0.07405787706375122,0.9953708052635193]],"file_name":"/home/jonas/Downloads/freiburg/rgbd_dataset_freiburg2_desk//rgb/1311868167.099303.png","mnId":12,"t":[-0.460783451795578,-0.22888505458831787,0.30676087737083435]},{"R":[[0.9835310578346252,-0.11771370470523834,0.13714994490146637],[0.12586776912212372,0.9906647205352783,-0.05235178768634796],[-0.12970709800720215,0.06875236332416534,0.9891659021377563]],"file_name":"/home/jonas/Downloads/freiburg/rgbd_dataset_freiburg2_desk//rgb/1311868167.399226.png","mnId":13,"t":[-0.5275516510009766,-0.25194552540779114,0.35497409105300903]},{"R":[[0.9729996919631958,-0.13069124519824982,0.19024035334587097],[0.14279237389564514,0.9884224534034729,-0.051297083497047424],[-0.1813337653875351,0.07707691937685013,0.9803964495658875]],"file_name":"/home/jonas/Downloads/freiburg/rgbd_dataset_freiburg2_desk//rgb/1311868168.463333.png","mnId":15,"t":[-0.6239959597587585,-0.19980531930923462,0.31095394492149353]},{"R":[[0.9652935862541199,-0.12901447713375092,0.22707617282867432],[0.13916155695915222,0.9898394346237183,-0.029189031571149826],[-0.22100314497947693,0.05977625772356987,0.9734394550323486]],"file_name":"/home/jonas/Downloads/freiburg/rgbd_dataset_freiburg2_desk//rgb/1311868168.899300.png","mnId":16,"t":[-0.6326961517333984,-0.14461039006710052,0.2742202877998352]},{"R":[[0.9356133341789246,-0.17655903100967407,0.3057035207748413],[0.17763091623783112,0.9837910532951355,0.024544479325413704],[-0.30508193373680115,0.03133825957775116,0.951810359954834]],"file_name":"/home/jonas/Downloads/freiburg/rgbd_dataset_freiburg2_desk//rgb/1311868169.231354.png","mnId":17,"t":[-0.6417513489723206,-0.1148330420255661,0.2906665503978729]},{"R":[[0.8413252234458923,-0.2745992839336395,0.46558257937431335],[0.23100867867469788,0.9613847136497498,0.14958062767982483],[-0.4886787235736847,-0.01829233579337597,0.8722720146179199]],"file_name":"/home/jonas/Downloads/freiburg/rgbd_dataset_freiburg2_desk//rgb/1311868170.031274.png","mnId":21,"t":[-0.7451540231704712,-0.05106731504201889,0.37136465311050415]},{"R":[[0.8283115029335022,-0.27514347434043884,0.48805341124534607],[0.23694194853305817,0.9614031314849854,0.13986600935459137],[-0.5076993107795715,-0.0002122962032444775,0.8615342974662781]],"file_name":"/home/jonas/Downloads/freiburg/rgbd_dataset_freiburg2_desk//rgb/1311868170.663430.png","mnId":22,"t":[-0.7975291013717651,-0.09650345891714096,0.49917665123939514]},{"R":[[0.809552788734436,-0.27888596057891846,0.5165722966194153],[0.24946419894695282,0.9599777460098267,0.1273198127746582],[-0.5314056277275085,0.02579418197274208,0.8467246890068054]],"file_name":"/home/jonas/Downloads/freiburg/rgbd_dataset_freiburg2_desk//rgb/1311868171.231391.png","mnId":23,"t":[-0.8498885631561279,-0.14003145694732666,0.5932031869888306]},{"R":[[0.7473306655883789,-0.3416672348976135,0.5698775053024292],[0.3150618374347687,0.9373329877853394,0.14880499243736267],[-0.5850067734718323,0.06834011524915695,0.8081439733505249]],"file_name":"/home/jonas/Downloads/freiburg/rgbd_dataset_freiburg2_desk//rgb/1311868171.731499.png","mnId":24,"t":[-0.8980363011360168,-0.2572968006134033,0.6929657459259033]},{"R":[[0.7271755933761597,-0.35833650827407837,0.5855002999305725],[0.3540770411491394,0.9265134334564209,0.12728840112686157],[-0.588085949420929,0.11475119739770889,0.8006166815757751]],"file_name":"/home/jonas/Downloads/freiburg/rgbd_dataset_freiburg2_desk//rgb/1311868172.063426.png","mnId":25,"t":[-0.9563013911247253,-0.3468377888202667,0.7117520570755005]},{"R":[[0.7165897488594055,-0.3611607551574707,0.5967093110084534],[0.38319751620292664,0.9186795353889465,0.09585171192884445],[-0.5828025341033936,0.1599711775779724,0.7967122793197632]],"file_name":"/home/jonas/Downloads/freiburg/rgbd_dataset_freiburg2_desk//rgb/1311868172.363479.png","mnId":26,"t":[-1.0034148693084717,-0.41697609424591064,0.7130342125892639]},{"R":[[0.7236441969871521,-0.3685450255870819,0.5835354328155518],[0.41857513785362244,0.9066044092178345,0.05351012200117111],[-0.5487566590309143,0.20553113520145416,0.8103228211402893]],"file_name":"/home/jonas/Downloads/freiburg/rgbd_dataset_freiburg2_desk//rgb/1311868172.663612.png","mnId":27,"t":[-1.0664985179901123,-0.49122554063796997,0.6528444290161133]},{"R":[[0.7279872894287109,-0.3628861904144287,0.5816770195960999],[0.45162463188171387,0.892166256904602,-0.008633947931230068],[-0.5158194899559021,0.2689850926399231,0.8133740425109863]],"file_name":"/home/jonas/Downloads/freiburg/rgbd_dataset_freiburg2_desk//rgb/1311868172.999602.png","mnId":28,"t":[-1.1359697580337524,-0.5356673002243042,0.5507491230964661]},{"R":[[0.7188839912414551,-0.37108153104782104,0.587796151638031],[0.4562385082244873,0.8898494839668274,0.003783848602324724],[-0.5244542360305786,0.26545509696006775,0.8090002536773682]],"file_name":"/home/jonas/Downloads/freiburg/rgbd_dataset_freiburg2_desk//rgb/1311868173.531628.png","mnId":29,"t":[-1.2211341857910156,-0.4944576323032379,0.5084484815597534]},{"R":[[0.683866024017334,-0.37209245562553406,0.6275942325592041],[0.46218299865722656,0.8865121603012085,0.021977975964546204],[-0.5645477771759033,0.2750333845615387,0.7782303094863892]],"file_name":"/home/jonas/Downloads/freiburg/rgbd_dataset_freiburg2_desk//rgb/1311868173.831620.png","mnId":30,"t":[-1.2450933456420898,-0.48795586824417114,0.5510143637657166]},{"R":[[0.5733612179756165,-0.438805490732193,0.691886305809021],[0.5004962086677551,0.8561866283416748,0.12824982404708862],[-0.6486605405807495,0.2727530002593994,0.7105246782302856]],"file_name":"/home/jonas/Downloads/freiburg/rgbd_dataset_freiburg2_desk//rgb/1311868174.231617.png","mnId":31,"t":[-1.2385097742080688,-0.5630013942718506,0.6987687945365906]},{"R":[[0.5157774090766907,-0.4426906704902649,0.7334839105606079],[0.5017121434211731,0.8500612378120422,0.160252183675766],[-0.6944484114646912,0.28534331917762756,0.6605457067489624]],"file_name":"/home/jonas/Downloads/freiburg/rgbd_dataset_freiburg2_desk//rgb/1311868174.631772.png","mnId":32,"t":[-1.257009744644165,-0.582241952419281,0.7913757562637329]},{"R":[[0.5129198431968689,-0.43421614170074463,0.7405198216438293],[0.46135666966438293,0.8669014573097229,0.18876418471336365],[-0.7239221334457397,0.24482285976409912,0.6449794769287109]],"file_name":"/home/jonas/Downloads/freiburg/rgbd_dataset_freiburg2_desk//rgb/1311868174.967694.png","mnId":33,"t":[-1.3016949892044067,-0.48669299483299255,0.8111124038696289]},{"R":[[0.5105798244476318,-0.447519451379776,0.7341897487640381],[0.44166451692581177,0.8691222667694092,0.22261837124824524],[-0.7377266883850098,0.21060112118721008,0.6414097547531128]],"file_name":"/home/jonas/Downloads/freiburg/rgbd_dataset_freiburg2_desk//rgb/1311868175.167807.png","mnId":34,"t":[-1.3160550594329834,-0.429752379655838,0.7972918748855591]},{"R":[[0.5043637156486511,-0.4319601058959961,0.7476815581321716],[0.360413521528244,0.8921610116958618,0.2723063826560974],[-0.7846778631210327,0.13213306665420532,0.6056579351425171]],"file_name":"/home/jonas/Downloads/freiburg/rgbd_dataset_freiburg2_desk//rgb/1311868175.400048.png","mnId":35,"t":[-1.3319542407989502,-0.2930285632610321,0.8210933208465576]},{"R":[[0.49325618147850037,-0.4048384726047516,0.7699377536773682],[0.30319270491600037,0.9096122980117798,0.2840416133403778],[-0.8153358101844788,0.09333422034978867,0.5714159607887268]],"file_name":"/home/jonas/Downloads/freiburg/rgbd_dataset_freiburg2_desk//rgb/1311868175.631778.png","mnId":36,"t":[-1.3540995121002197,-0.19009926915168762,0.8344084620475769]},{"R":[[0.47651877999305725,-0.41157442331314087,0.7768760323524475],[0.28034651279449463,0.9086573123931885,0.309431254863739],[-0.8332680463790894,0.07034469395875931,0.5483757257461548]],"file_name":"/home/jonas/Downloads/freiburg/rgbd_dataset_freiburg2_desk//rgb/1311868175.799815.png","mnId":37,"t":[-1.3702898025512695,-0.16082876920700073,0.8488072156906128]},{"R":[[0.44526487588882446,-0.4175141453742981,0.7920991778373718],[0.2713037431240082,0.9059562683105469,0.32501929998397827],[-0.8533073663711548,0.07017980515956879,0.516663670539856]],"file_name":"/home/jonas/Downloads/freiburg/rgbd_dataset_freiburg2_desk//rgb/1311868175.931644.png","mnId":38,"t":[-1.373805046081543,-0.15304256975650787,0.8925217986106873]},{"R":[[0.3994188606739044,-0.43514522910118103,0.8069158792495728],[0.2785513699054718,0.8961654305458069,0.34539344906806946],[-0.8734264373779297,0.08681086450815201,0.47915568947792053]],"file_name":"/home/jonas/Downloads/freiburg/rgbd_dataset_freiburg2_desk//rgb/1311868176.067949.png","mnId":39,"t":[-1.3658108711242676,-0.17752300202846527,0.9569888710975647]},{"R":[[0.28770437836647034,-0.4599384665489197,0.8400492668151855],[0.36748307943344116,0.8630110025405884,0.3466528356075287],[-0.8844107389450073,0.20897036790847778,0.4173116385936737]],"file_name":"/home/jonas/Downloads/freiburg/rgbd_dataset_freiburg2_desk//rgb/1311868176.699787.png","mnId":42,"t":[-1.436545968055725,-0.36726072430610657,1.0938389301300049]},{"R":[[0.2787807285785675,-0.466537207365036,0.8394190669059753],[0.3907754719257355,0.8535456657409668,0.34460753202438354],[-0.8772547245025635,0.2319544404745102,0.4202633500099182]],"file_name":"/home/jonas/Downloads/freiburg/rgbd_dataset_freiburg2_desk//rgb/1311868177.131895.png","mnId":43,"t":[-1.5060490369796753,-0.4021574556827545,1.0640196800231934]},{"R":[[0.2821510136127472,-0.48961445689201355,0.8250263333320618],[0.39979681372642517,0.8417436480522156,0.3628087639808655],[-0.8720970749855042,0.22747603058815002,0.43324512243270874]],"file_name":"/home/jonas/Downloads/freiburg/rgbd_dataset_freiburg2_desk//rgb/1311868177.467848.png","mnId":44,"t":[-1.5721771717071533,-0.4217563569545746,0.9880179762840271]},{"R":[[0.24988046288490295,-0.4804285168647766,0.8406831622123718],[0.44123733043670654,0.8293382525444031,0.3427940011024475],[-0.8618987202644348,0.28528326749801636,0.41921842098236084]],"file_name":"/home/jonas/Downloads/freiburg/rgbd_dataset_freiburg2_desk//rgb/1311868177.832005.png","mnId":45,"t":[-1.5986148118972778,-0.4866800606250763,0.9850034713745117]},{"R":[[0.16253122687339783,-0.4910145103931427,0.8558553457260132],[0.4578968286514282,0.8058668375015259,0.3753786087036133],[-0.8740217685699463,0.3308826982975006,0.35581251978874207]],"file_name":"/home/jonas/Downloads/freiburg/rgbd_dataset_freiburg2_desk//rgb/1311868178.068015.png","mnId":46,"t":[-1.5483731031417847,-0.5821181535720825,1.1072564125061035]},{"R":[[0.030769115313887596,-0.4809964895248413,0.8761824369430542],[0.4803660809993744,0.7758424878120422,0.4090438783168793],[-0.8765282034873962,0.4083023965358734,0.2549263834953308]],"file_name":"/home/jonas/Downloads/freiburg/rgbd_dataset_freiburg2_desk//rgb/1311868178.668047.png","mnId":49,"t":[-1.472968578338623,-0.7367873787879944,1.3396151065826416]},{"R":[[0.020882757380604744,-0.47024816274642944,0.8822871446609497],[0.48486027121543884,0.7765209674835205,0.4023999869823456],[-0.8743422627449036,0.4193827509880066,0.2442205399274826]],"file_name":"/home/jonas/Downloads/freiburg/rgbd_dataset_freiburg2_desk//rgb/1311868178.867919.png","mnId":50,"t":[-1.4564753770828247,-0.7607470154762268,1.397914171218872]},{"R":[[0.040215667337179184,-0.47202175855636597,0.8806691765785217],[0.5051020383834839,0.7700780034065247,0.3896816074848175],[-0.8621221780776978,0.42915651202201843,0.2693883776664734]],"file_name":"/home/jonas/Downloads/freiburg/rgbd_dataset_freiburg2_desk//rgb/1311868179.300467.png","mnId":52,"t":[-1.4735875129699707,-0.8603569269180298,1.4766560792922974]},{"R":[[0.051331646740436554,-0.46985724568367004,0.8812486529350281],[0.5317877531051636,0.7597655057907104,0.37410983443260193],[-0.8453205823898315,0.4494335651397705,0.2888643443584442]],"file_name":"/home/jonas/Downloads/freiburg/rgbd_dataset_freiburg2_desk//rgb/1311868179.500080.png","mnId":53,"t":[-1.5009318590164185,-0.9253664016723633,1.4793833494186401]},{"R":[[0.05844058468937874,-0.4728836715221405,0.8791847229003906],[0.5578660368919373,0.7458155751228333,0.36406680941581726],[-0.8278709053993225,0.4691909849643707,0.30739161372184753]],"file_name":"/home/jonas/Downloads/freiburg/rgbd_dataset_freiburg2_desk//rgb/1311868179.899932.png","mnId":54,"t":[-1.5606542825698853,-1.0266848802566528,1.5091389417648315]},{"R":[[0.013966057449579239,-0.46838465332984924,0.8834142684936523],[0.5636423230171204,0.7334427237510681,0.3799592852592468],[-0.8259008526802063,0.49262315034866333,0.2742447257041931]],"file_name":"/home/jonas/Downloads/freiburg/rgbd_dataset_freiburg2_desk//rgb/1311868180.131924.png","mnId":55,"t":[-1.52445650100708,-1.093198537826538,1.6016708612442017]},{"R":[[-0.03809104487299919,-0.44295036792755127,0.895736575126648],[0.5840917229652405,0.7174432277679443,0.3796209692955017],[-0.810793399810791,0.5376524925231934,0.23139549791812897]],"file_name":"/home/jonas/Downloads/freiburg/rgbd_dataset_freiburg2_desk//rgb/1311868180.468133.png","mnId":56,"t":[-1.483101487159729,-1.1897556781768799,1.7012014389038086]},{"R":[[-0.05425777658820152,-0.4346722662448883,0.8989527821540833],[0.5958619117736816,0.708319902420044,0.3784594237804413],[-0.8012519478797913,0.5561860799789429,0.22057276964187622]],"file_name":"/home/jonas/Downloads/freiburg/rgbd_dataset_freiburg2_desk//rgb/1311868180.800199.png","mnId":57,"t":[-1.4950164556503296,-1.2409313917160034,1.7318686246871948]},{"R":[[-0.01271560788154602,-0.4498867690563202,0.8929950594902039],[0.59271240234375,0.7158663272857666,0.36908993124961853],[-0.805313766002655,0.5339824557304382,0.25755080580711365]],"file_name":"/home/jonas/Downloads/freiburg/rgbd_dataset_freiburg2_desk//rgb/1311868181.432419.png","mnId":58,"t":[-1.6548240184783936,-1.2041940689086914,1.662361979484558]},{"R":[[0.0024959840811789036,-0.4535902738571167,0.8912068605422974],[0.5872986316680908,0.7219823598861694,0.3658166229724884],[-0.8093664646148682,0.5224915146827698,0.2681950032711029]],"file_name":"/home/jonas/Downloads/freiburg/rgbd_dataset_freiburg2_desk//rgb/1311868182.100226.png","mnId":59,"t":[-1.736261248588562,-1.0702115297317505,1.5147769451141357]},{"R":[[0.0205417238175869,-0.44545498490333557,0.8950686454772949],[0.5843954682350159,0.7317439317703247,0.35076022148132324],[-0.811208963394165,0.5158688426017761,0.27535316348075867]],"file_name":"/home/jonas/Downloads/freiburg/rgbd_dataset_freiburg2_desk//rgb/1311868182.436053.png","mnId":60,"t":[-1.7987163066864014,-0.9790565371513367,1.4241012334823608]},{"R":[[-0.0034446045756340027,-0.44040971994400024,0.8977903127670288],[0.5461369156837463,0.7512493133544922,0.37061965465545654],[-0.8376888632774353,0.49159306287765503,0.23793625831604004]],"file_name":"/home/jonas/Downloads/freiburg/rgbd_dataset_freiburg2_desk//rgb/1311868182.668039.png","mnId":61,"t":[-1.7899760007858276,-0.8690802454948425,1.460097074508667]},{"R":[[-0.0694049596786499,-0.43767249584198,0.8964517712593079],[0.5101748108863831,0.7566447854042053,0.40891358256340027],[-0.8572657704353333,0.4857277274131775,0.17077457904815674]],"file_name":"/home/jonas/Downloads/freiburg/rgbd_dataset_freiburg2_desk//rgb/1311868182.868215.png","mnId":62,"t":[-1.718280553817749,-0.8215296864509583,1.545474886894226]},{"R":[[-0.14843690395355225,-0.4505999982357025,0.8802988529205322],[0.48581477999687195,0.7421164512634277,0.4617869257926941],[-0.8613654971122742,0.49620842933654785,0.10875067859888077]],"file_name":"/home/jonas/Downloads/freiburg/rgbd_dataset_freiburg2_desk//rgb/1311868183.068333.png","mnId":63,"t":[-1.6364545822143555,-0.8256880640983582,1.6119376420974731]},{"R":[[-0.21883098781108856,-0.474811851978302,0.8524474501609802],[0.45837873220443726,0.7212033867835999,0.5193790793418884],[-0.8613953590393066,0.5044000148773193,0.059822019189596176]],"file_name":"/home/jonas/Downloads/freiburg/rgbd_dataset_freiburg2_desk//rgb/1311868183.236295.png","mnId":64,"t":[-1.5543452501296997,-0.8558478951454163,1.6637881994247437]},{"R":[[-0.2878386080265045,-0.48201653361320496,0.8275318741798401],[0.4366481304168701,0.7030031085014343,0.5613600015640259],[-0.8523422479629517,0.5229213237762451,0.008120180107653141]],"file_name":"/home/jonas/Downloads/freiburg/rgbd_dataset_freiburg2_desk//rgb/1311868183.436153.png","mnId":65,"t":[-1.4598445892333984,-0.871640145778656,1.7145731449127197]},{"R":[[-0.3466830253601074,-0.4048956632614136,0.8460912108421326],[0.46590790152549744,0.7085542678833008,0.5299817323684692],[-0.8140888810157776,0.5779362320899963,-0.056999657303094864]],"file_name":"/home/jonas/Downloads/freiburg/rgbd_dataset_freiburg2_desk//rgb/1311868183.636216.png","mnId":66,"t":[-1.3671928644180298,-0.8219503164291382,1.7874044179916382]},{"R":[[-0.340326189994812,-0.4156937003135681,0.8434315919876099],[0.46732261776924133,0.7035822868347168,0.5353330969810486],[-0.8159581422805786,0.5763425230979919,-0.045184407383203506]],"file_name":"/home/jonas/Downloads/freiburg/rgbd_dataset_freiburg2_desk//rgb/1311868184.036316.png","mnId":68,"t":[-1.4512743949890137,-0.7479548454284668,1.68722665309906]},{"R":[[-0.32214653491973877,-0.40666985511779785,0.8548925518989563],[0.44713160395622253,0.7306022047996521,0.5160365104675293],[-0.8344429135322571,0.5484888553619385,-0.053526025265455246]],"file_name":"/home/jonas/Downloads/freiburg/rgbd_dataset_freiburg2_desk//rgb/1311868184.236434.png","mnId":69,"t":[-1.51145339012146,-0.6283350586891174,1.654465913772583]},{"R":[[-0.32757526636123657,-0.40974199771881104,0.8513553738594055],[0.44535869359970093,0.7277271151542664,0.521602213382721],[-0.8332766890525818,0.5500224828720093,-0.05590326339006424]],"file_name":"/home/jonas/Downloads/freiburg/rgbd_dataset_freiburg2_desk//rgb/1311868184.436272.png","mnId":70,"t":[-1.5316418409347534,-0.6131478548049927,1.6216328144073486]},{"R":[[-0.357418417930603,-0.3897717297077179,0.8487226366996765],[0.4258677363395691,0.7407577633857727,0.5195330381393433],[-0.8311971426010132,0.547134280204773,-0.09876926243305206]],"file_name":"/home/jonas/Downloads/freiburg/rgbd_dataset_freiburg2_desk//rgb/1311868184.636350.png","mnId":71,"t":[-1.5087463855743408,-0.5527064800262451,1.6507147550582886]},{"R":[[-0.42850756645202637,-0.3861011266708374,0.816888689994812],[0.3834303021430969,0.7409485578536987,0.5513405203819275],[-0.818145751953125,0.5494735240936279,-0.16945920884609222]],"file_name":"/home/jonas/Downloads/freiburg/rgbd_dataset_freiburg2_desk//rgb/1311868184.836324.png","mnId":72,"t":[-1.4323633909225464,-0.5243000984191895,1.729516863822937]},{"R":[[-0.4767973721027374,-0.3923322260379791,0.7866000533103943],[0.3512735366821289,0.7352628707885742,0.5796511173248291],[-0.8057736158370972,0.55268794298172,-0.212755486369133]],"file_name":"/home/jonas/Downloads/freiburg/rgbd_dataset_freiburg2_desk//rgb/1311868185.036432.png","mnId":73,"t":[-1.391810655593872,-0.5183513760566711,1.772232174873352]},{"R":[[-0.5062686204910278,-0.3865993916988373,0.7708650827407837],[0.339589923620224,0.7322895526885986,0.5902801752090454],[-0.7926984429359436,0.5606183409690857,-0.23944996297359467]],"file_name":"/home/jonas/Downloads/freiburg/rgbd_dataset_freiburg2_desk//rgb/1311868185.200754.png","mnId":74,"t":[-1.3628689050674438,-0.5140668153762817,1.7927128076553345]},{"R":[[-0.5137513279914856,-0.38166919350624084,0.7683672308921814],[0.31245890259742737,0.7508509159088135,0.581886887550354],[-0.7990175485610962,0.5390283465385437,-0.2664946913719177]],"file_name":"/home/jonas/Downloads/freiburg/rgbd_dataset_freiburg2_desk//rgb/1311868185.401199.png","mnId":75,"t":[-1.3870668411254883,-0.4348042607307434,1.790546178817749]},{"R":[[-0.4857332706451416,-0.40642815828323364,0.773872971534729],[0.28121206164360046,0.7656044960021973,0.5785927176475525],[-0.8276369571685791,0.49866414070129395,-0.2575870752334595]],"file_name":"/home/jonas/Downloads/freiburg/rgbd_dataset_freiburg2_desk//rgb/1311868185.600364.png","mnId":76,"t":[-1.4752510786056519,-0.37172845005989075,1.723920464515686]},{"R":[[-0.47649291157722473,-0.4067860245704651,0.7794097661972046],[0.261102557182312,0.7810472249984741,0.5672659277915955],[-0.8395117521286011,0.4738040864467621,-0.26595059037208557]],"file_name":"/home/jonas/Downloads/freiburg/rgbd_dataset_freiburg2_desk//rgb/1311868185.736700.png","mnId":77,"t":[-1.513917088508606,-0.31008458137512207,1.7017461061477661]},{"R":[[-0.47235119342803955,-0.392377644777298,0.7892554402351379],[0.25946635007858276,0.7938679456710815,0.5499553680419922],[-0.8423547744750977,0.4645572900772095,-0.2731756865978241]],"file_name":"/home/jonas/Downloads/freiburg/rgbd_dataset_freiburg2_desk//rgb/1311868185.836824.png","mnId":78,"t":[-1.526747226715088,-0.2612457275390625,1.6954772472381592]},{"R":[[-0.4896021783351898,-0.3789859712123871,0.7852765917778015],[0.2685464024543762,0.7912850975990295,0.5493183732032776],[-0.8295616507530212,0.47983068227767944,-0.28563961386680603]],"file_name":"/home/jonas/Downloads/freiburg/rgbd_dataset_freiburg2_desk//rgb/1311868185.936471.png","mnId":79,"t":[-1.5033966302871704,-0.27265116572380066,1.7124066352844238]},{"R":[[-0.5177267789840698,-0.3787073791027069,0.7671634554862976],[0.26585182547569275,0.7810911536216736,0.5649951100349426],[-0.8131923675537109,0.49646487832069397,-0.30371174216270447]],"file_name":"/home/jonas/Downloads/freiburg/rgbd_dataset_freiburg2_desk//rgb/1311868186.068672.png","mnId":80,"t":[-1.4700831174850464,-0.31124281883239746,1.7378265857696533]},{"R":[[-0.5564574599266052,-0.3690316379070282,0.7444264888763428],[0.2670024037361145,0.7690110206604004,0.5808026790618896],[-0.7868067026138306,0.5219556093215942,-0.3293895721435547]],"file_name":"/home/jonas/Downloads/freiburg/rgbd_dataset_freiburg2_desk//rgb/1311868186.200391.png","mnId":81,"t":[-1.4130922555923462,-0.35909831523895264,1.7875248193740845]},{"R":[[-0.6282913684844971,-0.34827980399131775,0.6956659555435181],[0.26235148310661316,0.7469696402549744,0.6109075546264648],[-0.7324081063270569,0.5663369297981262,-0.37794286012649536]],"file_name":"/home/jonas/Downloads/freiburg/rgbd_dataset_freiburg2_desk//rgb/1311868186.368410.png","mnId":82,"t":[-1.2771930694580078,-0.44656798243522644,1.8881341218948364]},{"R":[[-0.6872892379760742,-0.30486318469047546,0.6593117117881775],[0.28178930282592773,0.7246794700622559,0.6288357973098755],[-0.6694985628128052,0.6179790496826172,-0.41215720772743225]],"file_name":"/home/jonas/Downloads/freiburg/rgbd_dataset_freiburg2_desk//rgb/1311868186.636497.png","mnId":83,"t":[-1.1567939519882202,-0.5404728651046753,1.9764494895935059]},{"R":[[-0.7040391564369202,-0.2978745102882385,0.6446701884269714],[0.2880539000034332,0.7099683284759521,0.6426273584365845],[-0.6491177082061768,0.6381345987319946,-0.41404157876968384]],"file_name":"/home/jonas/Downloads/freiburg/rgbd_dataset_freiburg2_desk//rgb/1311868187.036707.png","mnId":84,"t":[-1.1027570962905884,-0.6261494755744934,2.0569865703582764]},{"R":[[-0.6907471418380737,-0.3053809404373169,0.6554470658302307],[0.33114275336265564,0.6722160577774048,0.6621707081794739],[-0.6428163647651672,0.6744390726089478,-0.3632066249847412]],"file_name":"/home/jonas/Downloads/freiburg/rgbd_dataset_freiburg2_desk//rgb/1311868187.368415.png","mnId":85,"t":[-1.127299189567566,-0.7856555581092834,2.0623104572296143]},{"R":[[-0.6675819754600525,-0.3165888786315918,0.6738737225532532],[0.3545900583267212,0.660659909248352,0.6616603136062622],[-0.6546756625175476,0.6806614398956299,-0.32878535985946655]],"file_name":"/home/jonas/Downloads/freiburg/rgbd_dataset_freiburg2_desk//rgb/1311868187.800538.png","mnId":86,"t":[-1.23300302028656,-0.8628018498420715,2.0761687755584717]},{"R":[[-0.7233825325965881,-0.298834890127182,0.6224269866943359],[0.3231455683708191,0.6501222252845764,0.6876903772354126],[-0.6101595163345337,0.6985977292060852,-0.3737199306488037]],"file_name":"/home/jonas/Downloads/freiburg/rgbd_dataset_freiburg2_desk//rgb/1311868188.100428.png","mnId":87,"t":[-1.1205538511276245,-0.9465039968490601,2.1949729919433594]},{"R":[[-0.7636222839355469,-0.2812952399253845,0.5811660289764404],[0.31964409351348877,0.6173635721206665,0.7188114523887634],[-0.5609889626502991,0.7346667647361755,-0.3815182149410248]],"file_name":"/home/jonas/Downloads/freiburg/rgbd_dataset_freiburg2_desk//rgb/1311868188.300900.png","mnId":88,"t":[-1.038063406944275,-1.1010043621063232,2.233508825302124]},{"R":[[-0.7800577282905579,-0.2737736999988556,0.5626347661018372],[0.33381015062332153,0.5784603953361511,0.7442811131477356],[-0.529226541519165,0.7683954238891602,-0.3598440885543823]],"file_name":"/home/jonas/Downloads/freiburg/rgbd_dataset_freiburg2_desk//rgb/1311868188.502489.png","mnId":89,"t":[-1.0006704330444336,-1.2576440572738647,2.208829641342163]},{"R":[[-0.7946462631225586,-0.23799653351306915,0.5584755539894104],[0.35109561681747437,0.5703163146972656,0.7426110506057739],[-0.4952465891838074,0.7861914038658142,-0.36964020133018494]],"file_name":"/home/jonas/Downloads/freiburg/rgbd_dataset_freiburg2_desk//rgb/1311868188.703460.png","mnId":90,"t":[-0.940292477607727,-1.312151312828064,2.2587742805480957]},{"R":[[-0.7913258671760559,-0.2275800108909607,0.5674598217010498],[0.3772048056125641,0.5487139225006104,0.7460761070251465],[-0.4811651110649109,0.8044379353523254,-0.34836724400520325]],"file_name":"/home/jonas/Downloads/freiburg/rgbd_dataset_freiburg2_desk//rgb/1311868188.900697.png","mnId":91,"t":[-0.9361425042152405,-1.4115527868270874,2.262272357940674]},{"R":[[-0.7873148918151855,-0.1930258423089981,0.5855563879013062],[0.42398563027381897,0.5200197100639343,0.7414955496788025],[-0.4476286768913269,0.8320580124855042,-0.3275791108608246]],"file_name":"/home/jonas/Downloads/freiburg/rgbd_dataset_freiburg2_desk//rgb/1311868189.100649.png","mnId":92,"t":[-0.9247884750366211,-1.5244207382202148,2.260870933532715]},{"R":[[-0.7698789238929749,-0.24201221764087677,0.5905222296714783],[0.43208277225494385,0.4833097457885742,0.7613909840583801],[-0.4696710407733917,0.8413333296775818,-0.2675206959247589]],"file_name":"/home/jonas/Downloads/freiburg/rgbd_dataset_freiburg2_desk//rgb/1311868189.436651.png","mnId":93,"t":[-0.9862312078475952,-1.6971664428710938,2.2197067737579346]},{"R":[[-0.7567260265350342,-0.24650752544403076,0.6054748296737671],[0.45580026507377625,0.46498313546180725,0.7589709162712097],[-0.46862760186195374,0.8503085970878601,-0.23950664699077606]],"file_name":"/home/jonas/Downloads/freiburg/rgbd_dataset_freiburg2_desk//rgb/1311868189.902037.png","mnId":94,"t":[-1.085106372833252,-1.8133633136749268,2.228757381439209]},{"R":[[-0.7413886189460754,-0.25667810440063477,0.6200477480888367],[0.45993512868881226,0.4784722626209259,0.7480133771896362],[-0.4886742830276489,0.839750349521637,-0.23667863011360168]],"file_name":"/home/jonas/Downloads/freiburg/rgbd_dataset_freiburg2_desk//rgb/1311868190.568647.png","mnId":95,"t":[-1.3000575304031372,-1.8420076370239258,2.3201048374176025]},{"R":[[-0.7144129276275635,-0.2880159020423889,0.6376997828483582],[0.4621121883392334,0.49013110995292664,0.7390695810317993],[-0.5254203081130981,0.8226897120475769,-0.21706034243106842]],"file_name":"/home/jonas/Downloads/freiburg/rgbd_dataset_freiburg2_desk//rgb/1311868192.471387.png","mnId":96,"t":[-1.5468608140945435,-1.7482963800430298,2.255110025405884]},{"R":[[-0.7944141626358032,-0.22055348753929138,0.5659172534942627],[0.40933385491371155,0.4939470887184143,0.7671127915382385],[-0.44872257113456726,0.841054379940033,-0.30211853981018066]],"file_name":"/home/jonas/Downloads/freiburg/rgbd_dataset_freiburg2_desk//rgb/1311868193.438985.png","mnId":97,"t":[-1.2002090215682983,-1.6400365829467773,2.3794476985931396]},{"R":[[-0.8426690101623535,-0.22463931143283844,0.48933231830596924],[0.32068076729774475,0.5206524729728699,0.7912552356719971],[-0.4325191080570221,0.8236857056617737,-0.3667002022266388]],"file_name":"/home/jonas/Downloads/freiburg/rgbd_dataset_freiburg2_desk//rgb/1311868194.370242.png","mnId":98,"t":[-1.0227094888687134,-1.4814966917037964,2.526209831237793]},{"R":[[-0.8338863253593445,-0.23472154140472412,0.49953916668891907],[0.3117143511772156,0.5466273427009583,0.777195394039154],[-0.4554862678050995,0.8038061857223511,-0.382658988237381]],"file_name":"/home/jonas/Downloads/freiburg/rgbd_dataset_freiburg2_desk//rgb/1311868194.645036.png","mnId":99,"t":[-1.0802468061447144,-1.3717256784439087,2.5586326122283936]},{"R":[[-0.8254327178001404,-0.23420271277427673,0.5136243104934692],[0.30308210849761963,0.5837419629096985,0.7532506585121155],[-0.476237416267395,0.7774280309677124,-0.41085705161094666]],"file_name":"/home/jonas/Downloads/freiburg/rgbd_dataset_freiburg2_desk//rgb/1311868195.469182.png","mnId":100,"t":[-1.2087434530258179,-1.254866123199463,2.6569979190826416]},{"R":[[-0.8084127306938171,-0.263692706823349,0.526246190071106],[0.3183278739452362,0.5561602711677551,0.7676934003829956],[-0.4951123595237732,0.7881318926811218,-0.36566630005836487]],"file_name":"/home/jonas/Downloads/freiburg/rgbd_dataset_freiburg2_desk//rgb/1311868195.837123.png","mnId":101,"t":[-1.3526190519332886,-1.4017903804779053,2.5910253524780273]},{"R":[[-0.7904087901115417,-0.26412516832351685,0.5527132153511047],[0.34491392970085144,0.5537691712379456,0.7578747272491455],[-0.5062493085861206,0.7896693348884583,-0.3466035723686218]],"file_name":"/home/jonas/Downloads/freiburg/rgbd_dataset_freiburg2_desk//rgb/1311868196.036924.png","mnId":102,"t":[-1.4446719884872437,-1.430890679359436,2.572122812271118]},{"R":[[-0.7342618703842163,-0.26652440428733826,0.6243590712547302],[0.4264235496520996,0.5345490574836731,0.7296713590621948],[-0.5282257795333862,0.802011251449585,-0.27884671092033386]],"file_name":"/home/jonas/Downloads/freiburg/rgbd_dataset_freiburg2_desk//rgb/1311868196.507765.png","mnId":103,"t":[-1.6815333366394043,-1.5106197595596313,2.473926305770874]},{"R":[[-0.6906455159187317,-0.26749125123023987,0.6719056963920593],[0.48532143235206604,0.5173767805099487,0.7048293352127075],[-0.5361641049385071,0.8128774166107178,-0.22750471532344818]],"file_name":"/home/jonas/Downloads/freiburg/rgbd_dataset_freiburg2_desk//rgb/1311868196.869030.png","mnId":104,"t":[-1.8826855421066284,-1.5600700378417969,2.3828563690185547]},{"R":[[-0.766933023929596,-0.26187863945961,0.5858611464500427],[0.43275564908981323,0.46306300163269043,0.7734954357147217],[-0.4738525450229645,0.8467539548873901,-0.24180884659290314]],"file_name":"/home/jonas/Downloads/freiburg/rgbd_dataset_freiburg2_desk//rgb/1311868197.505155.png","mnId":105,"t":[-1.704731822013855,-1.8799470663070679,2.4773452281951904]},{"R":[[-0.7718121409416199,-0.23699025809764862,0.5900352597236633],[0.4682125151157379,0.41601911187171936,0.7795544266700745],[-0.43021276593208313,0.8779314756393433,-0.2101268172264099]],"file_name":"/home/jonas/Downloads/freiburg/rgbd_dataset_freiburg2_desk//rgb/1311868198.169159.png","mnId":106,"t":[-1.7898396253585815,-2.0477185249328613,2.4038641452789307]},{"R":[[-0.7977609634399414,-0.23152388632297516,0.5567532181739807],[0.4475533962249756,0.3914005756378174,0.8040531873703003],[-0.40407106280326843,0.8906190395355225,-0.20862479507923126]],"file_name":"/home/jonas/Downloads/freiburg/rgbd_dataset_freiburg2_desk//rgb/1311868198.937129.png","mnId":107,"t":[-1.7568244934082031,-2.1149938106536865,2.3460693359375]},{"R":[[-0.8381378054618835,-0.17347097396850586,0.5171390771865845],[0.4245302975177765,0.3878367245197296,0.8181422352790833],[-0.34248945116996765,0.9052571654319763,-0.2514169216156006]],"file_name":"/home/jonas/Downloads/freiburg/rgbd_dataset_freiburg2_desk//rgb/1311868199.669160.png","mnId":108,"t":[-1.5913804769515991,-2.1180012226104736,2.4268174171447754]},{"R":[[-0.9128583669662476,-0.12472695857286453,0.38875797390937805],[0.321084588766098,0.36882054805755615,0.872282087802887],[-0.25217902660369873,0.9210942387580872,-0.2966330349445343]],"file_name":"/home/jonas/Downloads/freiburg/rgbd_dataset_freiburg2_desk//rgb/1311868200.273397.png","mnId":109,"t":[-1.202375054359436,-2.270580768585205,2.571394443511963]},{"R":[[-0.9369380474090576,-0.09231601655483246,0.3370828330516815],[0.2877333462238312,0.343723863363266,0.8939034938812256],[-0.19838503003120422,0.9345221519470215,-0.29548555612564087]],"file_name":"/home/jonas/Downloads/freiburg/rgbd_dataset_freiburg2_desk//rgb/1311868200.837445.png","mnId":110,"t":[-1.09555983543396,-2.4009640216827393,2.6052989959716797]},{"R":[[-0.9574779868125916,-0.07120802998542786,0.2795805335044861],[0.24392341077327728,0.3176988363265991,0.9162798523902893],[-0.15406888723373413,0.9455140829086304,-0.28682035207748413]],"file_name":"/home/jonas/Downloads/freiburg/rgbd_dataset_freiburg2_desk//rgb/1311868202.237472.png","mnId":111,"t":[-1.0041656494140625,-2.5055294036865234,2.5672740936279297]},{"R":[[-0.9737616777420044,-0.06977438926696777,0.21660959720611572],[0.17988425493240356,0.3470180332660675,0.9204456210136414],[-0.1393909752368927,0.9352593421936035,-0.32536154985427856]],"file_name":"/home/jonas/Downloads/freiburg/rgbd_dataset_freiburg2_desk//rgb/1311868203.105553.png","mnId":112,"t":[-0.9222062826156616,-2.4265966415405273,2.6724419593811035]},{"R":[[-0.9938281774520874,0.01137604471296072,0.11034544557332993],[0.10576768219470978,0.39710286259651184,0.9116591811180115],[-0.03344741463661194,0.9177036285400391,-0.39585524797439575]],"file_name":"/home/jonas/Downloads/freiburg/rgbd_dataset_freiburg2_desk//rgb/1311868203.705515.png","mnId":113,"t":[-0.45963993668556213,-2.20076322555542,2.8916056156158447]},{"R":[[-0.9983723163604736,0.05291204899549484,0.021284475922584534],[0.0400455966591835,0.38463619351387024,0.9221991896629333],[0.04060867056250572,0.9215505123138428,-0.3861290216445923]],"file_name":"/home/jonas/Downloads/freiburg/rgbd_dataset_freiburg2_desk//rgb/1311868204.237660.png","mnId":114,"t":[-0.19385793805122375,-2.1428937911987305,2.8991947174072266]},{"R":[[-0.9979444742202759,0.056449539959430695,-0.030336949974298477],[-0.007494787685573101,0.36733299493789673,0.9300593137741089],[0.06364518404006958,0.9283748865127563,-0.36615484952926636]],"file_name":"/home/jonas/Downloads/freiburg/rgbd_dataset_freiburg2_desk//rgb/1311868204.673697.png","mnId":115,"t":[-0.10079377144575119,-2.141510248184204,2.8800148963928223]},{"R":[[-0.9943143129348755,0.08965721726417542,-0.05745117366313934],[-0.02137129381299019,0.36052531003952026,0.9325045347213745],[0.10431836545467377,0.928430438041687,-0.3565593957901001]],"file_name":"/home/jonas/Downloads/freiburg/rgbd_dataset_freiburg2_desk//rgb/1311868205.006015.png","mnId":116,"t":[-0.002993193222209811,-2.1136176586151123,2.8955581188201904]},{"R":[[-0.9972783923149109,0.06069500744342804,-0.04185652360320091],[-0.013225540518760681,0.4112347364425659,0.9114335179328918],[0.07253231853246689,0.9095064997673035,-0.40931278467178345]],"file_name":"/home/jonas/Downloads/freiburg/rgbd_dataset_freiburg2_desk//rgb/1311868205.405669.png","mnId":117,"t":[-0.1359664350748062,-1.9060622453689575,3.034229040145874]},{"R":[[-0.9978753924369812,0.06456445157527924,-0.008725956082344055],[0.026984045282006264,0.5314764380455017,0.8466431498527527],[0.05930069088935852,0.8446089029312134,-0.5320894718170166]],"file_name":"/home/jonas/Downloads/freiburg/rgbd_dataset_freiburg2_desk//rgb/1311868206.205696.png","mnId":118,"t":[-0.25529783964157104,-1.3738586902618408,3.2812421321868896]},{"R":[[-0.9900921583175659,0.07303030043840408,-0.11993371695280075],[-0.06950433552265167,0.48726174235343933,0.8704856038093567],[0.12201093137264252,0.8701968789100647,-0.4773581027984619]],"file_name":"/home/jonas/Downloads/freiburg/rgbd_dataset_freiburg2_desk//rgb/1311868207.405766.png","mnId":119,"t":[0.0020047822035849094,-1.7026430368423462,3.150480270385742]},{"R":[[-0.9902694225311279,0.07381059229373932,-0.11797643452882767],[-0.07066231220960617,0.4636450707912445,0.8831987977027893],[0.11988861858844757,0.8829412460327148,-0.453917920589447]],"file_name":"/home/jonas/Downloads/freiburg/rgbd_dataset_freiburg2_desk//rgb/1311868207.837900.png","mnId":120,"t":[-0.07968547940254211,-1.853524923324585,3.094022512435913]},{"R":[[-0.9905581474304199,0.05187109485268593,-0.12690146267414093],[-0.09315964579582214,0.4244194030761719,0.9006605744361877],[0.1005776897072792,0.9039787650108337,-0.41557979583740234]],"file_name":"/home/jonas/Downloads/freiburg/rgbd_dataset_freiburg2_desk//rgb/1311868208.437928.png","mnId":121,"t":[-0.15677818655967712,-2.096088171005249,3.0080018043518066]},{"R":[[-0.9914600253105164,0.07271283119916916,-0.10825850069522858],[-0.0747356042265892,0.3634953200817108,0.9285933971405029],[0.10687211900949478,0.9287540316581726,-0.35495683550834656]],"file_name":"/home/jonas/Downloads/freiburg/rgbd_dataset_freiburg2_desk//rgb/1311868209.037800.png","mnId":122,"t":[-0.24876175820827484,-2.364121437072754,2.8382747173309326]},{"R":[[-0.9894715547561646,0.10655348747968674,-0.0979408547282219],[-0.05907579883933067,0.32042503356933594,0.9454299807548523],[0.13212156295776367,0.9412620067596436,-0.31075671315193176]],"file_name":"/home/jonas/Downloads/freiburg/rgbd_dataset_freiburg2_desk//rgb/1311868209.741975.png","mnId":123,"t":[-0.284967303276062,-2.5034852027893066,2.626523017883301]},{"R":[[-0.9649471044540405,0.1431412547826767,-0.21997205913066864],[-0.15975844860076904,0.3446066379547119,0.9250532388687134],[0.20821711421012878,0.9277698397636414,-0.3096591532230377]],"file_name":"/home/jonas/Downloads/freiburg/rgbd_dataset_freiburg2_desk//rgb/1311868211.342241.png","mnId":124,"t":[0.03385869413614273,-2.498520851135254,2.6014280319213867]},{"R":[[-0.9555676579475403,0.153038889169693,-0.25193163752555847],[-0.18901006877422333,0.3377338647842407,0.9220688939094543],[0.2261982411146164,0.9287168383598328,-0.2938016653060913]],"file_name":"/home/jonas/Downloads/freiburg/rgbd_dataset_freiburg2_desk//rgb/1311868211.906024.png","mnId":125,"t":[0.02071637660264969,-2.5686838626861572,2.5973989963531494]},{"R":[[-0.9666200280189514,0.13179825246334076,-0.21971562504768372],[-0.165138