1.000000000 0.000000000 0.000000000 0.000000000 0.000000000 1.000000000 0.000000000 0.000000000 0.000000000 0.000000000 1.000000000 0.000000000
1.000000000 0.000000000 0.000000000 0.000000000 0.000000000 1.000000000 0.000000000 0.000000000 0.000000000 0.000000000 1.000000000 0.000000000
0.999910602 0.002616027 -0.013112742 -0.032380898 -0.002665008 0.999989532 -0.003719261 -0.010883815 0.013102875 0.003753874 0.999907107 2.131346429
0.999845068 0.001687201 -0.017521253 -0.045619540 -0.001757000 0.999990580 -0.003969059 -0.015528258 0.017514391 0.003999228 0.999838613 2.877679746
0.999747560 0.003431673 -0.022204518 -0.067714112 -0.003545583 0.999980746 -0.005092731 -0.025575888 0.022186614 0.005170173 0.999740478 3.638857274
0.999613025 0.006013945 -0.027159396 -0.097037890 -0.006169702 0.999964979 -0.005654748 -0.033869351 0.027124437 0.005820125 0.999615121 4.416190766
0.999489228 0.006418472 -0.031306315 -0.127054608 -0.006552019 0.999969861 -0.004165089 -0.038568743 0.031278638 0.004368081 0.999501159 5.202915964
0.999339007 0.005357266 -0.035956205 -0.156636422 -0.005409511 0.999984449 -0.001355886 -0.047766820 0.035948382 0.001549496 0.999352447 6.005526142
0.999205689 0.005052027 -0.039528065 -0.192204943 -0.005004569 0.999986633 0.001299475 -0.055949441 0.039534102 -0.001100622 0.999217616 6.815802610
0.999104040 0.006732084 -0.041782724 -0.236417183 -0.006709867 0.999977263 0.000671942 -0.062745092 0.041786297 -0.000390984 0.999126495 7.644745907
0.999014003 0.006180654 -0.043963856 -0.276211349 -0.006169805 0.999980893 0.000382471 -0.066731723 0.043965380 -0.000110846 0.999033049 8.473479423
0.998944339 0.003207521 -0.045824872 -0.314493067 -0.003225578 0.999994747 -0.000320104 -0.069731542 0.045823605 0.000467578 0.998949437 9.308038795
0.998850137 0.003197451 -0.047834926 -0.355602612 -0.003181868 0.999994857 0.000401919 -0.074729748 0.047835965 -0.000249252 0.998855174 10.149365817
0.998781431 0.001883047 -0.049316403 -0.396958365 -0.001862868 0.999998161 0.000455136 -0.088234365 0.049317170 -0.000362712 0.998783102 10.997682112
0.998681115 0.004153548 -0.051173995 -0.446581244 -0.004244618 0.999989595 -0.001671067 -0.098949332 0.051166522 0.001886077 0.998688355 11.862929453
0.998607172 0.004402748 -0.052576905 -0.498013801 -0.004644066 0.999979232 -0.004468521 -0.103910808 0.052556140 0.004706468 0.998606880 12.734780117
0.998501724 0.008310704 -0.054085487 -0.556257783 -0.008639239 0.999945608 -0.005843408 -0.117060179 0.054033982 0.006301911 0.998519211 13.604619535
0.998439320 0.009121848 -0.055097325 -0.613033049 -0.009435088 0.999940757 -0.005427766 -0.129080406 0.055044550 0.005939143 0.998466236 14.494510495
0.998363881 0.008381101 -0.056562515 -0.663973698 -0.008618952 0.999955005 -0.003962458 -0.142696413 0.056526761 0.004443485 0.998391196 15.382438405
0.998276101 0.009279950 -0.057954360 -0.721127691 -0.009446191 0.999952016 -0.002595180 -0.153358981 0.057927496 0.003138154 0.998315860 16.278431856
0.998225419 0.009105352 -0.058848160 -0.780194176 -0.009270377 0.999953824 -0.002531844 -0.165669248 0.058822389 0.003072895 0.998263735 17.176901213
0.998126852 0.009077845 -0.060501070 -0.842256475 -0.009301188 0.999950926 -0.003410936 -0.177237195 0.060467137 0.003967278 0.998162304 18.088961243
0.998074935 0.007605177 -0.061551487 -0.900969680 -0.007875346 0.999960386 -0.004147915 -0.188801872 0.061517503 0.004624670 0.998095291 19.006573566
0.998040234 0.007952972 -0.062068045 -0.961701206 -0.008123014 0.999963913 -0.002487752 -0.201192910 0.062046020 0.002987056 0.998068820 19.923850262
0.998042187 0.008820312 -0.061919262 -1.026669127 -0.008780213 0.999961030 0.000919673 -0.209484009 0.061924961 -0.000374208 0.998080738 20.851681105
0.998073968 0.009873859 -0.061244283 -1.082091963 -0.009595870 0.999942286 0.004831489 -0.220146502 0.061288454 -0.004234491 0.998111113 21.776781563
0.998167244 0.008763899 -0.059877762 -1.136423386 -0.008315403 0.999935508 0.007735281 -0.223284152 0.059941692 -0.007223196 0.998175746 22.715696683
0.998268758 0.008768233 -0.058160159 -1.201119681 -0.008275474 0.999927842 0.008707913 -0.227127624 0.058232316 -0.008211535 0.998269286 23.661700637
0.998351070 0.008661149 -0.056746148 -1.259649020 -0.008337621 0.999947625 0.005935587 -0.231090477 0.056794585 -0.005452672 0.998370995 24.606530956
0.998407465 0.009766864 -0.055562059 -1.322755463 -0.009727082 0.999952204 0.000986390 -0.233542247 0.055569037 -0.000444362 0.998454748 25.543783085
0.998465403 0.008899333 -0.054659312 -1.372861745 -0.009012535 0.999957721 -0.001824896 -0.240702866 0.054640760 0.002314714 0.998503395 26.500288050
0.998519469 0.006436022 -0.054013397 -1.428146549 -0.006493085 0.999978532 -0.000881034 -0.248567160 0.054006567 0.001230444 0.998539822 27.474677104
0.998515755 0.004908172 -0.054242030 -1.482724465 -0.004695186 0.999980763 0.004053332 -0.259027380 0.054260881 -0.003792639 0.998519591 28.450302685
0.998482047 0.000940858 -0.055070106 -1.536536259 -0.000529887 0.999971908 0.007476812 -0.265907432 0.055075593 -0.007436281 0.998454496 29.423392209
0.998385456 -0.006490431 -0.056430100 -1.574502570 0.006889086 0.999952651 0.006872923 -0.276022215 0.056382820 -0.007250578 0.998382896 30.400393193
0.998288002 -0.008710367 -0.057837658 -1.633142601 0.008888995 0.999956482 0.002831867 -0.277594968 0.057810475 -0.003341137 0.998321985 31.373572539
0.998191760 -0.009164871 -0.059407207 -1.693331480 0.009112065 0.999957812 -0.001159730 -0.279745513 0.059415330 0.000616311 0.998233159 32.360108728
0.998075790 -0.007828396 -0.061509626 -1.759421856 0.007734576 0.999968533 -0.001763245 -0.291580262 0.061521493 0.001284101 0.998104933 33.342998043
0.998029011 -0.007863210 -0.062259637 -1.829309733 0.007857501 0.999969073 -0.000336536 -0.301464706 0.062260358 -0.000153332 0.998059930 34.343040819
0.997962414 -0.004930174 -0.063613787 -1.899176399 0.005099938 0.999983854 0.002506557 -0.313125968 0.063600402 -0.002825876 0.997971444 35.355373519
0.997890294 -0.005315058 -0.064704802 -1.971159366 0.005571652 0.999977312 0.003785811 -0.318937169 0.064683212 -0.004138336 0.997897267 36.361837023
0.997809616 -0.003957273 -0.066032650 -2.035203303 0.004400580 0.999968739 0.006569360 -0.330221768 0.066004589 -0.006845553 0.997795837 37.373297492
0.997823933 -0.004113248 -0.065806375 -2.101412184 0.004768615 0.999940559 0.009805053 -0.339651817 0.065762133 -0.010097522 0.997784236 38.376657143
0.997794696 0.001764573 -0.066352323 -2.175461199 -0.000958804 0.999925438 0.012173685 -0.345230595 0.066368857 -0.012083219 0.997721991 39.376112151
0.997797770 0.001465649 -0.066313360 -2.246370609 -0.000686394 0.999930468 0.011772356 -0.348816955 0.066326003 -0.011700913 0.997729397 40.375845386
0.997815765 0.001929324 -0.066030119 -2.319733908 -0.001271820 0.999949208 0.009998233 -0.350971669 0.066046055 -0.009892416 0.997767537 41.364227115
0.997798831 0.004287041 -0.066174872 -2.388560249 -0.003770058 0.999961408 0.007935276 -0.358312840 0.066206338 -0.007668326 0.997776487 42.358967547
0.997737222 0.003849665 -0.067123883 -2.460150761 -0.003312847 0.999961651 0.008106897 -0.367985073 0.067152518 -0.007866182 0.997711713 43.351719688
0.997644995 0.001983320 -0.068560408 -2.524643361 -0.001343478 0.999955129 0.009377376 -0.374436987 0.068575930 -0.009263183 0.997602895 44.344921635
0.997589378 0.002359243 -0.069353201 -2.597136187 -0.001641387 0.999944510 0.010405891 -0.377874535 0.069373902 -0.010266971 0.997537894 45.324654832
0.997569684 0.005007929 -0.069495662 -2.675135446 -0.004548609 0.999966765 0.006766012 -0.385175928 0.069527236 -0.006433459 0.997559309 46.304110644
0.997507441 0.005508034 -0.070346049 -2.753298871 -0.005337237 0.999982336 0.002615686 -0.390499760 0.070359214 -0.002233713 0.997519219 47.278147456
0.997450469 0.006380532 -0.071076371 -2.824446438 -0.006302610 0.999979266 0.001320524 -0.397375552 0.071083323 -0.000869190 0.997470002 48.247184842
0.997465533 0.004526124 -0.071007209 -2.892642405 -0.004171158 0.999978057 0.005146492 -0.406893441 0.071028944 -0.004837266 0.997462526 49.210077385
0.997453871 0.002004082 -0.071286452 -2.959442622 -0.001413356 0.999964255 0.008336121 -0.412511652 0.071300610 -0.008214143 0.997421050 50.192820058
0.997446451 0.000542048 -0.071416267 -3.032356783 0.000091962 0.999960620 0.008874091 -0.420144989 0.071418265 -0.008857998 0.997407122 51.154138156
0.997421658 -0.002680463 -0.071713678 -3.100956958 0.003243982 0.999964764 0.007742593 -0.429847423 0.071690398 -0.007955268 0.997395208 52.119297161
0.997369378 -0.005077578 -0.072308652 -3.157887157 0.005552656 0.999964291 0.006370643 -0.437445092 0.072273723 -0.006755389 0.997361957 53.060474133
0.997295063 -0.006317199 -0.073230115 -3.230137076 0.006875266 0.999949197 0.007371160 -0.442121304 0.073179829 -0.007854698 0.997287830 54.013273154
0.997210523 -0.008966450 -0.074099771 -3.308522682 0.009833613 0.999887277 0.011346098 -0.447777711 0.073989684 -0.012043117 0.997186287 54.968512322
0.997166787 -0.009981832 -0.074557111 -3.384232602 0.011237302 0.999801729 0.016438553 -0.449699756 0.074378241 -0.017229800 0.997081246 55.920229806
0.997124577 -0.008840140 -0.075262411 -3.454942549 0.010279859 0.999771102 0.018763470 -0.447620694 0.075079312 -0.019483204 0.996987212 56.864744667
0.997027320 -0.007274761 -0.076704630 -3.528213211 0.008425396 0.999856629 0.014687923 -0.450256240 0.076586782 -0.015290527 0.996945668 57.800310641
0.996918011 -0.005668118 -0.078245457 -3.596845964 0.006232740 0.999956259 0.006973714 -0.452031564 0.078202507 -0.007439904 0.996909733 58.713331455
0.996859862 -0.003787193 -0.079095339 -3.676639066 0.003964975 0.999989954 0.002090756 -0.459457681 0.079086627 -0.002397802 0.996864863 59.626447662
0.996775613 0.000854493 -0.080234954 -3.753963764 -0.000613295 0.999995219 0.003030743 -0.468711659 0.080237160 -0.002971763 0.996771371 60.532229755
0.996689041 0.003273340 -0.081241872 -3.834607798 -0.002848641 0.999981669 0.005342946 -0.478145791 0.081257872 -0.005093826 0.996680095 61.435579954
0.996588026 0.005732761 -0.082337369 -3.912654019 -0.005179103 0.999962532 0.006936277 -0.489898612 0.082374048 -0.006486177 0.996580376 62.306607626
0.996466944 0.006646309 -0.083722491 -3.985346738 -0.006098281 0.999958286 0.006799809 -0.501233470 0.083764192 -0.006265221 0.996465909 63.167268066
0.996336780 0.008077966 -0.085133820 -4.069827038 -0.007468088 0.999944139 0.007479797 -0.501162307 0.085189486 -0.006816610 0.996341450 64.036408791
0.996194961 0.008971850 -0.086689705 -4.140547812 -0.008301891 0.999932848 0.008085681 -0.509988941 0.086756427 -0.007335226 0.996202548 64.871533731
0.996062864 0.008583981 -0.088233141 -4.214089221 -0.007859996 0.999932561 0.008549529 -0.517924507 0.088300579 -0.007822356 0.996063160 65.701815712
0.995939714 0.008252321 -0.089643657 -4.288580067 -0.007435346 0.999927763 0.009443706 -0.520451040 0.089715113 -0.008738830 0.995929130 66.514332452
0.995797838 0.010901700 -0.090927547 -4.372455769 -0.009841414 0.999878349 0.012101005 -0.523807692 0.091048407 -0.011155299 0.995783986 67.321428066
0.995694626 0.012284398 -0.091876577 -4.451646431 -0.010821715 0.999806924 0.016401383 -0.531427323 0.092060319 -0.015336506 0.995635319 68.107562874
0.995490969 0.015325012 -0.093610223 -4.531419186 -0.013678461 0.999740690 0.018205850 -0.535143854 0.093864954 -0.016843315 0.995442451 68.880735043
0.995340632 0.017894685 -0.094746009 -4.620592520 -0.016639104 0.999763183 0.014025613 -0.538244920 0.094974556 -0.012383774 0.995402670 69.646003614
0.995218559 0.017819265 -0.096033815 -4.696318031 -0.017257517 0.999828784 0.006676948 -0.543763299 0.096136351 -0.004987718 0.995355677 70.376652817
0.995085641 0.016946506 -0.097557075 -4.770158621 -0.016935524 0.999856141 0.000940689 -0.551026310 0.097558982 0.000716114 0.995229487 71.086105274
0.995031019 0.017802643 -0.097960892 -4.845602124 -0.017913278 0.999839513 -0.000249909 -0.554563155 0.097940722 0.002003468 0.995190234 71.778643066
0.994917478 0.020570149 -0.098570182 -4.925821774 -0.020341104 0.999787559 0.003328173 -0.563608357 0.098617703 -0.001306231 0.995124536 72.453717659
0.994774752 0.020854115 -0.099941479 -4.987795567 -0.020373543 0.999775458 0.005826872 -0.580947909 0.100040552 -0.003760263 0.994976255 73.097516655
0.994735188 0.017784611 -0.100923796 -5.053276339 -0.017586881 0.999841281 0.002848672 -0.597260985 0.100958440 -0.001058740 0.994890081 73.723221427
0.994839824 0.009827123 -0.100980945 -5.103209093 -0.010092781 0.999946819 -0.002120207 -0.612221770 0.100954739 0.003128445 0.994886101 74.333159208
0.994964081 0.005704540 -0.100069658 -5.155057548 -0.006414742 0.999956462 -0.006776741 -0.625320768 0.100026643 0.007384535 0.994957356 74.922289108
0.995276295 0.008114235 -0.096743244 -5.219856971 -0.008828578 0.999936818 -0.006958137 -0.636000799 0.096680671 0.007779374 0.995285049 75.502594271
0.995600661 0.013114450 -0.092775719 -5.277189405 -0.013535311 0.999900754 -0.003908529 -0.647707614 0.092715253 0.005147082 0.995679361 76.067255375
0.996059732 0.011613321 -0.087921224 -5.325522351 -0.011731080 0.999930850 -0.000822766 -0.657408623 0.087905589 0.001850935 0.996127091 76.628963911
0.996571913 0.007854452 -0.082357334 -5.358055330 -0.007598089 0.999965266 0.003425764 -0.668211870 0.082381381 -0.002788262 0.996596977 77.170835426
0.997236063 0.003347486 -0.074222837 -5.384954878 -0.002828322 0.999970804 0.007098664 -0.683682116 0.074244432 -0.006869117 0.997216416 77.694237204
0.997960472 0.006766885 -0.063475241 -5.415944585 -0.006330637 0.999954959 0.007071331 -0.694135275 0.063520232 -0.006655071 0.997958361 78.205379309
0.998765678 0.011951385 -0.048210833 -5.443018124 -0.011644376 0.999910129 0.006643911 -0.701066336 0.048285904 -0.006074325 0.998815085 78.704349867
0.999399966 0.017086628 -0.030128982 -5.456925694 -0.016875479 0.999831324 0.007248602 -0.705775764 0.030247754 -0.006735811 0.999519736 79.205197837
0.999848090 0.015500382 -0.007970944 -5.446788816 -0.015438502 0.999850652 0.007767034 -0.709803318 0.008090146 -0.007642794 0.999938067 79.681835107
0.999760436 0.012025338 0.018288323 -5.417197687 -0.012185481 0.999888162 0.008670449 -0.715604077 -0.018182013 -0.008891224 0.999795159 80.147905192
0.998788372 0.010945560 0.047978978 -5.375025534 -0.011447736 0.999882404 0.010204324 -0.721816007 -0.047861644 -0.010741211 0.998796220 80.604841559
0.996669115 0.010516869 0.080870703 -5.319662166 -0.011496485 0.999865960 0.011657283 -0.727894098 -0.080737265 -0.012548183 0.996656429 81.064699942
0.992892147 0.010504681 0.118553096 -5.245022019 -0.012015365 0.999855383 0.012035108 -0.731306490 -0.118409526 -0.013374023 0.992874775 81.508619480
0.987063035 0.010615449 0.159980862 -5.154344991 -0.012684824 0.999848500 0.011919429 -0.734881441 -0.159830095 -0.013794557 0.987048150 81.949534310
0.978689712 0.010219086 0.205090267 -5.035953817 -0.012921674 0.999846380 0.011842554 -0.740537854 -0.204937741 -0.014240295 0.978671414 82.371064090
0.967184595 0.012171928 0.253782986 -4.904207446 -0.015207872 0.999834304 0.010004252 -0.751943186 -0.253619164 -0.013535457 0.967209445 82.778255431
0.951598072 0.013192240 0.307062004 -4.746718939 -0.016095632 0.999846477 0.006924850 -0.757529030 -0.306923509 -0.011532031 0.951664317 83.168794486
0.931892887 0.013444242 0.362484345 -4.570000363 -0.016223047 0.999857710 0.004623132 -0.763407317 -0.362370613 -0.010188865 0.931978394 83.537797577
0.907511236 0.014215489 0.419787180 -4.369751201 -0.016793331 0.999855991 0.002445750 -0.765571546 -0.419691959 -0.009269171 0.907619271 83.889275631
0.878312663 0.014560465 0.477864896 -4.149670718 -0.016536907 0.999863253 -0.000070940 -0.766501345 -0.477800583 -0.007840100 0.878433342 84.220293383
0.844489706 0.013039523 0.535413025 -3.917605435 -0.013887626 0.999900568 -0.002447212 -0.773462398 -0.535391698 -0.005368970 0.844586825 84.531313215
0.807521616 0.012667106 0.589701945 -3.662590854 -0.012856982 0.999909846 -0.003872589 -0.782074066 -0.589697836 -0.004454588 0.807611676 84.810291699
0.767563813 0.011382066 0.640871470 -3.381473017 -0.012547404 0.999917549 -0.002730960 -0.794926789 -0.640849714 -0.005945087 0.767643342 85.082307444
0.724359676 0.010897502 0.689336133 -3.097983399 -0.014359972 0.999896633 -0.000717489 -0.802973217 -0.689272698 -0.009379128 0.724441288 85.329955003
0.679183870 0.009956931 0.733900627 -2.794947120 -0.014102536 0.999900422 -0.000514681 -0.810734762 -0.733832671 -0.010000297 0.679256656 85.550444085
0.632530514 0.008557626 0.774488163 -2.476873506 -0.010907309 0.999938222 -0.002140629 -0.818658967 -0.774458636 -0.007093569 0.632584779 85.752519783
0.585601540 0.006016122 0.810576734 -2.138067118 -0.005175651 0.999979825 -0.003682725 -0.822685573 -0.810582537 -0.002038652 0.585620863 85.939824101
0.538534407 0.008186365 0.842563752 -1.800946720 -0.006732225 0.999962689 -0.005412676 -0.828119322 -0.842576625 -0.002757417 0.538569427 86.114260436
0.490962817 0.011036489 0.871110618 -1.461847687 -0.010534858 0.999921852 -0.006730952 -0.836324145 -0.871116829 -0.005872380 0.491040717 86.270422752
0.445166406 0.013282090 0.895349349 -1.117966468 -0.011841936 0.999889871 -0.008945106 -0.849191569 -0.895369555 -0.006620609 0.445274666 86.407412963
0.402678575 0.010729747 0.915278557 -0.761734825 -0.004828180 0.999942281 -0.009598087 -0.857705287 -0.915328713 -0.000554185 0.402707138 86.518485236
0.363274660 0.003155120 0.931676750 -0.394985091 0.010276027 0.999919870 -0.007393001 -0.862439576 -0.931625421 0.012259625 0.363213129 86.603483215
0.328389845 -0.000542060 0.944542120 -0.033460145 0.014480181 0.999885207 -0.004460517 -0.866791925 -0.944431275 0.015141929 0.328359997 86.681309646
0.295244912 0.003518326 0.955415126 0.335336408 0.011788289 0.999903686 -0.007325004 -0.873797038 -0.955348878 0.013425379 0.295175000 86.776464277
0.264338356 0.011002568 0.964367242 0.712569352 0.001264516 0.999930109 -0.011754920 -0.887458578 -0.964429175 0.004326734 0.264305968 86.878058904
0.235976238 0.015174529 0.971640339 1.099825781 -0.003281012 0.999884812 -0.014818797 -0.903496492 -0.971753287 0.000308920 0.235998845 86.963283435
0.210147858 0.016869033 0.977524073 1.496334533 -0.001949078 0.999856375 -0.016835407 -0.918167406 -0.977667673 0.001632654 0.210150554 87.029606150
0.186860652 0.018023724 0.982221076 1.898769858 0.005956527 0.999792516 -0.019479347 -0.927020960 -0.982368371 0.009490550 0.186714522 87.072751421
0.166771097 0.024350768 0.985694903 2.312514002 0.012966107 0.999554388 -0.026886909 -0.925787502 -0.985910382 0.017264585 0.166381047 87.115248540
0.147243379 0.031126811 0.988610393 2.733253667 0.014939055 0.999320706 -0.033689049 -0.926299581 -0.988987468 0.019729394 0.146678352 87.160180312
0.129570470 0.031948438 0.991055392 3.170541639 0.012498260 0.999348780 -0.033849812 -0.938357832 -0.991491446 0.016772404 0.129086791 87.213695466
0.114050793 0.027448525 0.993095663 3.631118410 0.010702617 0.999526298 -0.028855391 -0.963149023 -0.993417269 0.013919702 0.113702996 87.262043956
0.099498914 0.024275032 0.994741519 4.105229673 0.010941744 0.999615235 -0.025488413 -0.982838320 -0.994977509 0.013420276 0.099195019 87.302660984
0.086004619 0.021645809 0.996059569 4.594783824 0.013920478 0.999640254 -0.022925584 -1.001534563 -0.996197483 0.015837331 0.085672359 87.344001348
0.074530680 0.020759988 0.997002608 5.093619390 0.017666348 0.999598897 -0.022134693 -1.016078464 -0.997062224 0.019263109 0.074134032 87.368967151
0.064401395 0.021355827 0.997695539 5.610259800 0.021181279 0.999516504 -0.022762059 -1.030876100 -0.997699260 0.022598376 0.063917914 87.393733437
0.056551391 0.021921511 0.998158999 6.141943978 0.023208783 0.999459900 -0.023264991 -1.045857083 -0.998129898 0.024481724 0.056012076 87.418426652
0.050800557 0.022260252 0.998460708 6.684347043 0.024733248 0.999416898 -0.023539970 -1.061762142 -0.998402509 0.025891020 0.050220366 87.439539002
0.045312790 0.023220285 0.998702944 7.249631254 0.026077787 0.999361632 -0.024418792 -1.078788779 -0.998632415 0.027150446 0.044678330 87.460807997
0.039291933 0.023880769 0.998942367 7.834304614 0.026605178 0.999334943 -0.024936630 -1.094972117 -0.998873520 0.027556848 0.038630449 87.481107840
0.034979750 0.023878378 0.999102718 8.438230184 0.028960728 0.999270458 -0.024896336 -1.114531924 -0.998968314 0.029805610 0.034262696 87.498753310
0.032108730 0.023840211 0.999200017 9.060924125 0.030420484 0.999229022 -0.024818449 -1.132522844 -0.999021333 0.031193037 0.031358744 87.515329499
0.029041827 0.023234978 0.999308115 9.700768588 0.031323014 0.999217682 -0.024143183 -1.152796749 -0.999087304 0.032002504 0.028291318 87.533070089
0.026630935 0.022632902 0.999389086 10.363236521 0.033270149 0.999169738 -0.023514491 -1.171468958 -0.999091533 0.033876037 0.025855824 87.548934368
0.026136213 0.022279287 0.999410092 11.038440238 0.038221924 0.998998302 -0.023269673 -1.190849480 -0.998927416 0.038807558 0.025258475 87.556361388
0.027374981 0.022265965 0.999377225 11.747435486 0.041359532 0.998870567 -0.023387599 -1.207637408 -0.998769242 0.041974010 0.026423153 87.566557750
0.029724289 0.022152966 0.999312620 12.442702506 0.043248471 0.998789622 -0.023427786 -1.230259490 -0.998622069 0.043915117 0.028730229 87.586889956
0.033341743 0.021964375 0.999202629 13.158084032 0.045967749 0.998666787 -0.023486464 -1.254105877 -0.998386345 0.046714175 0.032287638 87.613078927
0.037703242 0.021524490 0.999057136 13.896295693 0.046511443 0.998646659 -0.023270934 -1.273811514 -0.998205966 0.047344979 0.036651082 87.642935355
0.041547093 0.019967035 0.998937013 14.658815759 0.047802746 0.998615616 -0.021948789 -1.296274519 -0.997992353 0.048663840 0.040535097 87.675434590
0.045462004 0.018222452 0.998799854 15.432144947 0.047676047 0.998654719 -0.020389857 -1.321346733 -0.997827741 0.048545792 0.044532070 87.715766070
0.049410878 0.016185643 0.998647380 16.217547396 0.044362021 0.998846358 -0.018383803 -1.342639091 -0.997792852 0.045210376 0.048635848 87.757425483
0.053427514 0.015066702 0.998458059 17.014131876 0.043507556 0.998901537 -0.017401484 -1.363471430 -0.997623473 0.044370188 0.052713310 87.806227619
0.057454180 0.016099242 0.998218329 17.817347848 0.040797271 0.998996903 -0.018459956 -1.384669555 -0.997514210 0.041785185 0.056739743 87.859610655
0.060763160 0.019861117 0.997954595 18.624811705 0.038629913 0.999006193 -0.022234132 -1.419012897 -0.997404416 0.039901915 0.059935540 87.903892194
0.062331528 0.025026310 0.997741682 19.431728579 0.033021420 0.999086548 -0.027122978 -1.446282923 -0.997509081 0.034637464 0.061448186 87.958085100
0.062141778 0.028286507 0.997666414 20.234164441 0.030302823 0.999084002 -0.030214175 -1.471653527 -0.997607206 0.032109671 0.061227695 88.009296453
0.062269245 0.027772832 0.997672898 21.053485474 0.027998894 0.999170729 -0.029562065 -1.504578715 -0.997666579 0.029774545 0.061439998 88.065846523
0.062276374 0.025899944 0.997722830 21.866251892 0.025174711 0.999304410 -0.027512368 -1.540610146 -0.997741393 0.026830755 0.061581031 88.120095110
0.062135642 0.024884204 0.997757455 22.687512448 0.026000384 0.999309510 -0.026542094 -1.570523875 -0.997728992 0.027591287 0.061445739 88.176228068
0.062567193 0.024084499 0.997750111 23.519419902 0.023833696 0.999387634 -0.025618597 -1.604816233 -0.997756133 0.025382956 0.061954856 88.238602896
0.062596096 0.024270399 0.997743793 24.328834809 0.022271030 0.999421371 -0.025708438 -1.640171926 -0.997790424 0.023830029 0.062019349 88.296915955
0.062992785 0.024831458 0.997705020 25.147436393 0.019461663 0.999469768 -0.026104144 -1.673331105 -0.997824209 0.021061372 0.062476123 88.351675207
0.061802447 0.026287459 0.997742165 25.964960856 0.016824863 0.999483619 -0.027375512 -1.705532549 -0.997946582 0.018478749 0.061328251 88.410006776
0.058730137 0.025744992 0.997941865 26.787571667 0.013946478 0.999548674 -0.026607212 -1.737431018 -0.998176471 0.015480420 0.058344578 88.468316836
0.054868617 0.024443772 0.998194338 27.603501344 0.011465639 0.999618969 -0.025108900 -1.769786902 -0.998427751 0.012822627 0.054567447 88.521352981
0.050001730 0.022195559 0.998502471 28.422060534 0.009559355 0.999696600 -0.022700804 -1.801287676 -0.998703382 0.010680119 0.049774384 88.564853361
0.043696107 0.020061123 0.998843432 29.236408283 0.007360428 0.999764771 -0.020401622 -1.832240479 -0.999017755 0.008243387 0.043538170 88.605633443
0.036566868 0.020429099 0.999122373 30.040364289 0.007458982 0.999757595 -0.020715078 -1.858705266 -0.999303371 0.008209921 0.036405624 88.632426545
0.027745795 0.021132702 0.999391605 30.853100474 0.006587325 0.999750934 -0.021323182 -1.892094522 -0.999593306 0.007174946 0.027599677 88.655402160
0.017934570 0.021710031 0.999603434 31.660222343 0.007098413 0.999736273 -0.021840273 -1.916152480 -0.999813965 0.007487294 0.017775733 88.667793313
0.007514927 0.020855383 0.999754259 32.463608574 0.008645265 0.999743771 -0.020920149 -1.942124486 -0.999934390 0.008800354 0.007332701 88.677238863
-0.003206125 0.019924654 0.999796344 33.261508944 0.007333490 0.999775065 -0.019900713 -1.971775263 -0.999967970 0.007268192 -0.003351521 88.676509248
-0.014254321 0.019130739 0.999715374 34.052437256 0.008876065 0.999779981 -0.019005417 -1.999585895 -0.999859005 0.008602629 -0.014420991 88.662346880
-0.025516504 0.019617113 0.999481904 34.837444058 0.008791012 0.999773184 -0.019398398 -2.025172695 -0.999635747 0.008291479 -0.025683171 88.645007046
-0.036518157 0.020124050 0.999130345 35.617820202 0.008980470 0.999763458 -0.019808566 -2.054787377 -0.999292637 0.008249288 -0.036690243 88.615587972
-0.047219426 0.021014176 0.998663472 36.393892644 0.008675663 0.999749602 -0.020626823 -2.084070342 -0.998846864 0.007690081 -0.047389914 88.577920301
-0.057621235 0.022310027 0.998089202 37.167699377 0.009619047 0.999716271 -0.021791074 -2.104310895 -0.998292175 0.008345038 -0.057819487 88.533003912
-0.067094834 0.023250979 0.997475651 37.930416171 0.010420495 0.999690241 -0.022601670 -2.127990196 -0.997692185 0.008877734 -0.067316337 88.479311497
-0.076655093 0.023663318 0.996776828 38.696187249 0.011149838 0.999676162 -0.022874692 -2.159783136 -0.996995325 0.009360438 -0.076894111 88.416315114
-0.086035042 0.024079547 0.996001078 39.444982593 0.011675702 0.999663600 -0.023159541 -2.185580857 -0.996223695 0.009636480 -0.086287246 88.348788954
-0.094682757 0.023437356 0.995231564 40.179861880 0.013068054 0.999665945 -0.022298537 -2.215725986 -0.995421720 0.010894453 -0.094957409 88.280238927
-0.102264789 0.022248173 0.994508387 40.932943742 0.014896261 0.999672013 -0.020831914 -2.244409844 -0.994645673 0.012684085 -0.102562662 88.210693464
-0.107811304 0.020647638 0.993956940 41.664339396 0.017677816 0.999666053 -0.018848779 -2.268906380 -0.994014194 0.015538876 -0.108140306 88.137401159
-0.111601397 0.018975605 0.993571867 42.371119337 0.020578592 0.999647411 -0.016780180 -2.294453793 -0.993539959 0.018573618 -0.111952539 88.056321152
-0.114236458 0.017783291 0.993294411 43.074682039 0.022119011 0.999637452 -0.015352997 -2.320789769 -0.993207320 0.020216818 -0.114588390 87.971766727
-0.115966661 0.017055645 0.993106660 43.758715575 0.022400065 0.999643171 -0.014552211 -2.340278585 -0.993000489 0.020558082 -0.116307329 87.895978800
-0.116267825 0.017684728 0.993060443 44.462048731 0.023570383 0.999609015 -0.015041719 -2.361068569 -0.992938180 0.021657947 -0.116639202 87.804228883
-0.115458691 0.018323263 0.993143267 45.126836603 0.023835633 0.999593055 -0.015671229 -2.394817802 -0.993026260 0.021862819 -0.115848453 87.731612532
-0.112383685 0.019785636 0.993467884 45.773338578 0.024656287 0.999549427 -0.017117571 -2.420591140 -0.993358936 0.022571493 -0.112820889 87.655069947
-0.107327493 0.020228498 0.994017916 46.383678414 0.024554921 0.999541961 -0.017689635 -2.442134182 -0.993920452 0.022509447 -0.107775042 87.597363028
-0.099222935 0.020901083 0.994845694 46.980097569 0.023942585 0.999540072 -0.018611747 -2.466485255 -0.994777142 0.021972465 -0.099677726 87.543664924
-0.088040992 0.020752654 0.995900653 47.573066654 0.022929141 0.999560275 -0.018801900 -2.488334576 -0.995852920 0.021179809 -0.088478118 87.495702199
-0.074394675 0.020960437 0.997008572 48.136000726 0.021921883 0.999571860 -0.019378562 -2.512818020 -0.996987895 0.020414643 -0.074822316 87.465980115
-0.057258033 0.022398536 0.998108122 48.685725813 0.021126540 0.999551612 -0.021218972 -2.533515765 -0.998135856 0.019871615 -0.057705562 87.448590135
-0.035893273 0.025344834 0.999034190 49.235400723 0.019840226 0.999499399 -0.024643817 -2.545128113 -0.999158665 0.018936517 -0.036378152 87.441631171
-0.011200728 0.028146391 0.999541057 49.760751811 0.017840056 0.999450284 -0.027943922 -2.570439891 -0.999778113 0.017518876 -0.011696704 87.452653434
0.017111377 0.029991433 0.999403680 50.282620561 0.016538398 0.999404787 -0.030274630 -2.592090591 -0.999716801 0.017046577 0.016605182 87.485048620
0.049998241 0.029561820 0.998311712 50.816043655 0.014037759 0.999442320 -0.030298349 -2.613081601 -0.998650648 0.015528924 0.049555376 87.531876779
0.088220455 0.027265573 0.995727744 51.331440882 0.013048665 0.999507902 -0.028525181 -2.631422749 -0.996015504 0.015509422 0.087821263 87.598471978
0.130495060 0.022839159 0.991185862 51.820884335 0.010190293 0.999650928 -0.024375821 -2.662518076 -0.991396589 0.013281399 0.130216770 87.684054640
0.175591626 0.018427538 0.984290611 52.328724699 0.007490847 0.999770842 -0.020053677 -2.685637947 -0.984434593 0.010894429 0.175413349 87.801504587
0.223943062 0.014815437 0.974489614 52.813935836 0.002713542 0.999871096 -0.015824906 -2.708766676 -0.974598451 0.006188197 0.223873993 87.944802978
0.275630143 0.013259034 0.961172317 53.282414591 -0.000636511 0.999907166 -0.013610839 -2.725298805 -0.961263553 0.003139760 0.275612995 88.111864606
0.330679656 0.012657534 0.943658175 53.746712745 -0.001467207 0.999915741 -0.012897988 -2.743770740 -0.943741921 0.002880560 0.330670364 88.305326841
0.389323099 0.013394454 0.921003862 54.190142168 0.000863088 0.999888519 -0.014906540 -2.755653239 -0.921100852 0.006598368 0.389268136 88.518362141
0.450388858 0.016590777 0.892678342 54.627192185 0.002445249 0.999800665 -0.019815405 -2.772403654 -0.892829154 0.011107458 0.450258511 88.747630520
0.510276094 0.019866194 0.859781159 55.043389079 0.004209053 0.999663498 -0.025596383 -2.784755587 -0.860000344 0.016680087 0.510020767 89.015959937
0.569181099 0.024708558 0.821840838 55.418957731 -0.000471157 0.999557995 -0.029725297 -2.792584456 -0.822212049 0.016531861 0.568941160 89.306858162
0.625218610 0.027883772 0.779951399 55.767696442 -0.004277764 0.999468982 -0.032302561 -2.802955918 -0.780437948 0.016859715 0.625005887 89.637454856
0.677578293 0.028530955 0.734897027 56.080034661 -0.005503617 0.999415962 -0.033726033 -2.817803615 -0.735430056 0.018807436 0.677339585 89.987666872
0.726721580 0.026652685 0.686414875 56.388396460 -0.005643379 0.999444935 -0.032832514 -2.833917357 -0.686908945 0.019986397 0.726468613 90.357632416
0.771847162 0.023056127 0.635389938 56.650673021 -0.007362365 0.999599393 -0.027328526 -2.849777905 -0.635765487 0.016415472 0.771707703 90.738665234
0.813027832 0.018229179 0.581939379 56.892286809 -0.007855781 0.999762214 -0.020342112 -2.861095018 -0.582171822 0.011967115 0.812977710 91.144378512
0.849274045 0.016394424 0.527697659 57.099171460 -0.010530651 0.999844924 -0.014115038 -2.867725488 -0.527847234 0.006430536 0.849314986 91.565549339
0.880064588 0.013204733 0.474670366 57.287985462 -0.011315236 0.999912605 -0.006837251 -2.875484603 -0.474719166 0.000646215 0.880137089 92.006334499
0.905387334 0.014176882 0.424349845 57.457592872 -0.015062601 0.999885749 -0.001267288 -2.884569521 -0.424319329 -0.005244426 0.905497434 92.463753896
0.925228673 0.016248124 0.379061871 57.597489399 -0.018547136 0.999825073 0.002414012 -2.894706509 -0.378956339 -0.009264025 0.925368181 92.915672210
0.940424613 0.021911762 0.339295480 57.716555652 -0.025220159 0.999667638 0.005343953 -2.902640923 -0.339065615 -0.013582671 0.940664669 93.376365577
0.952151570 0.026617898 0.304464899 57.819849579 -0.029385410 0.999557980 0.004510313 -2.907260996 -0.304210264 -0.013241328 0.952512878 93.833992645
0.961273925 0.028445437 0.274122778 57.929524180 -0.030974562 0.999508155 0.004901425 -2.905241641 -0.273848529 -0.013202445 0.961682213 94.297898036
0.967412823 0.023133992 0.252145294 58.043335077 -0.025237066 0.999668437 0.005109514 -2.911602322 -0.251943488 -0.011306416 0.967675898 94.774876867
0.971393297 0.020193819 0.236616297 58.150760815 -0.022220520 0.999735676 0.005901464 -2.919246126 -0.236434581 -0.010990380 0.971585251 95.264609560
0.974243295 0.024741621 0.224138027 58.243419391 -0.026681061 0.999628155 0.005627891 -2.918703238 -0.223915440 -0.011463176 0.974541159 95.754885152
0.976277854 0.030085759 0.214421078 58.337948992 -0.032094328 0.999467481 0.005891419 -2.913727925 -0.214129647 -0.012633362 0.976723550 96.262891605
0.977248372 0.037808215 0.208701120 58.421303670 -0.039648356 0.999202925 0.004639232 -2.912737131 -0.208359369 -0.012808339 0.977968466 96.757727723
0.977621950 0.043629720 0.205795459 58.515515352 -0.044801749 0.998995360 0.001036397 -2.915537708 -0.205543491 -0.010233201 0.978594479 97.279734101
0.977868520 0.044105761 0.204518555 58.631488007 -0.044711023 0.998998578 -0.001662889 -2.919358485 -0.204387088 -0.007518147 0.978861275 97.802933892
0.977355570 0.042787050 0.207232619 58.740651392 -0.042659521 0.999076722 -0.005086193 -2.929665572 -0.207258909 -0.003869425 0.978278474 98.348115319
0.976634980 0.041566671 0.210846694 58.871954386 -0.040022853 0.999131592 -0.011585932 -2.933860144 -0.211145181 0.002876541 0.977450478 98.883171410
0.975677592 0.041689699 0.215209677 58.990442889 -0.039084058 0.999102142 -0.016350697 -2.941266421 -0.215698105 0.007541741 0.976430975 99.459880117
0.974472075 0.046894440 0.219556568 59.109658338 -0.044458470 0.998882689 -0.016025514 -2.945061064 -0.220062762 0.005855267 0.975468142 100.019437960
0.973035926 0.049791093 0.225215304 59.238849156 -0.048334153 0.998759355 -0.011981660 -2.956158951 -0.225532471 0.000772995 0.974235345 100.624140253
0.972020651 0.046932188 0.230159125 59.380958888 -0.046456097 0.998892251 -0.007490091 -2.966821167 -0.230255693 -0.003411771 0.973124183 101.225297144
0.971322679 0.042363694 0.233960616 59.536260634 -0.043154129 0.999066908 -0.001742092 -2.980929771 -0.233816110 -0.008404233 0.972244514 101.838763471
0.970524773 0.039862829 0.237681763 59.689546678 -0.041722684 0.999125313 0.002797595 -2.987060595 -0.237362346 -0.012631856 0.971339052 102.470423626
0.970015805 0.035385229 0.240452124 59.850945940 -0.037287153 0.999298933 0.003363274 -2.989931157 -0.240164541 -0.012228204 0.970655173 103.099217196
0.970043329 0.031873296 0.240831961 60.011111688 -0.032921131 0.999457899 0.000327637 -2.996709514 -0.240690963 -0.008246282 0.970566772 103.739718673
0.970205822 0.031168066 0.240269045 60.173377674 -0.030451369 0.999513821 -0.006695902 -3.004469666 -0.240360929 -0.000820118 0.970683239 104.387485757
0.970348753 0.033343609 0.239398207 60.330822102 -0.031055729 0.999428847 -0.013323728 -3.013267551 -0.239705735 0.005493977 0.970830045 105.053713502
0.970935282 0.036089696 0.236605604 60.490506224 -0.032965498 0.999309366 -0.017148395 -3.018284256 -0.237061077 0.008850160 0.971454436 105.730723929
0.971552482 0.034567027 0.234288060 60.648725195 -0.032442404 0.999390127 -0.012917633 -3.027440789 -0.234591698 0.004949290 0.972081396 106.422640616
0.972005424 0.030440406 0.232978190 60.821474426 -0.030037670 0.999534837 -0.005277182 -3.039394068 -0.233030456 -0.001868672 0.972467642 107.138849734
0.972562020 0.030908064 0.230581456 60.987736566 -0.031903376 0.999490785 0.000588452 -3.051877442 -0.230445853 -0.007928633 0.973052848 107.859505581
0.972854583 0.034703548 0.228800401 61.147327438 -0.035604907 0.999365926 -0.000188578 -3.058659120 -0.228661869 -0.007962958 0.973473339 108.586509020
0.973170547 0.040086258 0.226566056 61.304655783 -0.040033957 0.999186657 -0.004827669 -3.067192005 -0.226575303 -0.004372190 0.973983838 109.319273174
0.974029889 0.040908666 0.222693189 61.469207710 -0.039657062 0.999162392 -0.010091177 -3.077143412 -0.222919476 0.000997750 0.974836351 110.061135203
0.974947358 0.039518765 0.218897045 61.628477941 -0.037621562 0.999209690 -0.012830187 -3.090172217 -0.219231081 0.004273508 0.975663605 110.819158869
0.975882624 0.037332337 0.215079988 61.800165611 -0.035744923 0.999297433 -0.011266783 -3.104614796 -0.215349495 0.003307040 0.976531443 111.589318924
0.976725415 0.033855563 0.211804781 61.971835858 -0.032644500 0.999424563 -0.009213052 -3.119176032 -0.211994813 0.002084360 0.977268568 112.368009862
0.977124141 0.032792081 0.210126373 62.136610279 -0.032182094 0.999462024 -0.006322573 -3.134819216 -0.210220660 -0.000584368 0.977653790 113.161834594
0.977513670 0.029492676 0.208799443 62.308730595 -0.029288848 0.999562709 -0.004068641 -3.144606142 -0.208828133 -0.002138343 0.977950018 113.960531719
0.977736202 0.024055372 0.208454450 62.484614381 -0.023973482 0.999708331 -0.002919651 -3.154243426 -0.208463884 -0.002142730 0.978027718 114.761474820
0.977874388 0.024829776 0.207714138 62.653993887 -0.025112028 0.999683826 -0.001278279 -3.164014786 -0.207680203 -0.003966127 0.978188736 115.569468676
0.977679030 0.030164366 0.207927452 62.820039358 -0.030138645 0.999540305 -0.003292389 -3.174507859 -0.207931182 -0.003047752 0.978138709 116.376100889
0.977386249 0.035805891 0.208408393 62.981449834 -0.035185540 0.999358443 -0.006684264 -3.184136537 -0.208514023 -0.000799854 0.978019050 117.196453268
0.976805338 0.044741685 0.209402753 63.145553304 -0.043987827 0.998997934 -0.008258280 -3.197253472 -0.209562407 -0.001144440 0.977794604 118.032906576
0.975832044 0.050744178 0.212548467 63.310553208 -0.050229563 0.998707053 -0.007823870 -3.210398451 -0.212670669 -0.003041433 0.977119203 118.870234527
0.975003756 0.053183392 0.215729466 63.480100722 -0.053187723 0.998567748 -0.005789612 -3.228676362 -0.215728398 -0.005829265 0.976436008 119.715405287
0.974422258 0.053703981 0.218213534 63.663743362 -0.053527483 0.998543734 -0.006724617 -3.241823034 -0.218256895 -0.005127804 0.975877878 120.560793489
0.974078004 0.052259329 0.220093172 63.847948385 -0.051471994 0.998631000 -0.009314458 -3.259652371 -0.220278632 -0.002255625 0.975434383 121.398156257
0.974142401 0.046064778 0.221189102 64.046518307 -0.045392314 0.998936194 -0.008125158 -3.273059109 -0.221328083 -0.002125225 0.975197089 122.236204391
0.974364026 0.039266510 0.221524006 64.246230415 -0.038069242 0.999228281 -0.009673478 -3.292201350 -0.221732895 0.000992238 0.975106937 123.090426019
0.974090270 0.038486394 0.222860818 64.436089931 -0.037263292 0.999258478 -0.009692352 -3.310683964 -0.223068585 0.001136698 0.974802090 123.932856619
0.973566215 0.041106839 0.224675437 64.625401839 -0.040577039 0.999152054 -0.006976945 -3.326600183 -0.224771725 -0.002324146 0.974408677 124.781253187
0.973179745 0.043318341 0.225930753 64.811362817 -0.044187393 0.999022526 -0.001211532 -3.341355569 -0.225762393 -0.008804252 0.974142611 125.633211474
0.972717811 0.047349919 0.227108004 64.993000913 -0.049315521 0.998778788 0.002985324 -3.358643316 -0.226689302 -0.014103827 0.973865002 126.471953644
0.972502653 0.046586655 0.228184737 65.182893419 -0.047039230 0.998887058 -0.003457861 -3.376138535 -0.228091871 -0.007370856 0.973611714 127.295180787
0.972814186 0.042453096 0.227662678 65.383878287 -0.039433918 0.999063697 -0.017795946 -3.397052270 -0.228205010 0.008334517 0.973577429 128.111364651
0.973079493 0.040242307 0.226929191 65.578671163 -0.035093366 0.999027835 -0.026680349 -3.417516614 -0.227782257 0.017998392 0.973545737 128.933843052
0.973311510 0.037146541 0.226461561 65.769573333 -0.034056944 0.999266035 -0.017536136 -3.437564170 -0.226946753 0.009355535 0.973862231 129.767376638
