0 1 0 0 -0 0 1 0 -0 0 0 1 -0
1 1 0 0 -0 0 1 0 -0 0 0 1 -0
2 1 0 0 -0 0 1 0 -0 0 0 1 -0
3 1 0 0 -0 0 1 0 -0 0 0 1 -0
4 1 0 0 -0 0 1 0 -0 0 0 1 -0
5 1 0 0 -0 0 1 0 -0 0 0 1 -0
6 1 0 0 -0 0 1 0 -0 0 0 1 -0
7 1 0 0 -0 0 1 0 -0 0 0 1 -0
8 1 0 0 -0 0 1 0 -0 0 0 1 -0
9 1 0 0 -0 0 1 0 -0 0 0 1 -0
10 1 0 0 -0 0 1 0 -0 0 0 1 -0
11 1 0 0 -0 0 1 0 -0 0 0 1 -0
12 1 0 0 -0 0 1 0 -0 0 0 1 -0
13 1 0 0 -0 0 1 0 -0 0 0 1 -0
14 1 0 0 -0 0 1 0 -0 0 0 1 -0
15 1 0 0 -0 0 1 0 -0 0 0 1 -0
16 1 0 0 -0 0 1 0 -0 0 0 1 -0
17 1 0 0 -0 0 1 0 -0 0 0 1 -0
18 1 0 0 -0 0 1 0 -0 0 0 1 -0
19 1 0 0 -0 0 1 0 -0 0 0 1 -0
20 1 0 0 -0 0 1 0 -0 0 0 1 -0
21 1 0 0 -0 0 1 0 -0 0 0 1 -0
22 1 0 0 -0 0 1 0 -0 0 0 1 -0
23 1 0 0 -0 0 1 0 -0 0 0 1 -0
24 1 0 0 -0 0 1 0 -0 0 0 1 -0
25 1 0 0 -0 0 1 0 -0 0 0 1 -0
26 1 0 0 -0 0 1 0 -0 0 0 1 -0
27 1 0 0 -0 0 1 0 -0 0 0 1 -0
28 1 0 0 -0 0 1 0 -0 0 0 1 -0
29 1 0 0 -0 0 1 0 -0 0 0 1 -0
30 1 0 0 -0 0 1 0 -0 0 0 1 -0
31 1 0 0 -0 0 1 0 -0 0 0 1 -0
32 1 0 0 -0 0 1 0 -0 0 0 1 -0
33 1 0 0 -0 0 1 0 -0 0 0 1 -0
34 1 0 0 -0 0 1 0 -0 0 0 1 -0
35 1 0 0 -0 0 1 0 -0 0 0 1 -0
36 1 0 0 -0 0 1 0 -0 0 0 1 -0
37 1 0 0 -0 0 1 0 -0 0 0 1 -0
38 1 0 0 -0 0 1 0 -0 0 0 1 -0
39 1 0 0 -0 0 1 0 -0 0 0 1 -0
40 1 0 0 -0 0 1 0 -0 0 0 1 -0
41 1 0 0 -0 0 1 0 -0 0 0 1 -0
42 1 0 0 -0 0 1 0 -0 0 0 1 -0
43 1 0 0 -0 0 1 0 -0 0 0 1 -0
44 1 0 0 -0 0 1 0 -0 0 0 1 -0
45 1 0 0 -0 0 1 0 -0 0 0 1 -0
46 1 0 0 -0 0 1 0 -0 0 0 1 -0
47 1 0 0 -0 0 1 0 -0 0 0 1 -0
48 1 0 0 -0 0 1 0 -0 0 0 1 -0
49 1 0 0 -0 0 1 0 -0 0 0 1 -0
50 1 0 0 -0 0 1 0 -0 0 0 1 -0
51 1 0 0 -0 0 1 0 -0 0 0 1 -0
52 1 0 0 -0 0 1 0 -0 0 0 1 -0
53 1 0 0 -0 0 1 0 -0 0 0 1 -0
54 1 0 0 -0 0 1 0 -0 0 0 1 -0
55 1 0 0 -0 0 1 0 -0 0 0 1 -0
56 1 0 0 -0 0 1 0 -0 0 0 1 -0
57 1 0 0 -0 0 1 0 -0 0 0 1 -0
58 1 0 0 -0 0 1 0 -0 0 0 1 -0
59 1 0 0 -0 0 1 0 -0 0 0 1 -0
60 1 0 0 -0 0 1 0 -0 0 0 1 -0
61 1 0 0 -0 0 1 0 -0 0 0 1 -0
62 1 0 0 -0 0 1 0 -0 0 0 1 -0
63 1 0 0 -0 0 1 0 -0 0 0 1 -0
64 1 0 0 -0 0 1 0 -0 0 0 1 -0
65 1 0 0 -0 0 1 0 -0 0 0 1 -0
66 1 0 0 -0 0 1 0 -0 0 0 1 -0
67 1 0 0 -0 0 1 0 -0 0 0 1 -0
68 1 0 0 -0 0 1 0 -0 0 0 1 -0
69 1 0 0 -0 0 1 0 -0 0 0 1 -0
70 1 0 0 -0 0 1 0 -0 0 0 1 -0
71 1 0 0 -0 0 1 0 -0 0 0 1 -0
72 1 0 0 -0 0 1 0 -0 0 0 1 -0
73 1 0 0 -0 0 1 0 -0 0 0 1 -0
74 1 0 0 -0 0 1 0 -0 0 0 1 -0
75 1 0 0 -0 0 1 0 -0 0 0 1 -0
76 1 0 0 -0 0 1 0 -0 0 0 1 -0
77 1 0 0 -0 0 1 0 -0 0 0 1 -0
78 1 0 0 -0 0 1 0 -0 0 0 1 -0
79 1 0 0 -0 0 1 0 -0 0 0 1 -0
80 1 0 0 -0 0 1 0 -0 0 0 1 -0
81 1 0 0 -0 0 1 0 -0 0 0 1 -0
82 1 0 0 -0 0 1 0 -0 0 0 1 -0
83 1 0 0 -0 0 1 0 -0 0 0 1 -0
84 1 0 0 -0 0 1 0 -0 0 0 1 -0
85 1 0 0 -0 0 1 0 -0 0 0 1 -0
86 1 0 0 -0 0 1 0 -0 0 0 1 -0
87 1 0 0 -0 0 1 0 -0 0 0 1 -0
88 1 0 0 -0 0 1 0 -0 0 0 1 -0
89 1 0 0 -0 0 1 0 -0 0 0 1 -0
90 1 0 0 -0 0 1 0 -0 0 0 1 -0
91 1 0 0 -0 0 1 0 -0 0 0 1 -0
92 1 0 0 -0 0 1 0 -0 0 0 1 -0
93 1 0 0 -0 0 1 0 -0 0 0 1 -0
94 1 0 0 -0 0 1 0 -0 0 0 1 -0
95 1 0 0 -0 0 1 0 -0 0 0 1 -0
96 1 0 0 -0 0 1 0 -0 0 0 1 -0
97 1 0 0 -0 0 1 0 -0 0 0 1 -0
98 1 0 0 -0 0 1 0 -0 0 0 1 -0
99 1 0 0 -0 0 1 0 -0 0 0 1 -0
100 1 0 0 -0 0 1 0 -0 0 0 1 -0
101 1 0 0 -0 0 1 0 -0 0 0 1 -0
102 1 0 0 -0 0 1 0 -0 0 0 1 -0
103 1 0 0 -0 0 1 0 -0 0 0 1 -0
104 1 0 0 -0 0 1 0 -0 0 0 1 -0
105 1 0 0 -0 0 1 0 -0 0 0 1 -0
106 1 0 0 -0 0 1 0 -0 0 0 1 -0
107 1 0 0 -0 0 1 0 -0 0 0 1 -0
108 1 0 0 -0 0 1 0 -0 0 0 1 -0
109 1 0 0 -0 0 1 0 -0 0 0 1 -0
110 1 0 0 -0 0 1 0 -0 0 0 1 -0
111 1 0 0 -0 0 1 0 -0 0 0 1 -0
112 1 0 0 -0 0 1 0 -0 0 0 1 -0
113 1 0 0 -0 0 1 0 -0 0 0 1 -0
114 1 0 0 -0 0 1 0 -0 0 0 1 -0
115 1 0 0 -0 0 1 0 -0 0 0 1 -0
116 1 0 0 -0 0 1 0 -0 0 0 1 -0
117 1 0 0 -0 0 1 0 -0 0 0 1 -0
118 1 0 0 -0 0 1 0 -0 0 0 1 -0
119 1 0 0 -0 0 1 0 -0 0 0 1 -0
120 1 0 0 -0 0 1 0 -0 0 0 1 -0
121 1 0 0 -0 0 1 0 -0 0 0 1 -0
122 1 0 0 -0 0 1 0 -0 0 0 1 -0
123 1 0 0 -0 0 1 0 -0 0 0 1 -0
124 1 0 0 -0 0 1 0 -0 0 0 1 -0
125 1 0 0 -0 0 1 0 -0 0 0 1 -0
126 1 0 0 -0 0 1 0 -0 0 0 1 -0
127 1 0 0 -0 0 1 0 -0 0 0 1 -0
128 1 0 0 -0 0 1 0 -0 0 0 1 -0
129 1 0 0 -0 0 1 0 -0 0 0 1 -0
130 1 0 0 -0 0 1 0 -0 0 0 1 -0
131 1 0 0 -0 0 1 0 -0 0 0 1 -0
132 1 0 0 -0 0 1 0 -0 0 0 1 -0
133 1 0 0 -0 0 1 0 -0 0 0 1 -0
134 1 0 0 -0 0 1 0 -0 0 0 1 -0
135 1 0 0 -0 0 1 0 -0 0 0 1 -0
136 1 0 0 -0 0 1 0 -0 0 0 1 -0
137 1 0 0 -0 0 1 0 -0 0 0 1 -0
138 1 0 0 -0 0 1 0 -0 0 0 1 -0
139 1 0 0 -0 0 1 0 -0 0 0 1 -0
140 1 0 0 -0 0 1 0 -0 0 0 1 -0
141 1 0 0 -0 0 1 0 -0 0 0 1 -0
142 1 0 0 -0 0 1 0 -0 0 0 1 -0
143 1 0 0 -0 0 1 0 -0 0 0 1 -0
144 1 0 0 -0 0 1 0 -0 0 0 1 -0
145 1 0 0 -0 0 1 0 -0 0 0 1 -0
146 1 0 0 -0 0 1 0 -0 0 0 1 -0
147 1 0 0 -0 0 1 0 -0 0 0 1 -0
148 1 0 0 -0 0 1 0 -0 0 0 1 -0
149 1 0 0 -0 0 1 0 -0 0 0 1 -0
150 1 0 0 -0 0 1 0 -0 0 0 1 -0
151 1 0 0 -0 0 1 0 -0 0 0 1 -0
152 1 0 0 -0 0 1 0 -0 0 0 1 -0
153 1 0 0 -0 0 1 0 -0 0 0 1 -0
154 1 0 0 -0 0 1 0 -0 0 0 1 -0
155 1 0 0 -0 0 1 0 -0 0 0 1 -0
156 1 0 0 -0 0 1 0 -0 0 0 1 -0
157 1 0 0 -0 0 1 0 -0 0 0 1 -0
158 1 0 0 -0 0 1 0 -0 0 0 1 -0
159 1 0 0 -0 0 1 0 -0 0 0 1 -0
160 1 0 0 -0 0 1 0 -0 0 0 1 -0
161 1 0 0 -0 0 1 0 -0 0 0 1 -0
162 1 0 0 -0 0 1 0 -0 0 0 1 -0
163 1 0 0 -0 0 1 0 -0 0 0 1 -0
164 1 0 0 -0 0 1 0 -0 0 0 1 -0
165 1 0 0 -0 0 1 0 -0 0 0 1 -0
166 1 0 0 -0 0 1 0 -0 0 0 1 -0
167 1 0 0 -0 0 1 0 -0 0 0 1 -0
168 1 0 0 -0 0 1 0 -0 0 0 1 -0
169 0.999818 -0.0176498 -0.00727227 0.998305 0.0176466 0.999844 -0.000491276 0.0412319 0.00727976 0.000362996 0.999973 0.0410606
170 1 0 0 -0 0 1 0 -0 0 0 1 -0
171 1 0 0 -0 0 1 0 -0 0 0 1 -0
172 1 0 0 -0 0 1 0 -0 0 0 1 -0
173 1 0 0 -0 0 1 0 -0 0 0 1 -0
174 1 0 0 -0 0 1 0 -0 0 0 1 -0
175 1 0 0 -0 0 1 0 -0 0 0 1 -0
176 1 0 0 -0 0 1 0 -0 0 0 1 -0
177 1 0 0 -0 0 1 0 -0 0 0 1 -0
178 1 0 0 -0 0 1 0 -0 0 0 1 -0
179 1 0 0 -0 0 1 0 -0 0 0 1 -0
180 1 0 0 -0 0 1 0 -0 0 0 1 -0
181 1 0 0 -0 0 1 0 -0 0 0 1 -0
182 1 0 0 -0 0 1 0 -0 0 0 1 -0
183 1 0 0 -0 0 1 0 -0 0 0 1 -0
184 1 0 0 -0 0 1 0 -0 0 0 1 -0
185 1 0 0 -0 0 1 0 -0 0 0 1 -0
186 1 0 0 -0 0 1 0 -0 0 0 1 -0
187 1 0 0 -0 0 1 0 -0 0 0 1 -0
188 1 0 0 -0 0 1 0 -0 0 0 1 -0
189 1 0 0 -0 0 1 0 -0 0 0 1 -0
190 1 0 0 -0 0 1 0 -0 0 0 1 -0
191 1 0 0 -0 0 1 0 -0 0 0 1 -0
192 1 0 0 -0 0 1 0 -0 0 0 1 -0
193 1 0 0 -0 0 1 0 -0 0 0 1 -0
194 1 0 0 -0 0 1 0 -0 0 0 1 -0
195 1 0 0 -0 0 1 0 -0 0 0 1 -0
196 1 0 0 -0 0 1 0 -0 0 0 1 -0
197 1 0 0 -0 0 1 0 -0 0 0 1 -0
198 1 0 0 -0 0 1 0 -0 0 0 1 -0
199 1 0 0 -0 0 1 0 -0 0 0 1 -0
200 1 0 0 -0 0 1 0 -0 0 0 1 -0
201 1 0 0 -0 0 1 0 -0 0 0 1 -0
202 1 0 0 -0 0 1 0 -0 0 0 1 -0
203 1 0 0 -0 0 1 0 -0 0 0 1 -0
204 1 0 0 -0 0 1 0 -0 0 0 1 -0
205 1 0 0 -0 0 1 0 -0 0 0 1 -0
206 1 0 0 -0 0 1 0 -0 0 0 1 -0
207 1 0 0 -0 0 1 0 -0 0 0 1 -0
208 1 0 0 -0 0 1 0 -0 0 0 1 -0
209 1 0 0 -0 0 1 0 -0 0 0 1 -0
210 1 0 0 -0 0 1 0 -0 0 0 1 -0
211 1 0 0 -0 0 1 0 -0 0 0 1 -0
212 1 0 0 -0 0 1 0 -0 0 0 1 -0
213 1 0 0 -0 0 1 0 -0 0 0 1 -0
214 1 0 0 -0 0 1 0 -0 0 0 1 -0
215 1 0 0 -0 0 1 0 -0 0 0 1 -0
216 1 0 0 -0 0 1 0 -0 0 0 1 -0
217 1 0 0 -0 0 1 0 -0 0 0 1 -0
218 1 0 0 -0 0 1 0 -0 0 0 1 -0
219 1 0 0 -0 0 1 0 -0 0 0 1 -0
220 1 0 0 -0 0 1 0 -0 0 0 1 -0
221 1 0 0 -0 0 1 0 -0 0 0 1 -0
222 1 0 0 -0 0 1 0 -0 0 0 1 -0
223 0.999857 0.0136405 0.00997274 0.85875 -0.0139804 0.999295 0.0348514 -0.0838293 -0.0094904 -0.0349858 0.999343 0.50549
224 1 0 0 -0 0 1 0 -0 0 0 1 -0
225 1 0 0 -0 0 1 0 -0 0 0 1 -0
226 1 0 0 -0 0 1 0 -0 0 0 1 -0
227 1 0 0 -0 0 1 0 -0 0 0 1 -0
228 1 0 0 -0 0 1 0 -0 0 0 1 -0
229 1 0 0 -0 0 1 0 -0 0 0 1 -0
230 1 0 0 -0 0 1 0 -0 0 0 1 -0
231 1 0 0 -0 0 1 0 -0 0 0 1 -0
232 1 0 0 -0 0 1 0 -0 0 0 1 -0
233 1 0 0 -0 0 1 0 -0 0 0 1 -0
234 1 0 0 -0 0 1 0 -0 0 0 1 -0
235 1 0 0 -0 0 1 0 -0 0 0 1 -0
236 1 0 0 -0 0 1 0 -0 0 0 1 -0
237 1 0 0 -0 0 1 0 -0 0 0 1 -0
238 1 0 0 -0 0 1 0 -0 0 0 1 -0
239 1 0 0 -0 0 1 0 -0 0 0 1 -0
240 1 0 0 -0 0 1 0 -0 0 0 1 -0
241 1 0 0 -0 0 1 0 -0 0 0 1 -0
242 1 0 0 -0 0 1 0 -0 0 0 1 -0
243 1 0 0 -0 0 1 0 -0 0 0 1 -0
244 1 0 0 -0 0 1 0 -0 0 0 1 -0
245 1 0 0 -0 0 1 0 -0 0 0 1 -0
246 1 0 0 -0 0 1 0 -0 0 0 1 -0
247 1 0 0 -0 0 1 0 -0 0 0 1 -0
248 1 0 0 -0 0 1 0 -0 0 0 1 -0
249 1 0 0 -0 0 1 0 -0 0 0 1 -0
250 1 0 0 -0 0 1 0 -0 0 0 1 -0
251 1 0 0 -0 0 1 0 -0 0 0 1 -0
252 1 0 0 -0 0 1 0 -0 0 0 1 -0
253 1 0 0 -0 0 1 0 -0 0 0 1 -0
254 1 0 0 -0 0 1 0 -0 0 0 1 -0
255 1 0 0 -0 0 1 0 -0 0 0 1 -0
256 1 0 0 -0 0 1 0 -0 0 0 1 -0
257 1 0 0 -0 0 1 0 -0 0 0 1 -0
258 1 0 0 -0 0 1 0 -0 0 0 1 -0
259 1 0 0 -0 0 1 0 -0 0 0 1 -0
260 1 0 0 -0 0 1 0 -0 0 0 1 -0
261 1 0 0 -0 0 1 0 -0 0 0 1 -0
262 1 0 0 -0 0 1 0 -0 0 0 1 -0
263 1 0 0 -0 0 1 0 -0 0 0 1 -0
264 1 0 0 -0 0 1 0 -0 0 0 1 -0
265 1 0 0 -0 0 1 0 -0 0 0 1 -0
266 1 0 0 -0 0 1 0 -0 0 0 1 -0
267 1 0 0 -0 0 1 0 -0 0 0 1 -0
268 1 0 0 -0 0 1 0 -0 0 0 1 -0
269 1 0 0 -0 0 1 0 -0 0 0 1 -0
270 1 0 0 -0 0 1 0 -0 0 0 1 -0
271 1 0 0 -0 0 1 0 -0 0 0 1 -0
272 1 0 0 -0 0 1 0 -0 0 0 1 -0
273 1 0 0 -0 0 1 0 -0 0 0 1 -0
274 1 0 0 -0 0 1 0 -0 0 0 1 -0
275 1 0 0 -0 0 1 0 -0 0 0 1 -0
276 1 0 0 -0 0 1 0 -0 0 0 1 -0
277 1 0 0 -0 0 1 0 -0 0 0 1 -0
278 1 0 0 -0 0 1 0 -0 0 0 1 -0
279 1 0 0 -0 0 1 0 -0 0 0 1 -0
280 1 0 0 -0 0 1 0 -0 0 0 1 -0
281 1 0 0 -0 0 1 0 -0 0 0 1 -0
282 1 0 0 -0 0 1 0 -0 0 0 1 -0
283 1 0 0 -0 0 1 0 -0 0 0 1 -0
284 1 0 0 -0 0 1 0 -0 0 0 1 -0
285 1 0 0 -0 0 1 0 -0 0 0 1 -0
286 1 0 0 -0 0 1 0 -0 0 0 1 -0
287 1 0 0 -0 0 1 0 -0 0 0 1 -0
288 1 0 0 -0 0 1 0 -0 0 0 1 -0
289 1 0 0 -0 0 1 0 -0 0 0 1 -0
290 1 0 0 -0 0 1 0 -0 0 0 1 -0
291 1 0 0 -0 0 1 0 -0 0 0 1 -0
292 1 0 0 -0 0 1 0 -0 0 0 1 -0
293 1 0 0 -0 0 1 0 -0 0 0 1 -0
294 1 0 0 -0 0 1 0 -0 0 0 1 -0
295 1 0 0 -0 0 1 0 -0 0 0 1 -0
296 1 0 0 -0 0 1 0 -0 0 0 1 -0
297 1 0 0 -0 0 1 0 -0 0 0 1 -0
298 1 0 0 -0 0 1 0 -0 0 0 1 -0
299 1 0 0 -0 0 1 0 -0 0 0 1 -0
300 1 0 0 -0 0 1 0 -0 0 0 1 -0
301 1 0 0 -0 0 1 0 -0 0 0 1 -0
302 1 0 0 -0 0 1 0 -0 0 0 1 -0
303 1 0 0 -0 0 1 0 -0 0 0 1 -0
304 1 0 0 -0 0 1 0 -0 0 0 1 -0
305 1 0 0 -0 0 1 0 -0 0 0 1 -0
306 1 0 0 -0 0 1 0 -0 0 0 1 -0
307 1 0 0 -0 0 1 0 -0 0 0 1 -0
308 1 0 0 -0 0 1 0 -0 0 0 1 -0
309 1 0 0 -0 0 1 0 -0 0 0 1 -0
310 1 0 0 -0 0 1 0 -0 0 0 1 -0
311 1 0 0 -0 0 1 0 -0 0 0 1 -0
312 1 0 0 -0 0 1 0 -0 0 0 1 -0
313 1 0 0 -0 0 1 0 -0 0 0 1 -0
314 1 0 0 -0 0 1 0 -0 0 0 1 -0
315 1 0 0 -0 0 1 0 -0 0 0 1 -0
316 1 0 0 -0 0 1 0 -0 0 0 1 -0
317 1 0 0 -0 0 1 0 -0 0 0 1 -0
318 1 0 0 -0 0 1 0 -0 0 0 1 -0
319 1 0 0 -0 0 1 0 -0 0 0 1 -0
320 1 0 0 -0 0 1 0 -0 0 0 1 -0
321 1 0 0 -0 0 1 0 -0 0 0 1 -0
322 1 0 0 -0 0 1 0 -0 0 0 1 -0
323 1 0 0 -0 0 1 0 -0 0 0 1 -0
324 1 0 0 -0 0 1 0 -0 0 0 1 -0
325 1 0 0 -0 0 1 0 -0 0 0 1 -0
326 0.999833 0.0019332 -0.0181782 0.0221388 -0.00202188 0.999986 -0.00486107 -0.00216561 0.0181686 0.00489702 0.999823 -0.000319039
327 0.999794 0.00407425 -0.019907 0.027015 -0.00420228 0.999971 -0.00639402 -0.00328513 0.0198803 0.00647635 0.999781 -0.000759217
328 0.999744 0.00624099 -0.021742 0.0317037 -0.00641307 0.999949 -0.00785402 -0.00468534 0.0216919 0.00799144 0.999733 -0.00319722
329 0.999651 0.00804327 -0.0251629 0.0367711 -0.00829672 0.999916 -0.00998429 -0.0062916 0.0250805 0.0101896 0.999633 -0.00458913
330 0.999611 0.0110732 -0.0256 0.038664 -0.0114297 0.999839 -0.0138205 -0.00661213 0.0254428 0.0141077 0.999577 -0.00529733
331 0.999565 0.0129977 -0.0264654 0.0429046 -0.013408 0.999792 -0.0153857 -0.00756221 0.0262599 0.0157338 0.999531 -0.0066143
332 0.999448 0.0131395 -0.0304984 0.0509678 -0.0136752 0.999755 -0.0174228 -0.00788889 0.0302619 0.0178303 0.999383 -0.00730934
333 0.999429 0.013474 -0.0309807 0.0537691 -0.0140022 0.999759 -0.016896 -0.00900799 0.0307455 0.0173201 0.999377 -0.0100246
334 0.999299 0.0157219 -0.0339787 0.0586679 -0.016269 0.999741 -0.0158851 -0.00965916 0.0337201 0.0164268 0.999296 -0.0100131
335 0.999123 0.0176779 -0.0379681 0.065332 -0.0182312 0.999732 -0.0142759 -0.0108644 0.0377056 0.0149555 0.999177 -0.0124037
336 0.999047 0.017865 -0.0398137 0.0688577 -0.0185277 0.999695 -0.0163366 -0.00949593 0.0395097 0.0170587 0.999074 -0.0124542
337 0.998967 0.0168473 -0.0421992 0.0718509 -0.0175732 0.999703 -0.0168907 -0.00986748 0.0419021 0.0176148 0.998966 -0.0131325
338 0.998685 0.0187462 -0.0477098 0.0779837 -0.0195679 0.999667 -0.016813 -0.010135 0.0473787 0.0177245 0.99872 -0.0151903
339 0.998285 0.021916 -0.0542912 0.0826933 -0.0228188 0.999611 -0.0160644 -0.00990637 0.053918 0.0172757 0.998396 -0.0164278
340 0.997894 0.0272278 -0.0588768 0.0855753 -0.0281423 0.999495 -0.0147596 -0.0103347 0.0584452 0.0163855 0.998156 -0.0191169
341 0.997683 0.0308648 -0.0606336 0.0855282 -0.0317695 0.999397 -0.0140148 -0.00935398 0.0601645 0.0159087 0.998062 -0.0195709
342 0.997411 0.0351447 -0.0627423 0.0878818 -0.0360159 0.999269 -0.0128085 -0.00978402 0.0622463 0.015035 0.997948 -0.0194308
343 0.997144 0.0374294 -0.0655996 0.0901233 -0.0383962 0.999171 -0.01354 -0.00957076 0.0650384 0.0160202 0.997754 -0.0199017
344 0.996854 0.0383506 -0.0693596 0.0930478 -0.0394599 0.999113 -0.0146936 -0.00935054 0.0687346 0.0173843 0.997483 -0.0186548
345 0.996672 0.038124 -0.0720471 0.0941922 -0.0392942 0.999117 -0.0148944 -0.00919577 0.0714156 0.0176758 0.99729 -0.0188013
346 0.996588 0.0343764 -0.0750316 0.0964213 -0.035553 0.999264 -0.0144016 -0.0095744 0.0744813 0.0170201 0.997077 -0.0194807
347 0.996686 0.0329402 -0.0743789 0.0878739 -0.0341701 0.999299 -0.0153234 -0.00844146 0.073822 0.0178141 0.997112 -0.0177297
348 0.996439 0.0349037 -0.0767499 0.0886039 -0.0361226 0.999241 -0.0145501 -0.00883723 0.0761838 0.0172707 0.996944 -0.0172938
349 0.996047 0.0370264 -0.0807484 0.0903572 -0.0382721 0.99917 -0.0139331 -0.00869966 0.0801655 0.0169684 0.996637 -0.0168573
350 0.995586 0.0397525 -0.0850239 0.091788 -0.0410298 0.999069 -0.0133278 -0.00919419 0.0844149 0.0167575 0.99629 -0.0156657
351 0.995264 0.0434017 -0.0869861 0.0914062 -0.0448327 0.998888 -0.014565 -0.00923687 0.0862572 0.0183958 0.996103 -0.0155526
352 0.995025 0.0437341 -0.0895149 0.093569 -0.0452946 0.998854 -0.0154749 -0.0101509 0.0887355 0.0194524 0.995865 -0.0143085
353 0.995009 0.043027 -0.0900329 0.0925724 -0.0447254 0.998856 -0.0169323 -0.00947127 0.0892014 0.0208746 0.995795 -0.0123686
354 0.994941 0.0430675 -0.0907645 0.0955617 -0.0447398 0.998863 -0.0164711 -0.00892708 0.089952 0.0204485 0.995736 -0.0114509
355 0.995359 0.0431275 -0.0860218 0.087575 -0.0445626 0.998896 -0.0148317 -0.00827841 0.0852872 0.0185962 0.996183 -0.0095173
356 0.995556 0.0436761 -0.0834317 0.0882205 -0.0449157 0.998906 -0.0130375 -0.00861754 0.0827709 0.0167269 0.996428 -0.00847495
357 0.995403 0.0451301 -0.0844701 0.0894515 -0.0462141 0.998872 -0.0109205 -0.00857863 0.083882 0.0147741 0.996366 -0.00849594
358 0.995004 0.0493845 -0.0867679 0.0904709 -0.0502776 0.998702 -0.0081366 -0.00928993 0.0862535 0.0124584 0.996195 -0.00712174
359 0.994536 0.0531658 -0.0898456 0.0929578 -0.0539772 0.99852 -0.00662375 -0.0100175 0.0893605 0.0114372 0.995934 -0.00579944
360 0.994289 0.0561785 -0.090735 0.094584 -0.0570027 0.998353 -0.0065159 -0.0100824 0.0902195 0.0116508 0.995854 -0.00427938
361 0.994192 0.0584312 -0.0903796 0.0962042 -0.0592044 0.998228 -0.00589634 -0.00964387 0.0898749 0.011213 0.99589 -0.00150379
362 0.994305 0.0594602 -0.0884479 0.0979528 -0.0600295 0.998189 -0.00378859 -0.0100612 0.0880625 0.00907649 0.996074 0.00120973
363 0.994416 0.0601732 -0.0866958 0.0946493 -0.0605344 0.998165 -0.00154163 -0.00942055 0.086444 0.0067811 0.996234 0.00459471
364 0.994346 0.0611152 -0.0868335 0.088365 -0.0612019 0.998124 0.00166611 -0.008959 0.0867724 0.00365768 0.996221 0.00660807
365 0.993746 0.0663317 -0.0898226 0.0910218 -0.0661035 0.997798 0.0055172 -0.0105498 0.0899907 0.000454889 0.995942 0.00845307
366 0.993136 0.0743416 -0.0903009 0.0937623 -0.0739462 0.997232 0.0077207 -0.0125714 0.090625 -0.000990294 0.995885 0.00976931
367 0.992879 0.0785637 -0.0895466 0.0960484 -0.0783703 0.996908 0.00567833 -0.013041 0.0897159 0.0013799 0.995966 0.0130253
368 0.992635 0.081572 -0.0895609 0.0972683 -0.0814846 0.996664 0.00463775 -0.0142149 0.0896404 0.00269424 0.995971 0.0151231
369 0.992113 0.0831672 -0.0937794 0.0987237 -0.0831553 0.996528 0.00404134 -0.0143305 0.09379 0.00378879 0.995585 0.0189499
370 0.991188 0.0870816 -0.0998184 0.100243 -0.0869899 0.996195 0.00527879 -0.0158904 0.0998983 0.00345092 0.994992 0.0245785
371 0.990464 0.0870752 -0.106767 0.100479 -0.0872067 0.996184 0.00344619 -0.0174678 0.106659 0.00589742 0.994278 0.0262423
372 0.989543 0.0880679 -0.114235 0.102595 -0.0886215 0.996065 0.000233513 -0.0187512 0.113806 0.00989257 0.993454 0.0288617
373 0.988462 0.0901464 -0.121725 0.106177 -0.0909603 0.995854 -0.00113549 -0.0203357 0.121118 0.0121946 0.992563 0.0302575
374 0.987636 0.0893836 -0.128785 0.108325 -0.0903983 0.995904 -0.00204384 -0.0209366 0.128074 0.0136605 0.99167 0.0317928
375 0.986775 0.0913457 -0.133904 0.110737 -0.0922927 0.995732 -0.000868884 -0.0214487 0.133253 0.0132157 0.990994 0.0323969
376 0.985956 0.0953988 -0.137073 0.112886 -0.0960792 0.995372 0.00165892 -0.0233686 0.136596 0.0115342 0.99056 0.0347945
377 0.9854 0.100695 -0.137283 0.11219 -0.101302 0.994852 0.00257864 -0.0239328 0.136836 0.011366 0.990529 0.0336561
378 0.984403 0.107136 -0.139546 0.112129 -0.107657 0.994181 0.003836 -0.0249945 0.139145 0.0112469 0.990208 0.0364496
379 0.983344 0.108164 -0.146065 0.114456 -0.108879 0.99405 0.00311193 -0.026022 0.145532 0.0128433 0.98927 0.0371862
380 0.981998 0.109584 -0.153853 0.115214 -0.110738 0.993849 0.00107513 -0.0262625 0.153024 0.0159816 0.988093 0.0380018
381 0.980538 0.110802 -0.162072 0.117653 -0.112157 0.99369 0.000792826 -0.0265427 0.161137 0.0174001 0.986779 0.038127
382 0.979511 0.108755 -0.169503 0.125418 -0.109645 0.993962 0.00412766 -0.0272074 0.168928 0.0145421 0.985521 0.0395558
383 0.98013 0.101931 -0.170163 0.127872 -0.102253 0.994735 0.00689748 -0.0279536 0.16997 0.0106392 0.985392 0.0408202
384 0.980965 0.0969378 -0.168259 0.129169 -0.0969701 0.995255 0.00804453 -0.0272997 0.16824 0.00842469 0.98571 0.0414791
385 0.980904 0.098534 -0.167685 0.130171 -0.0980975 0.995117 0.0109053 -0.0275691 0.16794 0.00575236 0.98578 0.0418285
386 0.980147 0.102273 -0.169859 0.132386 -0.101432 0.994749 0.013645 -0.027302 0.170362 0.00385493 0.985374 0.0419551
387 0.979419 0.105287 -0.172203 0.134035 -0.103724 0.994442 0.0180742 -0.0277438 0.173149 0.000159496 0.984896 0.0424672
388 0.978724 0.110127 -0.17312 0.133742 -0.10809 0.993915 0.0211799 -0.0278235 0.174399 -0.00201678 0.984673 0.0418551
389 0.977486 0.114635 -0.177142 0.134905 -0.112209 0.993402 0.0236894 -0.0283649 0.178689 -0.00327911 0.9839 0.0423485
390 0.976122 0.120043 -0.181041 0.131423 -0.117354 0.992762 0.025532 -0.0279308 0.182796 -0.00367652 0.983144 0.0418747
391 0.974119 0.125146 -0.188231 0.134127 -0.121913 0.992126 0.0287044 -0.0289199 0.190341 -0.00501362 0.981705 0.0427389
392 0.972693 0.127843 -0.193714 0.135067 -0.124649 0.991787 0.0286396 -0.0288408 0.195784 -0.00371121 0.98064 0.044665
393 0.971571 0.127302 -0.199611 0.139492 -0.123969 0.991858 0.029162 -0.0288456 0.201698 -0.00358735 0.979441 0.045844
394 0.97086 0.12954 -0.201621 0.140661 -0.125934 0.991565 0.0306649 -0.0293778 0.203892 -0.00438036 0.978984 0.0474129
395 0.970355 0.131067 -0.20306 0.141551 -0.127325 0.991363 0.0314414 -0.0297419 0.205427 -0.00465472 0.978661 0.047766
396 0.969164 0.132899 -0.207506 0.143576 -0.128962 0.991119 0.0324473 -0.0294641 0.209975 -0.00468649 0.977696 0.0489115
397 0.967829 0.133027 -0.213569 0.145607 -0.128539 0.991093 0.0348275 -0.0295999 0.2163 -0.00625504 0.976307 0.0503857
398 0.966305 0.133019 -0.220364 0.147515 -0.127674 0.991073 0.0383867 -0.0296692 0.223503 -0.00895858 0.974662 0.0516391
399 0.964202 0.136179 -0.22753 0.150524 -0.13007 0.990627 0.0417039 -0.0302352 0.231077 -0.0106162 0.972878 0.0525638
400 0.962505 0.139973 -0.23236 0.153147 -0.133332 0.990089 0.0441257 -0.0305462 0.236234 -0.0114901 0.971628 0.0530371
401 0.960448 0.145274 -0.237562 0.155666 -0.138033 0.989315 0.0469312 -0.0300616 0.241842 -0.0122836 0.970238 0.055232
402 0.95808 0.151817 -0.242972 0.157612 -0.143661 0.98831 0.0510473 -0.0298944 0.247881 -0.0140017 0.968689 0.0567208
403 0.954678 0.161435 -0.250057 0.16084 -0.15226 0.986767 0.0557455 -0.0304515 0.255747 -0.0151454 0.966625 0.0563927
404 0.950857 0.172558 -0.257088 0.16287 -0.162109 0.984856 0.0614694 -0.0302988 0.263801 -0.0167725 0.964431 0.0573185
405 0.946464 0.182568 -0.266223 0.16673 -0.170859 0.983035 0.0667061 -0.0305992 0.273885 -0.0176484 0.961601 0.0595791
406 0.942397 0.192748 -0.273379 0.169545 -0.180348 0.981106 0.0700369 -0.0306026 0.281714 -0.016699 0.959353 0.060534
407 0.938284 0.202821 -0.280156 0.173571 -0.189382 0.97907 0.0745364 -0.0310837 0.28941 -0.0168798 0.957056 0.0606541
408 0.933007 0.21113 -0.291415 0.191057 -0.196399 0.977315 0.0792652 -0.0324949 0.301539 -0.0167213 0.953307 0.0662122
409 0.929671 0.21943 -0.295909 0.194589 -0.202868 0.975426 0.0859627 -0.0326775 0.3075 -0.0198868 0.95134 0.0666313
410 0.926116 0.228809 -0.299925 0.198173 -0.210653 0.973222 0.0920013 -0.0321264 0.312944 -0.022024 0.949516 0.0678157
411 0.922773 0.238255 -0.302861 0.201898 -0.21865 0.97091 0.0976008 -0.0316204 0.317305 -0.0238427 0.948024 0.0680788
412 0.919049 0.248404 -0.306014 0.208115 -0.226995 0.968298 0.104272 -0.0319432 0.322215 -0.0263676 0.946299 0.0699289
413 0.916352 0.257179 -0.306851 0.210629 -0.234313 0.965936 0.109843 -0.0313806 0.324647 -0.0287555 0.945398 0.0709583
414 0.912977 0.265364 -0.309928 0.21428 -0.240887 0.963656 0.115498 -0.0306989 0.329313 -0.0307896 0.943719 0.072115
415 0.910008 0.271464 -0.313356 0.219295 -0.245411 0.961888 0.120603 -0.0300214 0.334152 -0.0328486 0.941946 0.0733934
416 0.907494 0.276419 -0.316303 0.22222 -0.24843 0.960355 0.126495 -0.0292565 0.338729 -0.0362144 0.940187 0.0740387
417 0.904501 0.281488 -0.320378 0.227299 -0.251485 0.958765 0.132381 -0.0287861 0.344431 -0.0391689 0.937994 0.0761292
418 0.902561 0.285405 -0.322379 0.23004 -0.253433 0.957444 0.1381 -0.0274113 0.348075 -0.0429421 0.936483 0.0767002
419 0.899673 0.290894 -0.325529 0.235615 -0.256569 0.95561 0.144849 -0.0269923 0.353215 -0.0467958 0.934371 0.0781277
420 0.89823 0.296179 -0.324747 0.23682 -0.259817 0.953746 0.151209 -0.0267402 0.354511 -0.0514455 0.933635 0.0779163
421 0.897527 0.300295 -0.322907 0.238185 -0.261755 0.95213 0.157903 -0.0259676 0.354867 -0.0571997 0.933166 0.0791073
422 0.89571 0.30584 -0.322747 0.242246 -0.265701 0.950174 0.163008 -0.0250787 0.356521 -0.060254 0.932342 0.0812029
423 0.894273 0.310599 -0.322186 0.245198 -0.268975 0.948428 0.167741 -0.0247032 0.35767 -0.063346 0.931697 0.0816092
424 0.892732 0.314218 -0.32295 0.249726 -0.271453 0.947116 0.171129 -0.0218495 0.359643 -0.0651065 0.930816 0.0828192
425 0.892082 0.315502 -0.323493 0.252615 -0.270457 0.946303 0.1771 -0.0208538 0.361997 -0.0704966 0.92951 0.0843363
426 0.892226 0.316283 -0.322333 0.252211 -0.268695 0.94549 0.18399 -0.0197556 0.362955 -0.0775518 0.928574 0.0821524
427 0.892385 0.317758 -0.320434 0.250439 -0.267663 0.944377 0.191071 -0.017591 0.363325 -0.0847408 0.927801 0.0807393
428 0.890702 0.32041 -0.322471 0.253291 -0.267188 0.9429 0.198871 -0.0159048 0.367778 -0.0909742 0.925453 0.0840156
429 0.889401 0.322922 -0.323553 0.256879 -0.267512 0.941619 0.20443 -0.0144545 0.370679 -0.0952661 0.923862 0.0852882
430 0.888989 0.325434 -0.322165 0.255235 -0.268307 0.940287 0.209457 -0.0129431 0.371092 -0.0997663 0.923221 0.0845735
431 0.888277 0.328114 -0.321411 0.257574 -0.269175 0.938888 0.214555 -0.0125023 0.372167 -0.104068 0.922313 0.08577
432 0.888466 0.328567 -0.320425 0.261068 -0.268447 0.93834 0.217839 -0.0117845 0.372242 -0.107525 0.921886 0.0864287
433 0.889489 0.327402 -0.318774 0.263586 -0.266587 0.938386 0.219915 -0.00994728 0.371133 -0.110631 0.921966 0.0877179
434 0.890983 0.327993 -0.313958 0.264946 -0.266028 0.937477 0.224424 -0.00963516 0.367938 -0.116436 0.922531 0.0881308
435 0.892984 0.326581 -0.309716 0.267897 -0.264196 0.937437 0.226744 -0.00824681 0.36439 -0.120653 0.923397 0.0894693
436 0.896063 0.323816 -0.303667 0.268559 -0.261091 0.937652 0.229435 -0.00835158 0.359029 -0.126304 0.924741 0.0913917
437 0.898097 0.321784 -0.299795 0.270541 -0.258308 0.937642 0.232602 -0.00866412 0.355948 -0.13146 0.925213 0.0925559
438 0.900398 0.318128 -0.296779 0.271071 -0.254669 0.938458 0.233325 -0.00820171 0.352741 -0.134505 0.926003 0.0937693
439 0.902418 0.313591 -0.295471 0.273084 -0.250003 0.939621 0.233691 -0.00846823 0.350914 -0.137018 0.926329 0.0943872
440 0.903418 0.311781 -0.294326 0.274417 -0.248496 0.940152 0.233161 -0.00869318 0.349406 -0.137503 0.926827 0.0959089
441 0.905146 0.307036 -0.294008 0.275434 -0.244874 0.941931 0.22979 -0.00845503 0.347489 -0.135999 0.927769 0.0972143
442 0.907551 0.301591 -0.292224 0.275797 -0.240813 0.943842 0.22621 -0.00871832 0.344036 -0.134925 0.929211 0.0974205
443 0.909015 0.29475 -0.294641 0.277506 -0.234256 0.946084 0.223716 -0.00967694 0.344696 -0.13434 0.929052 0.100052
444 0.910788 0.286633 -0.297165 0.276975 -0.22617 0.948521 0.22171 -0.0112692 0.345416 -0.134721 0.928729 0.101332
445 0.91108 0.280237 -0.302324 0.278244 -0.219836 0.950696 0.218747 -0.0118261 0.348719 -0.132834 0.927766 0.101701
446 0.911484 0.277939 -0.303228 0.278072 -0.218055 0.951564 0.216746 -0.0125342 0.348783 -0.13144 0.927941 0.102653
447 0.911943 0.276279 -0.303364 0.277804 -0.217348 0.952356 0.213958 -0.0147462 0.348023 -0.129182 0.928543 0.103983
448 0.911189 0.277915 -0.304134 0.278885 -0.220965 0.952718 0.208572 -0.0168173 0.347719 -0.122846 0.929516 0.104417
449 0.910668 0.280011 -0.303772 0.281136 -0.225401 0.952949 0.202687 -0.0188164 0.346234 -0.11611 0.930935 0.107232
450 0.910972 0.278454 -0.304291 0.281776 -0.226521 0.954267 0.195094 -0.0199319 0.3447 -0.108797 0.932387 0.10787
451 0.910484 0.277766 -0.306375 0.282263 -0.227024 0.954954 0.191111 -0.0222009 0.345658 -0.104449 0.932529 0.10881
452 0.909991 0.275149 -0.310178 0.28153 -0.22594 0.956323 0.185468 -0.0232891 0.347661 -0.0986925 0.932412 0.109252
453 0.908155 0.274583 -0.316005 0.284843 -0.225078 0.956719 0.18447 -0.0259147 0.352981 -0.0964011 0.930651 0.110477
454 0.906743 0.277387 -0.317607 0.284592 -0.228014 0.956101 0.184064 -0.0285445 0.354722 -0.0944802 0.930186 0.111237
455 0.905346 0.279496 -0.319736 0.283349 -0.23117 0.95592 0.181046 -0.0302517 0.356244 -0.089996 0.930049 0.112173
456 0.90256 0.280554 -0.326611 0.283906 -0.232234 0.955971 0.179407 -0.0325095 0.362564 -0.0860752 0.927975 0.114519
457 0.900496 0.279541 -0.333111 0.285392 -0.231527 0.956612 0.176886 -0.0353608 0.368105 -0.0821606 0.926147 0.117896
458 0.899963 0.275063 -0.33824 0.285645 -0.22817 0.958274 0.172187 -0.0374684 0.371489 -0.0777855 0.925173 0.118876
459 0.900891 0.270322 -0.33959 0.285251 -0.225321 0.959968 0.166409 -0.0400524 0.37098 -0.073399 0.925736 0.120315
460 0.903465 0.261189 -0.339899 0.284441 -0.218628 0.962811 0.158733 -0.0416199 0.368718 -0.0690986 0.92697 0.12111
461 0.904782 0.254669 -0.341342 0.283472 -0.212766 0.964616 0.155712 -0.0455248 0.368919 -0.0682599 0.926952 0.121991
462 0.905068 0.249328 -0.344511 0.2831 -0.209002 0.966303 0.150258 -0.046616 0.370365 -0.0639903 0.926679 0.123498
463 0.905148 0.248692 -0.34476 0.279539 -0.209399 0.966639 0.147517 -0.048819 0.369945 -0.061332 0.927027 0.123336
464 0.903895 0.249158 -0.347697 0.279727 -0.211108 0.966798 0.143994 -0.0506493 0.37203 -0.0567535 0.926484 0.124569
465 0.902966 0.253282 -0.347131 0.277613 -0.216117 0.965899 0.142593 -0.0538206 0.37141 -0.0537356 0.926913 0.125947
466 0.903182 0.252668 -0.347016 0.277175 -0.217752 0.966359 0.136876 -0.0550522 0.369926 -0.0480603 0.927817 0.126562
467 0.903588 0.252276 -0.346244 0.276372 -0.218322 0.966564 0.134496 -0.056833 0.368597 -0.0459364 0.928454 0.127412
468 0.903616 0.252263 -0.346182 0.27513 -0.219527 0.966713 0.131426 -0.0588872 0.367813 -0.0427624 0.928916 0.128995
469 0.903838 0.250938 -0.346563 0.273349 -0.219833 0.967232 0.127025 -0.0600277 0.367082 -0.0386241 0.929386 0.12838
470 0.904043 0.249504 -0.347066 0.271937 -0.219991 0.967757 0.122679 -0.0610781 0.366485 -0.0345557 0.929782 0.129421
471 0.903409 0.248486 -0.349439 0.271167 -0.220051 0.968136 0.11954 -0.0618748 0.368008 -0.0310988 0.929302 0.13052
472 0.903266 0.247673 -0.350383 0.267903 -0.22014 0.968422 0.117035 -0.0626683 0.368305 -0.0285801 0.929265 0.130126
473 0.903594 0.24308 -0.352745 0.268107 -0.215673 0.969589 0.115684 -0.0638479 0.370138 -0.0284539 0.928541 0.130496
474 0.904023 0.238458 -0.354795 0.267846 -0.211348 0.970749 0.113925 -0.063975 0.371583 -0.028006 0.927977 0.131442
475 0.904099 0.238394 -0.354645 0.263663 -0.211356 0.970768 0.113744 -0.0649743 0.371394 -0.0278798 0.928057 0.131279
476 0.903265 0.239041 -0.35633 0.263608 -0.212442 0.97066 0.112638 -0.0655105 0.3728 -0.0260427 0.927546 0.131488
477 0.903149 0.238214 -0.357177 0.263278 -0.212141 0.970902 0.111113 -0.0663605 0.373252 -0.0245792 0.927404 0.132433
478 0.903323 0.236639 -0.357785 0.26197 -0.211359 0.971333 0.108809 -0.0668738 0.373277 -0.0226689 0.927443 0.133328
479 0.902732 0.232647 -0.36187 0.262515 -0.207232 0.972298 0.108126 -0.0667301 0.377001 -0.0226172 0.925937 0.133637
480 0.90184 0.23179 -0.364635 0.262695 -0.205598 0.972471 0.10968 -0.0683919 0.38002 -0.0239454 0.924668 0.134666
481 0.90188 0.227359 -0.367315 0.263373 -0.201275 0.97352 0.108389 -0.0693559 0.382232 -0.0238225 0.923759 0.135447
482 0.902314 0.222396 -0.369283 0.260155 -0.196612 0.974672 0.106578 -0.0684144 0.383632 -0.0235611 0.923185 0.134562
483 0.900968 0.221995 -0.372793 0.260178 -0.195687 0.974754 0.107521 -0.0687329 0.387251 -0.0239224 0.921664 0.134219
484 0.899451 0.224056 -0.375216 0.260206 -0.197413 0.974291 0.108558 -0.0705827 0.389892 -0.0235695 0.920559 0.135555
485 0.899403 0.221497 -0.376846 0.260782 -0.196153 0.974947 0.104888 -0.0704793 0.390637 -0.0204171 0.920318 0.136856
486 0.898621 0.220504 -0.379287 0.26167 -0.195552 0.975202 0.10364 -0.0709613 0.392734 -0.0189627 0.919457 0.136484
487 0.897819 0.218969 -0.382064 0.261689 -0.193764 0.975544 0.103774 -0.0717584 0.395444 -0.0191404 0.918291 0.137155
488 0.89603 0.216867 -0.387427 0.262407 -0.191497 0.976026 0.103455 -0.0727378 0.400575 -0.0185081 0.916077 0.138116
489 0.893489 0.217737 -0.392769 0.263916 -0.1925 0.975868 0.10308 -0.0738212 0.405735 -0.016493 0.913842 0.138586
490 0.891864 0.218543 -0.396001 0.263834 -0.194386 0.975743 0.100695 -0.0744014 0.408401 -0.012829 0.912712 0.139154
491 0.889998 0.216667 -0.401196 0.265288 -0.193093 0.976189 0.098844 -0.0751232 0.41306 -0.0105028 0.910643 0.13958
492 0.887243 0.216793 -0.407185 0.266596 -0.193185 0.976176 0.0987914 -0.0755509 0.418902 -0.00899 0.907987 0.14092
493 0.883814 0.220321 -0.412713 0.269577 -0.196896 0.975407 0.0990602 -0.0767759 0.424388 -0.00628913 0.905459 0.142168
494 0.881506 0.220758 -0.417388 0.271992 -0.197578 0.975319 0.098573 -0.0774807 0.428847 -0.00442606 0.903366 0.143507
495 0.87891 0.225484 -0.420327 0.27241 -0.202476 0.974245 0.0992531 -0.0782812 0.431881 -0.00212847 0.901928 0.143978
496 0.874844 0.230486 -0.426058 0.274793 -0.207937 0.973074 0.0994401 -0.0791281 0.437505 0.0015986 0.899214 0.145847
497 0.870019 0.236794 -0.43243 0.27778 -0.214916 0.97154 0.0996079 -0.0800502 0.44371 0.00627554 0.896149 0.147067
498 0.865708 0.242259 -0.438019 0.2798 -0.220436 0.970168 0.100906 -0.0806146 0.449397 0.00919983 0.893285 0.147956
499 0.860551 0.249187 -0.44425 0.280937 -0.227636 0.968366 0.102221 -0.0803424 0.455669 0.0131603 0.890052 0.148535
500 0.854781 0.258812 -0.44985 0.284137 -0.236487 0.965803 0.106295 -0.0816784 0.461977 0.0155252 0.886756 0.149691
501 0.850289 0.268499 -0.452678 0.286147 -0.246393 0.963086 0.108427 -0.0818517 0.46508 0.0193425 0.885057 0.150148
502 0.846219 0.277116 -0.455104 0.289694 -0.253774 0.960632 0.113069 -0.0828583 0.468521 0.0198123 0.88323 0.151108
503 0.840771 0.289809 -0.45729 0.290589 -0.265343 0.956839 0.118541 -0.0840089 0.471907 0.0216732 0.881382 0.151399
504 0.833918 0.302371 -0.461684 0.294194 -0.277174 0.952861 0.123411 -0.0845914 0.477237 0.0250522 0.878418 0.152358
505 0.827717 0.313191 -0.465614 0.297083 -0.287056 0.949291 0.128236 -0.0852602 0.482165 0.0275142 0.875648 0.153289
506 0.82252 0.319959 -0.470198 0.298781 -0.29318 0.946967 0.131528 -0.0847225 0.487346 0.0296679 0.872705 0.153642
507 0.816011 0.326422 -0.477048 0.301872 -0.297565 0.944755 0.137455 -0.0857148 0.495561 0.0297874 0.868062 0.154503
508 0.810342 0.329153 -0.484773 0.304086 -0.298748 0.943793 0.141435 -0.0851493 0.504079 0.0302141 0.863129 0.155235
509 0.805675 0.332217 -0.490428 0.307199 -0.300272 0.94272 0.145315 -0.0858038 0.510612 0.0301848 0.859281 0.156054
510 0.802391 0.332996 -0.49526 0.308355 -0.299536 0.942474 0.148396 -0.0848318 0.516185 0.0292764 0.855977 0.154465
511 0.79784 0.335966 -0.500578 0.312002 -0.300298 0.941456 0.153239 -0.0853434 0.522755 0.0280627 0.852021 0.156018
512 0.794777 0.337597 -0.504339 0.314005 -0.300904 0.940872 0.155618 -0.0856163 0.527054 0.0280756 0.849368 0.156894
513 0.790714 0.338634 -0.509999 0.31625 -0.302122 0.940417 0.156011 -0.0848324 0.532442 0.0307221 0.845909 0.156658
514 0.783452 0.345119 -0.516813 0.318434 -0.308471 0.937903 0.158696 -0.0842953 0.53949 0.0350906 0.841261 0.1563
515 0.776435 0.351858 -0.522823 0.322112 -0.313964 0.935304 0.163195 -0.0844485 0.54642 0.0374376 0.836674 0.156654
516 0.772291 0.354882 -0.526902 0.326216 -0.315903 0.934133 0.166138 -0.0839922 0.551156 0.0381431 0.83353 0.157272
517 0.770366 0.358319 -0.527393 0.32715 -0.317651 0.932877 0.169816 -0.0826394 0.552841 0.0367064 0.832478 0.156414
518 0.766545 0.362245 -0.530271 0.330372 -0.319295 0.931411 0.174711 -0.0823687 0.557188 0.0353887 0.829632 0.156846
519 0.76322 0.363955 -0.533883 0.333161 -0.319743 0.930747 0.177411 -0.0804227 0.56148 0.035302 0.826737 0.157678
520 0.760493 0.365503 -0.536711 0.335882 -0.31849 0.930247 0.18222 -0.0796766 0.565876 0.0323602 0.823855 0.158571
521 0.758441 0.366765 -0.538749 0.337772 -0.316719 0.929871 0.187159 -0.0794582 0.569611 0.0286835 0.821414 0.159288
522 0.75632 0.370152 -0.539414 0.340255 -0.318485 0.928561 0.190636 -0.0785841 0.571443 0.0276138 0.820177 0.159844
523 0.757092 0.370664 -0.537977 0.339055 -0.31638 0.928483 0.194482 -0.075957 0.57159 0.0229641 0.820218 0.157378
524 0.758209 0.369391 -0.53728 0.342212 -0.310968 0.929145 0.199969 -0.0739968 0.573078 0.0154588 0.819355 0.158745
525 0.760218 0.371813 -0.532752 0.341473 -0.307943 0.928291 0.20844 -0.0724705 0.572049 0.00559719 0.8202 0.156996
526 0.758914 0.378961 -0.529564 0.343552 -0.309715 0.925411 0.218382 -0.0714643 0.572823 -0.00171934 0.819677 0.158369
527 0.759694 0.386721 -0.522792 0.343288 -0.312646 0.922147 0.227812 -0.0698328 0.57019 -0.00961899 0.821456 0.158179
528 0.760266 0.392886 -0.517336 0.345434 -0.315549 0.919464 0.234554 -0.0678629 0.567825 -0.0150779 0.823011 0.159663
529 0.759773 0.399787 -0.512752 0.342212 -0.319034 0.916387 0.241768 -0.0649476 0.566535 -0.0201036 0.823792 0.159546
530 0.758831 0.40346 -0.511268 0.343165 -0.320013 0.91469 0.246846 -0.0624938 0.567245 -0.0237017 0.823208 0.1612
531 0.756334 0.407008 -0.512156 0.345878 -0.319562 0.91299 0.253631 -0.0621031 0.570823 -0.028164 0.82059 0.161685
532 0.756027 0.407251 -0.512415 0.347116 -0.31582 0.912673 0.259395 -0.0625379 0.573307 -0.0342791 0.818624 0.163741
533 0.75661 0.404958 -0.513372 0.350071 -0.311186 0.913526 0.26198 -0.0613395 0.57507 -0.0384626 0.8172 0.165195
534 0.758471 0.404471 -0.511004 0.351227 -0.308879 0.913545 0.26463 -0.0612339 0.57386 -0.0428763 0.81783 0.165369
535 0.759258 0.403045 -0.510962 0.353197 -0.305271 0.913973 0.267326 -0.0612554 0.57475 -0.046988 0.816979 0.16785
536 0.759725 0.405855 -0.508035 0.354319 -0.307122 0.912626 0.269796 -0.0604928 0.573145 -0.0489423 0.817991 0.167585
537 0.759053 0.410067 -0.505651 0.356123 -0.309578 0.910614 0.27376 -0.0603971 0.572712 -0.0512603 0.818152 0.169637
538 0.759307 0.413002 -0.502873 0.357509 -0.311537 0.909179 0.276294 -0.0598639 0.571312 -0.0531282 0.819012 0.171185
539 0.758063 0.418451 -0.500239 0.358563 -0.315144 0.90656 0.280771 -0.0594672 0.570985 -0.0551945 0.819103 0.172198
540 0.752668 0.422853 -0.504665 0.360444 -0.318148 0.904657 0.283508 -0.0582013 0.576431 -0.0528295 0.815436 0.175372
541 0.745439 0.42548 -0.513115 0.363007 -0.319596 0.903668 0.285029 -0.056765 0.58496 -0.0484824 0.809612 0.178332
542 0.740055 0.429438 -0.517592 0.363832 -0.317601 0.901534 0.293882 -0.060195 0.59283 -0.0531011 0.803575 0.178727
543 0.735069 0.429991 -0.524196 0.365332 -0.315321 0.901269 0.297131 -0.0598701 0.600205 -0.0531217 0.79808 0.179891
544 0.72993 0.431989 -0.529706 0.366958 -0.314746 0.900341 0.300534 -0.0594249 0.606743 -0.0526459 0.793152 0.181688
545 0.726395 0.436834 -0.530591 0.367672 -0.317956 0.898029 0.304052 -0.0606206 0.609306 -0.0521575 0.791218 0.18419
546 0.724097 0.440594 -0.530622 0.370164 -0.321107 0.896246 0.305996 -0.0613884 0.610388 -0.0511843 0.790447 0.18598
547 0.721099 0.443343 -0.532413 0.375001 -0.320625 0.894759 0.310815 -0.0622955 0.614179 -0.0534237 0.787357 0.191594
548 0.719456 0.44548 -0.532851 0.376691 -0.320575 0.893585 0.314224 -0.0625 0.616129 -0.0552521 0.785705 0.193687
549 0.714179 0.453117 -0.53351 0.378155 -0.325282 0.889743 0.320233 -0.0629229 0.61979 -0.055163 0.782827 0.195614
550 0.709764 0.461529 -0.53219 0.378579 -0.331336 0.885417 0.325965 -0.0646936 0.621652 -0.0550244 0.781358 0.19964
551 0.707889 0.464282 -0.532292 0.379741 -0.337554 0.884354 0.322453 -0.0657858 0.620444 -0.0485839 0.782744 0.201694
552 0.704674 0.469364 -0.532101 0.381515 -0.345388 0.881999 0.320601 -0.0671462 0.619791 -0.0421375 0.783635 0.202369
553 0.700943 0.475255 -0.5318 0.382208 -0.351851 0.879008 0.321786 -0.0681104 0.620387 -0.0384401 0.783354 0.204619
554 0.699794 0.476106 -0.532553 0.383335 -0.354405 0.878688 0.319851 -0.0679839 0.62023 -0.0350905 0.783634 0.206646
555 0.69707 0.478004 -0.53442 0.384054 -0.355644 0.877706 0.321168 -0.0685885 0.622583 -0.033813 0.781823 0.206803
556 0.691181 0.480624 -0.539694 0.38505 -0.355123 0.876291 0.325578 -0.0684783 0.62941 -0.0333756 0.776356 0.20847
557 0.685078 0.484083 -0.544363 0.385906 -0.353858 0.874324 0.332178 -0.0688388 0.636751 -0.034941 0.770277 0.210423
558 0.679504 0.486603 -0.549083 0.386333 -0.353505 0.872949 0.336146 -0.0684975 0.642891 -0.0343094 0.765189 0.211383
559 0.674158 0.488707 -0.553784 0.386371 -0.352686 0.871789 0.339995 -0.0686741 0.648941 -0.0338984 0.760083 0.212296
560 0.671259 0.48839 -0.557572 0.387073 -0.349432 0.871906 0.343041 -0.0689112 0.653688 -0.0354359 0.755934 0.213302
561 0.668008 0.487702 -0.562061 0.389788 -0.343882 0.872129 0.348046 -0.070167 0.659932 -0.0392144 0.750301 0.215174
562 0.664694 0.487885 -0.565818 0.390436 -0.339829 0.871893 0.352588 -0.0709948 0.665355 -0.0420818 0.74534 0.217157
563 0.66081 0.488209 -0.570072 0.392115 -0.337458 0.871694 0.355348 -0.0705489 0.670412 -0.0424426 0.740774 0.218779
564 0.660243 0.489694 -0.569455 0.391867 -0.337734 0.870806 0.357258 -0.0714284 0.670832 -0.0435524 0.74033 0.218893
565 0.660512 0.491093 -0.567936 0.392205 -0.339518 0.870032 0.357452 -0.0729565 0.669665 -0.0432767 0.741402 0.220122
566 0.656674 0.493882 -0.569965 0.395646 -0.344143 0.868707 0.356249 -0.0734752 0.671077 -0.0377903 0.740424 0.223947
567 0.653384 0.497153 -0.570901 0.39649 -0.348422 0.867002 0.356244 -0.074862 0.67208 -0.0338495 0.739705 0.224771
568 0.649561 0.498474 -0.574103 0.397406 -0.350186 0.866378 0.356033 -0.0751612 0.674864 -0.030222 0.737323 0.226371
569 0.647474 0.498879 -0.576105 0.397555 -0.348774 0.866121 0.358037 -0.0764044 0.677594 -0.030889 0.734787 0.227805
570 0.645483 0.498435 -0.578717 0.398403 -0.348661 0.866445 0.357362 -0.0764976 0.679549 -0.0288952 0.733061 0.22887
571 0.643789 0.497702 -0.58123 0.399426 -0.348916 0.866949 0.35589 -0.0768951 0.681024 -0.0263184 0.731788 0.230797
572 0.642825 0.496035 -0.583717 0.400729 -0.346522 0.867897 0.355917 -0.0782026 0.683153 -0.0265215 0.729793 0.231677
573 0.639855 0.495761 -0.587202 0.401683 -0.344757 0.868066 0.357218 -0.078904 0.686825 -0.0261257 0.726353 0.233495
574 0.635375 0.494407 -0.593179 0.403442 -0.341777 0.868877 0.358108 -0.0788025 0.69245 -0.0247977 0.721039 0.23609
575 0.63207 0.495321 -0.59594 0.404414 -0.34062 0.868354 0.36047 -0.0800267 0.696036 -0.0248533 0.717577 0.236825
