[{"R":[[1.0,0.0,0.0],[0.0,1.0,0.0],[0.0,0.0,1.0]],"file_name":"/home/jonas/Downloads/freiburg/rgbd_dataset_freiburg2_desk_with_person/rgb/1311870430.463459.png","t":[0.0,0.0,0.0]},{"R":[[0.9998747110366821,-0.0008115399978123605,0.015807732939720154],[0.000733586959540844,0.9999875426292419,0.004936497658491135],[-0.01581154204905033,-0.004924282897263765,0.9998628497123718]],"file_name":"/home/jonas/Downloads/freiburg/rgbd_dataset_freiburg2_desk_with_person/rgb/1311870430.599385.png","t":[-0.013382146134972572,0.001416086102835834,0.0014638793654739857]},{"R":[[0.9998557567596436,-0.0034781538415700197,0.016623230651021004],[0.003368913196027279,0.9999725818634033,0.006595057900995016],[-0.01664571464061737,-0.006538104265928268,0.9998400807380676]],"file_name":"/home/jonas/Downloads/freiburg/rgbd_dataset_freiburg2_desk_with_person/rgb/1311870430.631310.png","t":[-0.01621641218662262,0.0020632774103432894,0.0023956592194736004]},{"R":[[0.8930628299713135,-0.2655097246170044,0.3632400333881378],[0.32715001702308655,0.9374350309371948,-0.11911522597074509],[-0.30888769030570984,0.22521136701107025,0.9240499138832092]],"file_name":"/home/jonas/Downloads/freiburg/rgbd_dataset_freiburg2_desk_with_person/rgb/1311870434.199633.png","t":[-0.24328483641147614,-0.060139112174510956,0.003715531202033162]},{"R":[[0.7563384771347046,-0.30781781673431396,0.5772350430488586],[0.37177783250808716,0.9282882213592529,0.007888882420957088],[-0.5382688045501709,0.20863652229309082,0.8165399432182312]],"file_name":"/home/jonas/Downloads/freiburg/rgbd_dataset_freiburg2_desk_with_person/rgb/1311870437.231936.png","t":[-0.36559194326400757,-0.060728009790182114,0.06945854425430298]},{"R":[[0.754033088684082,-0.31970158219337463,0.5737813115119934],[0.4003775715827942,0.9162165522575378,-0.015654128044843674],[-0.5207033157348633,0.24153290688991547,0.8188589215278625]],"file_name":"/home/jonas/Downloads/freiburg/rgbd_dataset_freiburg2_desk_with_person/rgb/1311870437.367959.png","t":[-0.37290289998054504,-0.07661128789186478,0.06207224726676941]},{"R":[[0.4831714332103729,-0.41879987716674805,0.768864095211029],[0.5756890773773193,0.8136073350906372,0.08139556646347046],[-0.6596419215202332,0.40329864621162415,0.6342103481292725]],"file_name":"/home/jonas/Downloads/freiburg/rgbd_dataset_freiburg2_desk_with_person/rgb/1311870439.531912.png","t":[-0.46461358666419983,-0.18939796090126038,0.15736107528209686]},{"R":[[0.422174334526062,-0.48129141330718994,0.7681974768638611],[0.6724740862846375,0.7345492839813232,0.09064201265573502],[-0.6079041361808777,0.4783261716365814,0.63376384973526]],"file_name":"/home/jonas/Downloads/freiburg/rgbd_dataset_freiburg2_desk_with_person/rgb/1311870440.932236.png","t":[-0.47808757424354553,-0.18472763895988464,0.10867054760456085]},{"R":[[0.42528408765792847,-0.4816858172416687,0.7662324905395508],[0.6713862419128418,0.7356449961662292,0.08981595188379288],[-0.6069381833076477,0.4762406647205353,0.6362553834915161]],"file_name":"/home/jonas/Downloads/freiburg/rgbd_dataset_freiburg2_desk_with_person/rgb/1311870441.032175.png","t":[-0.47722455859184265,-0.17646077275276184,0.1016608253121376]},{"R":[[-0.01076418999582529,-0.4827815294265747,0.8756746649742126],[0.6886460781097412,0.6313741207122803,0.35655760765075684],[-0.7250177264213562,0.6068679690361023,0.32566937804222107]],"file_name":"/home/jonas/Downloads/freiburg/rgbd_dataset_freiburg2_desk_with_person/rgb/1311870442.732224.png","t":[-0.42818737030029297,-0.2601087987422943,0.22721713781356812]},{"R":[[-0.02342258207499981,-0.47370046377182007,0.8803744912147522],[0.6922784447669983,0.6276336312294006,0.35612720251083374],[-0.7212502956390381,0.6178057193756104,0.31323179602622986]],"file_name":"/home/jonas/Downloads/freiburg/rgbd_dataset_freiburg2_desk_with_person/rgb/1311870442.932118.png","t":[-0.4270783066749573,-0.2712567448616028,0.2369319349527359]},{"R":[[-0.03502533957362175,-0.4661736488342285,0.8839996457099915],[0.6949588060379028,0.6243036389350891,0.35675927996635437],[-0.7181959748268127,0.6268389821052551,0.30210503935813904]],"file_name":"/home/jonas/Downloads/freiburg/rgbd_dataset_freiburg2_desk_with_person/rgb/1311870443.032544.png","t":[-0.42221155762672424,-0.27870452404022217,0.24563618004322052]},{"R":[[-0.41826167702674866,-0.40639737248420715,0.8123412728309631],[0.6405851244926453,0.5020780563354492,0.5810062885284424],[-0.6439781785011292,0.7633864283561707,0.05033210664987564]],"file_name":"/home/jonas/Downloads/freiburg/rgbd_dataset_freiburg2_desk_with_person/rgb/1311870445.540077.png","t":[-0.2925505042076111,-0.5229690670967102,0.4839559495449066]},{"R":[[-0.4539956748485565,-0.3916168510913849,0.8003275394439697],[0.6442795395851135,0.47616562247276306,0.5984732508659363],[-0.6154606342315674,0.78733891248703,0.036133602261543274]],"file_name":"/home/jonas/Downloads/freiburg/rgbd_dataset_freiburg2_desk_with_person/rgb/1311870445.968392.png","t":[-0.29600790143013,-0.5399605631828308,0.482566237449646]},{"R":[[-0.5329645872116089,-0.4019032418727875,0.7445955276489258],[0.5969036817550659,0.4451242685317993,0.6675105690956116],[-0.5997121930122375,0.8002113103866577,0.0026620349381119013]],"file_name":"/home/jonas/Downloads/freiburg/rgbd_dataset_freiburg2_desk_with_person/rgb/1311870453.708805.png","t":[-0.42140692472457886,-0.6482502222061157,0.5806359052658081]},{"R":[[-0.39537060260772705,-0.45134973526000977,0.7999784350395203],[0.5817578434944153,0.5509321689605713,0.5983574390411377],[-0.7108023166656494,0.7019666433334351,0.044753871858119965]],"file_name":"/home/jonas/Downloads/freiburg/rgbd_dataset_freiburg2_desk_with_person/rgb/1311870454.536960.png","t":[-0.530397355556488,-0.5617168545722961,0.6290998458862305]},{"R":[[-0.4098270535469055,-0.44043222069740295,0.7987873554229736],[0.5432142019271851,0.5856450796127319,0.6016129851341248],[-0.7327756285667419,0.6804699301719666,-0.0007641470292583108]],"file_name":"/home/jonas/Downloads/freiburg/rgbd_dataset_freiburg2_desk_with_person/rgb/1311870454.736893.png","t":[-0.523807942867279,-0.52485591173172,0.6745328307151794]},{"R":[[-0.4213772118091583,-0.43456047773361206,0.7959889769554138],[0.5175366997718811,0.6055325269699097,0.6045544743537903],[-0.7447127103805542,0.6666989922523499,-0.0302566010504961]],"file_name":"/home/jonas/Downloads/freiburg/rgbd_dataset_freiburg2_desk_with_person/rgb/1311870454.837145.png","t":[-0.517943263053894,-0.5008717179298401,0.7018929123878479]},{"R":[[-0.5060999989509583,-0.4300515353679657,0.747608482837677],[0.41981661319732666,0.6343618035316467,0.6491063833236694],[-0.7534034848213196,0.6423711776733398,-0.14050771296024323]],"file_name":"/home/jonas/Downloads/freiburg/rgbd_dataset_freiburg2_desk_with_person/rgb/1311870455.236848.png","t":[-0.4510078430175781,-0.4558463394641876,0.7931429743766785]},{"R":[[-0.7493962645530701,-0.3308153450489044,0.5735560059547424],[0.30241644382476807,0.5995954275131226,0.7409653663635254],[-0.5890242457389832,0.7287294268608093,-0.34929054975509644]],"file_name":"/home/jonas/Downloads/freiburg/rgbd_dataset_freiburg2_desk_with_person/rgb/1311870456.069304.png","t":[-0.10670949518680573,-0.4723360538482666,0.8974725008010864]},{"R":[[-0.7623500227928162,-0.3166171908378601,0.5644253492355347],[0.3026960492134094,0.5964229106903076,0.7434075474739075],[-0.5720118284225464,0.7375860810279846,-0.35884425044059753]],"file_name":"/home/jonas/Downloads/freiburg/rgbd_dataset_freiburg2_desk_with_person/rgb/1311870456.169124.png","t":[-0.07393272966146469,-0.47626185417175293,0.8987780213356018]},{"R":[[-0.7711764574050903,-0.3112941086292267,0.5553223490715027],[0.30057570338249207,0.5909091830253601,0.7486525177955627],[-0.5611961483955383,0.7442595958709717,-0.36212778091430664]],"file_name":"/home/jonas/Downloads/freiburg/rgbd_dataset_freiburg2_desk_with_person/rgb/1311870456.269026.png","t":[-0.05220555514097214,-0.48162925243377686,0.8929340839385986]},{"R":[[-0.7762317061424255,-0.30511611700057983,0.5516960620880127],[0.3077187240123749,0.5804033279418945,0.7539503574371338],[-0.5502486228942871,0.7550073862075806,-0.35663750767707825]],"file_name":"/home/jonas/Downloads/freiburg/rgbd_dataset_freiburg2_desk_with_person/rgb/1311870456.469056.png","t":[-0.03114824742078781,-0.4979995787143707,0.8835683465003967]},{"R":[[-0.7263382077217102,-0.3467884063720703,0.5934396386146545],[0.37039369344711304,0.5298210382461548,0.7629535794258118],[-0.5790002346038818,0.7739686369895935,-0.2563810348510742]],"file_name":"/home/jonas/Downloads/freiburg/rgbd_dataset_freiburg2_desk_with_person/rgb/1311870457.205041.png","t":[-0.08409189432859421,-0.5774282813072205,0.8325627446174622]},{"R":[[-0.688058614730835,-0.30141833424568176,0.6600926518440247],[0.5288946032524109,0.4145055115222931,0.7405779361724854],[-0.4968358278274536,0.8586804866790771,-0.12578554451465607]],"file_name":"/home/jonas/Downloads/freiburg/rgbd_dataset_freiburg2_desk_with_person/rgb/1311870458.670175.png","t":[-0.15239983797073364,-0.7392649054527283,0.6983086466789246]},{"R":[[-0.6891202926635742,-0.3125234544277191,0.6537907719612122],[0.4915394186973572,0.4613279402256012,0.738624095916748],[-0.5324493050575256,0.8303647637367249,-0.1642928272485733]],"file_name":"/home/jonas/Downloads/freiburg/rgbd_dataset_freiburg2_desk_with_person/rgb/1311870459.137142.png","t":[-0.14922279119491577,-0.6854193806648254,0.7421825528144836]},{"R":[[-0.6812893152236938,-0.31762391328811646,0.6595149040222168],[0.47827643156051636,0.4889150559902191,0.7295297980308533],[-0.554162859916687,0.8124513030052185,-0.18118056654930115]],"file_name":"/home/jonas/Downloads/freiburg/rgbd_dataset_freiburg2_desk_with_person/rgb/1311870459.337124.png","t":[-0.15958404541015625,-0.6540786623954773,0.7649074196815491]},{"R":[[-0.600364625453949,-0.35537832975387573,0.7164276242256165],[0.39282968640327454,0.649269700050354,0.6512554883956909],[-0.6965968012809753,0.6724247932434082,-0.2501954138278961]],"file_name":"/home/jonas/Downloads/freiburg/rgbd_dataset_freiburg2_desk_with_person/rgb/1311870465.437662.png","t":[-0.23794502019882202,-0.45338183641433716,0.8634354472160339]},{"R":[[-0.6035273671150208,-0.3529522120952606,0.7149681448936462],[0.3924793601036072,0.6490300297737122,0.6517054438591003],[-0.6940566301345825,0.6739323139190674,-0.25318092107772827]],"file_name":"/home/jonas/Downloads/freiburg/rgbd_dataset_freiburg2_desk_with_person/rgb/1311870465.637540.png","t":[-0.22420844435691833,-0.45547008514404297,0.8627580404281616]},{"R":[[-0.48601609468460083,-0.40938621759414673,0.7721342444419861],[0.39380279183387756,0.6861360669136047,0.6116671562194824],[-0.780197262763977,0.6013486981391907,-0.1722557246685028]],"file_name":"/home/jonas/Downloads/freiburg/rgbd_dataset_freiburg2_desk_with_person/rgb/1311870467.505738.png","t":[-0.3357756733894348,-0.3873135447502136,0.7763393521308899]},{"R":[[-0.4736565053462982,-0.40959247946739197,0.7796688675880432],[0.4009118974208832,0.687954843044281,0.6049692034721375],[-0.7841678261756897,0.5991261601448059,-0.16164377331733704]],"file_name":"/home/jonas/Downloads/freiburg/rgbd_dataset_freiburg2_desk_with_person/rgb/1311870467.605580.png","t":[-0.34066739678382874,-0.3873586058616638,0.7711163759231567]},{"R":[[-0.46178683638572693,-0.41865938901901245,0.7819700837135315],[0.39969968795776367,0.6887957453727722,0.6048145294189453],[-0.7918289303779602,0.591848611831665,-0.15073876082897186]],"file_name":"/home/jonas/Downloads/freiburg/rgbd_dataset_freiburg2_desk_with_person/rgb/1311870467.705961.png","t":[-0.34477144479751587,-0.3861796259880066,0.7691103219985962]},{"R":[[-0.30772602558135986,-0.46346643567085266,0.8309654593467712],[0.4299127459526062,0.7113825678825378,0.5559765100479126],[-0.8488107919692993,0.5283311009407043,-0.01966080255806446]],"file_name":"/home/jonas/Downloads/freiburg/rgbd_dataset_freiburg2_desk_with_person/rgb/1311870470.605821.png","t":[-0.39273202419281006,-0.3920549750328064,0.7459580302238464]},{"R":[[-0.3140377104282379,-0.47007817029953003,0.8248677849769592],[0.3901529312133789,0.7281737923622131,0.5635101199150085],[-0.8655408620834351,0.4987879991531372,-0.04527163878083229]],"file_name":"/home/jonas/Downloads/freiburg/rgbd_dataset_freiburg2_desk_with_person/rgb/1311870471.138021.png","t":[-0.36437109112739563,-0.3453758656978607,0.7422531247138977]},{"R":[[-0.32123783230781555,-0.47837764024734497,0.817288875579834],[0.32251042127609253,0.7561769485473633,0.5693711042404175],[-0.8903893828392029,0.4464877247810364,-0.08863085508346558]],"file_name":"/home/jonas/Downloads/freiburg/rgbd_dataset_freiburg2_desk_with_person/rgb/1311870471.706195.png","t":[-0.358633816242218,-0.2681737542152405,0.7308536171913147]},{"R":[[-0.14662735164165497,-0.49726301431655884,0.8551198244094849],[0.4497252106666565,0.7364453673362732,0.5053666830062866],[-0.8810491561889648,0.458669513463974,0.11564867943525314]],"file_name":"/home/jonas/Downloads/freiburg/rgbd_dataset_freiburg2_desk_with_person/rgb/1311870474.442146.png","t":[-0.4345627725124359,-0.3700909912586212,0.6701300144195557]},{"R":[[-0.08927080035209656,-0.4828554689884186,0.8711379170417786],[0.4538045823574066,0.7588531970977783,0.46712225675582886],[-0.8866183757781982,0.4370267689228058,0.1513785868883133]],"file_name":"/home/jonas/Downloads/freiburg/rgbd_dataset_freiburg2_desk_with_person/rgb/1311870475.042643.png","t":[-0.4232856333255768,-0.3567740321159363,0.6685026288032532]},{"R":[[-0.08364865928888321,-0.48245418071746826,0.8719179034233093],[0.46159330010414124,0.756691038608551,0.46297982335090637],[-0.8831390142440796,0.4411991238594055,0.15940143167972565]],"file_name":"/home/jonas/Downloads/freiburg/rgbd_dataset_freiburg2_desk_with_person/rgb/1311870475.174253.png","t":[-0.4158337414264679,-0.36502042412757874,0.6655562520027161]},{"R":[[0.16595281660556793,-0.46857571601867676,0.8676960468292236],[0.34417325258255005,0.8520886301994324,0.39432185888290405],[-0.9241235852241516,0.23319895565509796,0.3026777505874634]],"file_name":"/home/jonas/Downloads/freiburg/rgbd_dataset_freiburg2_desk_with_person/rgb/1311870479.606576.png","t":[-0.37594082951545715,-0.175035759806633,0.5322946310043335]},{"R":[[0.2183319479227066,-0.45048877596855164,0.8656737208366394],[0.30656373500823975,0.8738290667533875,0.37741416692733765],[-0.9264717102050781,0.18298260867595673,0.32888832688331604]],"file_name":"/home/jonas/Downloads/freiburg/rgbd_dataset_freiburg2_desk_with_person/rgb/1311870479.874489.png","t":[-0.38644787669181824,-0.14134742319583893,0.5324375033378601]},{"R":[[0.35455411672592163,-0.4590735137462616,0.8145814538002014],[0.5028572082519531,0.8280848860740662,0.24781039357185364],[-0.7883057594299316,0.321755975484848,0.524449348449707]],"file_name":"/home/jonas/Downloads/freiburg/rgbd_dataset_freiburg2_desk_with_person/rgb/1311870483.342800.png","t":[-0.35981297492980957,-0.3192693889141083,0.4414478838443756]},{"R":[[0.32582980394363403,-0.4516293704509735,0.8305816054344177],[0.47866982221603394,0.8364067077636719,0.2670188248157501],[-0.8152976036071777,0.31057167053222656,0.488707572221756]],"file_name":"/home/jonas/Downloads/freiburg/rgbd_dataset_freiburg2_desk_with_person/rgb/1311870483.675720.png","t":[-0.3528038263320923,-0.2994053363800049,0.4696628153324127]},{"R":[[0.28689032793045044,-0.45621272921562195,0.8423561453819275],[0.4587159752845764,0.83737713098526,0.29728633165359497],[-0.8409956097602844,0.30111363530158997,0.449507474899292]],"file_name":"/home/jonas/Downloads/freiburg/rgbd_dataset_freiburg2_desk_with_person/rgb/1311870484.745698.png","t":[-0.4190032184123993,-0.27771323919296265,0.491016685962677]},{"R":[[0.28161516785621643,-0.4611043930053711,0.841472327709198],[0.45873284339904785,0.8349514007568359,0.3040072023868561],[-0.8427675366401672,0.30039793252944946,0.4466587007045746]],"file_name":"/home/jonas/Downloads/freiburg/rgbd_dataset_freiburg2_desk_with_person/rgb/1311870484.910716.png","t":[-0.4267917573451996,-0.28027236461639404,0.4932660162448883]},{"R":[[0.08419768512248993,-0.5083304047584534,0.8570361733436584],[0.48415809869766235,0.7726092338562012,0.4106895327568054],[-0.8709200024604797,0.3803618848323822,0.3111642003059387]],"file_name":"/home/jonas/Downloads/freiburg/rgbd_dataset_freiburg2_desk_with_person/rgb/1311870488.075044.png","t":[-0.41327670216560364,-0.328518271446228,0.5320026874542236]},{"R":[[0.04182610288262367,-0.4986957311630249,0.8657673597335815],[0.48724564909935,0.7666810750961304,0.4180811047554016],[-0.872262716293335,0.40435469150543213,0.27505460381507874]],"file_name":"/home/jonas/Downloads/freiburg/rgbd_dataset_freiburg2_desk_with_person/rgb/1311870488.475126.png","t":[-0.3822651207447052,-0.3377535343170166,0.5562490224838257]},{"R":[[0.0885741114616394,-0.5053132176399231,0.8583782315254211],[0.47286489605903625,0.7797980904579163,0.41026052832603455],[-0.8766717910766602,0.3695584535598755,0.30801481008529663]],"file_name":"/home/jonas/Downloads/freiburg/rgbd_dataset_freiburg2_desk_with_person/rgb/1311870489.475262.png","t":[-0.38433247804641724,-0.3375202417373657,0.5818695425987244]},{"R":[[0.05338817834854126,-0.5225294828414917,0.8509480953216553],[0.45648008584976196,0.7706839442253113,0.44460344314575195],[-0.8881304264068604,0.36470428109169006,0.27966970205307007]],"file_name":"/home/jonas/Downloads/freiburg/rgbd_dataset_freiburg2_desk_with_person/rgb/1311870489.911377.png","t":[-0.38433143496513367,-0.33764076232910156,0.6045939922332764]},{"R":[[0.14744547009468079,-0.4936867654323578,0.8570491075515747],[0.4514980912208557,0.8045645356178284,0.38577893376350403],[-0.8800053000450134,0.330074667930603,0.3415280282497406]],"file_name":"/home/jonas/Downloads/freiburg/rgbd_dataset_freiburg2_desk_with_person/rgb/1311870491.811155.png","t":[-0.3975979685783386,-0.3131467401981354,0.563705325126648]},{"R":[[0.18066637217998505,-0.505520224571228,0.8436877131462097],[0.44109636545181274,0.8083449602127075,0.38988766074180603],[-0.8790868520736694,0.30170801281929016,0.3690238893032074]],"file_name":"/home/jonas/Downloads/freiburg/rgbd_dataset_freiburg2_desk_with_person/rgb/1311870492.279278.png","t":[-0.3842366635799408,-0.29403430223464966,0.5361425876617432]},{"R":[[0.18569576740264893,-0.5151445865631104,0.83674556016922],[0.44551169872283936,0.8031392097473145,0.39558401703834534],[-0.8758061528205872,0.2993216812610626,0.3786424994468689]],"file_name":"/home/jonas/Downloads/freiburg/rgbd_dataset_freiburg2_desk_with_person/rgb/1311870492.411353.png","t":[-0.37777602672576904,-0.2938997745513916,0.5196371078491211]},{"R":[[0.4010857343673706,-0.4597465395927429,0.7923151850700378],[0.39275291562080383,0.8677087426185608,0.30467480421066284],[-0.8275719881057739,0.18898336589336395,0.5285924077033997]],"file_name":"/home/jonas/Downloads/freiburg/rgbd_dataset_freiburg2_desk_with_person/rgb/1311870493.911477.png","t":[-0.3413641154766083,-0.21843524277210236,0.4503908157348633]},{"R":[[0.4047909677028656,-0.4583638906478882,0.7912312150001526],[0.4011441469192505,0.8665984272956848,0.2968005836009979],[-0.8217223882675171,0.19725556671619415,0.5346611738204956]],"file_name":"/home/jonas/Downloads/freiburg/rgbd_dataset_freiburg2_desk_with_person/rgb/1311870494.043210.png","t":[-0.32496485114097595,-0.22846391797065735,0.4524120092391968]},{"R":[[0.47359901666641235,-0.44369009137153625,0.7608173489570618],[0.38015422224998474,0.8822061419487,0.2778399884700775],[-0.7944726347923279,0.15764319896697998,0.5864826440811157]],"file_name":"/home/jonas/Downloads/freiburg/rgbd_dataset_freiburg2_desk_with_person/rgb/1311870495.143348.png","t":[-0.27860888838768005,-0.2023879736661911,0.3982916474342346]},{"R":[[0.4946776032447815,-0.4657484292984009,0.7337387204170227],[0.40247592329978943,0.8710532188415527,0.28156596422195435],[-0.7702643871307373,0.15602777898311615,0.6183430552482605]],"file_name":"/home/jonas/Downloads/freiburg/rgbd_dataset_freiburg2_desk_with_person/rgb/1311870495.479588.png","t":[-0.25975126028060913,-0.20828822255134583,0.3788091838359833]},{"R":[[0.5076755881309509,-0.4738359749317169,0.7195449471473694],[0.40435898303985596,0.8685210943222046,0.2866441309452057],[-0.7607622742652893,0.1454322338104248,0.6325268149375916]],"file_name":"/home/jonas/Downloads/freiburg/rgbd_dataset_freiburg2_desk_with_person/rgb/1311870495.611710.png","t":[-0.25721976161003113,-0.2060512900352478,0.3740101456642151]},{"R":[[0.5943471789360046,-0.4425099194049835,0.6715180277824402],[0.3824564218521118,0.8900635242462158,0.2480202466249466],[-0.7074450850486755,0.10941624641418457,0.698247492313385]],"file_name":"/home/jonas/Downloads/freiburg/rgbd_dataset_freiburg2_desk_with_person/rgb/1311870496.011625.png","t":[-0.2524535059928894,-0.19471482932567596,0.3660658895969391]},{"R":[[0.6279775500297546,-0.41636109352111816,0.657485842704773],[0.3725644648075104,0.9025834798812866,0.21572859585285187],[-0.6832568645477295,0.10948316752910614,0.7219234704971313]],"file_name":"/home/jonas/Downloads/freiburg/rgbd_dataset_freiburg2_desk_with_person/rgb/1311870496.511618.png","t":[-0.22113680839538574,-0.19672062993049622,0.372618705034256]},{"R":[[0.6356070041656494,-0.41882506012916565,0.6485285758972168],[0.37048253417015076,0.9024762511253357,0.21972563862800598],[-0.6773082613945007,0.10060936212539673,0.7287875413894653]],"file_name":"/home/jonas/Downloads/freiburg/rgbd_dataset_freiburg2_desk_with_person/rgb/1311870496.643485.png","t":[-0.21881724894046783,-0.19479256868362427,0.3713950216770172]},{"R":[[0.7222904562950134,-0.35610437393188477,0.5928626656532288],[0.30830538272857666,0.9331478476524353,0.18488599359989166],[-0.6190672516822815,0.04924136772751808,0.7837927341461182]],"file_name":"/home/jonas/Downloads/freiburg/rgbd_dataset_freiburg2_desk_with_person/rgb/1311870497.579833.png","t":[-0.2641025185585022,-0.1376839131116867,0.30813169479370117]},{"R":[[0.7445311546325684,-0.33541563153266907,0.5772085785865784],[0.2940184473991394,0.9409971237182617,0.16756375133991241],[-0.5993551015853882,0.04495353251695633,0.7992200255393982]],"file_name":"/home/jonas/Downloads/freiburg/rgbd_dataset_freiburg2_desk_with_person/rgb/1311870497.711783.png","t":[-0.2718721330165863,-0.12885960936546326,0.29683661460876465]},{"R":[[0.821910560131073,-0.27386581897735596,0.49946027994155884],[0.25984063744544983,0.9605529308319092,0.09910064190626144],[-0.5068982839584351,0.0483282171189785,0.8606500625610352]],"file_name":"/home/jonas/Downloads/freiburg/rgbd_dataset_freiburg2_desk_with_person/rgb/1311870498.911793.png","t":[-0.22063951194286346,-0.0769258439540863,0.2937967777252197]},{"R":[[0.8292381167411804,-0.2707429826259613,0.48894003033638],[0.25296950340270996,0.9619104266166687,0.1036088839173317],[-0.49836787581443787,0.037770479917526245,0.8661425113677979]],"file_name":"/home/jonas/Downloads/freiburg/rgbd_dataset_freiburg2_desk_with_person/rgb/1311870499.047750.png","t":[-0.21574380993843079,-0.06810735166072845,0.28485679626464844]},{"R":[[0.8345515727996826,-0.2670062482357025,0.4819038212299347],[0.24452905356884003,0.9633494019508362,0.11028797179460526],[-0.4936893582344055,0.025798479095101357,0.8692556023597717]],"file_name":"/home/jonas/Downloads/freiburg/rgbd_dataset_freiburg2_desk_with_person/rgb/1311870499.179917.png","t":[-0.20902256667613983,-0.05938864126801491,0.27901512384414673]},{"R":[[0.8554255962371826,-0.2559426724910736,0.45026707649230957],[0.22045956552028656,0.9666116237640381,0.13061226904392242],[-0.4686626195907593,-0.012463393621146679,0.8832893371582031]],"file_name":"/home/jonas/Downloads/freiburg/rgbd_dataset_freiburg2_desk_with_person/rgb/1311870499.979829.png","t":[-0.1514553725719452,-0.00591608602553606,0.22805511951446533]},{"R":[[0.866741418838501,-0.24913783371448517,0.43207603693008423],[0.218959242105484,0.9684290885925293,0.11917182058095932],[-0.4481252133846283,-0.008684106171131134,0.8939286470413208]],"file_name":"/home/jonas/Downloads/freiburg/rgbd_dataset_freiburg2_desk_with_person/rgb/1311870500.111923.png","t":[-0.14226506650447845,-0.00310009578242898,0.2204667329788208]},{"R":[[0.9813763499259949,-0.12264686822891235,0.1478453129529953],[0.11633483320474625,0.9919180870056152,0.05064339563250542],[-0.15286168456077576,-0.03250066936016083,0.9877130389213562]],"file_name":"/home/jonas/Downloads/freiburg/rgbd_dataset_freiburg2_desk_with_person/rgb/1311870502.247902.png","t":[-0.050665996968746185,0.07787956297397614,0.1515761911869049]},{"R":[[0.9978137016296387,-0.05445049703121185,0.03745570033788681],[0.05403263494372368,0.9984660744667053,0.012080080807209015],[-0.038056012243032455,-0.010029840283095837,0.9992252588272095]],"file_name":"/home/jonas/Downloads/freiburg/rgbd_dataset_freiburg2_desk_with_person/rgb/1311870503.047853.png","t":[0.018936827778816223,0.06585681438446045,0.17300845682621002]},{"R":[[0.9975335597991943,-0.06276495009660721,0.031423043459653854],[0.062287721782922745,0.9979308843612671,0.015943333506584167],[-0.03235870599746704,-0.01394674088805914,0.9993789792060852]],"file_name":"/home/jonas/Downloads/freiburg/rgbd_dataset_freiburg2_desk_with_person/rgb/1311870503.179945.png","t":[0.02988816611468792,0.06572964042425156,0.1741192638874054]},{"R":[[0.9969868659973145,-0.07159378379583359,0.02985791489481926],[0.0712372288107872,0.9973767399787903,0.012840456329286098],[-0.030698886141180992,-0.01067477185279131,0.9994716644287109]],"file_name":"/home/jonas/Downloads/freiburg/rgbd_dataset_freiburg2_desk_with_person/rgb/1311870503.347883.png","t":[0.04300663247704506,0.06436227262020111,0.17224732041358948]},{"R":[[0.9961569905281067,-0.0782380923628807,0.039370905607938766],[0.07669025659561157,0.9962761998176575,0.03940001130104065],[-0.04230687767267227,-0.03622923046350479,0.998447597026825]],"file_name":"/home/jonas/Downloads/freiburg/rgbd_dataset_freiburg2_desk_with_person/rgb/1311870504.312060.png","t":[0.12911416590213776,0.09149996936321259,0.1192498430609703]},{"R":[[0.9964332580566406,-0.08425043523311615,-0.004754452500492334],[0.08434420078992844,0.9961161613464355,0.025270836427807808],[0.0026069078594446182,-0.025581713765859604,0.9996693134307861]],"file_name":"/home/jonas/Downloads/freiburg/rgbd_dataset_freiburg2_desk_with_person/rgb/1311870504.548048.png","t":[0.140670046210289,0.09022247791290283,0.1186320036649704]},{"R":[[0.9970272183418274,-0.07007138431072235,-0.032043151557445526],[0.07065946608781815,0.9973451495170593,0.0176029484719038],[0.030724620446562767,-0.01981477066874504,0.9993314743041992]],"file_name":"/home/jonas/Downloads/freiburg/rgbd_dataset_freiburg2_desk_with_person/rgb/1311870504.680079.png","t":[0.1494123935699463,0.08299998193979263,0.12177357077598572]},{"R":[[0.984684944152832,0.0023709151428192854,-0.17432714998722076],[0.0029035320039838552,0.9995458126068115,0.029994770884513855],[0.1743190884590149,-0.030041562393307686,0.9842308759689331]],"file_name":"/home/jonas/Downloads/freiburg/rgbd_dataset_freiburg2_desk_with_person/rgb/1311870506.748348.png","t":[0.277590274810791,0.007794375065714121,0.11939018219709396]},{"R":[[0.9845855236053467,0.009330617263913155,-0.17465463280677795],[-0.00703904964029789,0.9998809099197388,0.013735448941588402],[0.17476199567317963,-0.012294321320950985,0.984533965587616]],"file_name":"/home/jonas/Downloads/freiburg/rgbd_dataset_freiburg2_desk_with_person/rgb/1311870506.948074.png","t":[0.2914060056209564,-0.006116670556366444,0.11948437988758087]},{"R":[[0.9808053374290466,0.03787333518266678,-0.1912759393453598],[-0.0384000688791275,0.9992619752883911,0.0009535374119877815],[0.19117088615894318,0.006409775000065565,0.9815358519554138]],"file_name":"/home/jonas/Downloads/freiburg/rgbd_dataset_freiburg2_desk_with_person/rgb/1311870507.148230.png","t":[0.3065280318260193,-0.023401005193591118,0.12950092554092407]},{"R":[[0.9791971445083618,0.05157356709241867,-0.19624751806259155],[-0.050589628517627716,0.9986692070960999,0.010026685893535614],[0.19650346040725708,0.0001099867804441601,0.9805031418800354]],"file_name":"/home/jonas/Downloads/freiburg/rgbd_dataset_freiburg2_desk_with_person/rgb/1311870507.248294.png","t":[0.3128996789455414,-0.03030841238796711,0.13460159301757813]},{"R":[[0.8865818381309509,0.12499406188726425,-0.44536399841308594],[-0.14832475781440735,0.9887791872024536,-0.017761891707777977],[0.43814653158187866,0.08180587738752365,0.8951734304428101]],"file_name":"/home/jonas/Downloads/freiburg/rgbd_dataset_freiburg2_desk_with_person/rgb/1311870509.417033.png","t":[0.35006648302078247,-0.1294553130865097,0.21056009829044342]},{"R":[[0.8822364807128906,0.14233118295669556,-0.4487767815589905],[-0.16218404471874237,0.9867429733276367,-0.005883494857698679],[0.441989928483963,0.0779750645160675,0.8936245441436768]],"file_name":"/home/jonas/Downloads/freiburg/rgbd_dataset_freiburg2_desk_with_person/rgb/1311870509.548536.png","t":[0.35497555136680603,-0.1387052983045578,0.22375844419002533]},{"R":[[0.8709976673126221,0.1379205882549286,-0.4715304672718048],[-0.1618979126214981,0.9867523908615112,-0.010432499460875988],[0.4638449549674988,0.08542647957801819,0.8817880749702454]],"file_name":"/home/jonas/Downloads/freiburg/rgbd_dataset_freiburg2_desk_with_person/rgb/1311870510.180473.png","t":[0.3781653344631195,-0.15203000605106354,0.26125088334083557]},{"R":[[0.798115611076355,0.20916913449764252,-0.5650307536125183],[-0.2466658502817154,0.9690456986427307,0.010311977937817574],[0.5496975779533386,0.13114364445209503,0.8250054121017456]],"file_name":"/home/jonas/Downloads/freiburg/rgbd_dataset_freiburg2_desk_with_person/rgb/1311870511.616618.png","t":[0.3849867880344391,-0.17954660952091217,0.2759952247142792]},{"R":[[0.4946642816066742,0.38132229447364807,-0.780961275100708],[-0.456390917301178,0.8787017464637756,0.13996633887290955],[0.7396043539047241,0.28718727827072144,0.6086944341659546]],"file_name":"/home/jonas/Downloads/freiburg/rgbd_dataset_freiburg2_desk_with_person/rgb/1311870514.580866.png","t":[0.3635191023349762,-0.31086772680282593,0.39450639486312866]},{"R":[[0.4749223291873932,0.3865979313850403,-0.7905636429786682],[-0.46554991602897644,0.8727119565010071,0.14709578454494476],[0.7468011975288391,0.2981877624988556,0.5944510102272034]],"file_name":"/home/jonas/Downloads/freiburg/rgbd_dataset_freiburg2_desk_with_person/rgb/1311870514.716874.png","t":[0.3591514825820923,-0.31961023807525635,0.4023687541484833]},{"R":[[0.4499320983886719,0.39747220277786255,-0.7997355461120605],[-0.4756068289279938,0.8645882606506348,0.16212739050388336],[0.7558830976486206,0.30741336941719055,0.5780465006828308]],"file_name":"/home/jonas/Downloads/freiburg/rgbd_dataset_freiburg2_desk_with_person/rgb/1311870515.249086.png","t":[0.3821116089820862,-0.3196977972984314,0.3912220001220703]},{"R":[[0.27939730882644653,0.4274848401546478,-0.8597638607025146],[-0.5154410004615784,0.8222423195838928,0.24132589995861053],[0.810097336769104,0.3757317066192627,0.4500754773616791]],"file_name":"/home/jonas/Downloads/freiburg/rgbd_dataset_freiburg2_desk_with_person/rgb/1311870516.980822.png","t":[0.39657968282699585,-0.3678308129310608,0.47835773229599]},{"R":[[0.27849724888801575,0.4229561686515808,-0.8622919321060181],[-0.5103520750999451,0.8257397413253784,0.24019715189933777],[0.8136215806007385,0.3731782138347626,0.4458228051662445]],"file_name":"/home/jonas/Downloads/freiburg/rgbd_dataset_freiburg2_desk_with_person/rgb/1311870517.080915.png","t":[0.4003787338733673,-0.36447951197624207,0.48339080810546875]},{"R":[[0.28482508659362793,0.4321210980415344,-0.855655312538147],[-0.5120883584022522,0.8231735825538635,0.24525654315948486],[0.8103333711624146,0.3683159053325653,0.4557446837425232]],"file_name":"/home/jonas/Downloads/freiburg/rgbd_dataset_freiburg2_desk_with_person/rgb/1311870517.417034.png","t":[0.4214889705181122,-0.36461812257766724,0.47217321395874023]},{"R":[[-0.10203167796134949,0.46759599447250366,-0.8780338764190674],[-0.5477922558784485,0.7103525400161743,0.44195351004600525],[0.8303692936897278,0.5260734558105469,0.18366701900959015]],"file_name":"/home/jonas/Downloads/freiburg/rgbd_dataset_freiburg2_desk_with_person/rgb/1311870523.787662.png","t":[0.34766626358032227,-0.5197157263755798,0.6907293200492859]},{"R":[[-0.13863812386989594,0.47084543108940125,-0.8712543249130249],[-0.5178989768028259,0.7153976559638977,0.4690275490283966],[0.8441327810287476,0.5162467956542969,0.14466896653175354]],"file_name":"/home/jonas/Downloads/freiburg/rgbd_dataset_freiburg2_desk_with_person/rgb/1311870526.753642.png","t":[0.36896947026252747,-0.5089407563209534,0.7415920495986938]},{"R":[[-0.13792531192302704,0.4687187671661377,-0.8725132346153259],[-0.5147615671157837,0.7186845541000366,0.4674537777900696],[0.8461661338806152,0.5136099457740784,0.14215360581874847]],"file_name":"/home/jonas/Downloads/freiburg/rgbd_dataset_freiburg2_desk_with_person/rgb/1311870526.953584.png","t":[0.37487855553627014,-0.5081274509429932,0.751582145690918]},{"R":[[-0.1397615522146225,0.4729177951812744,-0.8699514269828796],[-0.5122581124305725,0.717336118221283,0.47225049138069153],[0.8473832011222839,0.5116421580314636,0.1419999748468399]],"file_name":"/home/jonas/Downloads/freiburg/rgbd_dataset_freiburg2_desk_with_person/rgb/1311870527.153611.png","t":[0.37764406204223633,-0.5117070078849792,0.7578033208847046]},{"R":[[-0.15381060540676117,0.4745350778102875,-0.8666941523551941],[-0.5191171765327454,0.707521378993988,0.4795110821723938],[0.8407494425773621,0.5236697196960449,0.13751502335071564]],"file_name":"/home/jonas/Downloads/freiburg/rgbd_dataset_freiburg2_desk_with_person/rgb/1311870527.885426.png","t":[0.37134847044944763,-0.5325528383255005,0.7702374458312988]},{"R":[[-0.14821605384349823,0.4603460133075714,-0.8752791285514832],[-0.5205944180488586,0.716183066368103,0.46482598781585693],[0.8408408761024475,0.5245601534843445,0.1335037499666214]],"file_name":"/home/jonas/Downloads/freiburg/rgbd_dataset_freiburg2_desk_with_person/rgb/1311870528.285502.png","t":[0.36676594614982605,-0.5267175436019897,0.7759847044944763]},{"R":[[-0.14286282658576965,0.46010497212409973,-0.8762953877449036],[-0.5153356790542603,0.721314549446106,0.46274662017822266],[0.8449966311454773,0.5176955461502075,0.13405947387218475]],"file_name":"/home/jonas/Downloads/freiburg/rgbd_dataset_freiburg2_desk_with_person/rgb/1311870528.517605.png","t":[0.358591765165329,-0.5196356773376465,0.7752174139022827]},{"R":[[-0.11299668252468109,0.45175701379776,-0.8849561214447021],[-0.5131286978721619,0.7361629009246826,0.4413197338581085],[0.8508411645889282,0.5039640665054321,0.14862552285194397]],"file_name":"/home/jonas/Downloads/freiburg/rgbd_dataset_freiburg2_desk_with_person/rgb/1311870528.785670.png","t":[0.36313048005104065,-0.5037717819213867,0.768305778503418]},{"R":[[0.019009685143828392,0.4436526894569397,-0.895997166633606],[-0.5291531085968018,0.7648255228996277,0.3674764633178711],[0.8483133912086487,0.4671340882778168,0.2492993026971817]],"file_name":"/home/jonas/Downloads/freiburg/rgbd_dataset_freiburg2_desk_with_person/rgb/1311870529.353620.png","t":[0.4288842976093292,-0.4829612374305725,0.7157202959060669]},{"R":[[0.06187039613723755,0.4318094551563263,-0.8998403549194336],[-0.5320183038711548,0.7770757675170898,0.3363179564476013],[0.844469428062439,0.45792341232299805,0.2778085172176361]],"file_name":"/home/jonas/Downloads/freiburg/rgbd_dataset_freiburg2_desk_with_person/rgb/1311870529.717693.png","t":[0.44575589895248413,-0.47284984588623047,0.6983223557472229]},{"R":[[0.020545335486531258,0.4501176178455353,-0.8927329182624817],[-0.5319730043411255,0.7609499096870422,0.37142959237098694],[0.8465120196342468,0.4672786593437195,0.25508439540863037]],"file_name":"/home/jonas/Downloads/freiburg/rgbd_dataset_freiburg2_desk_with_person/rgb/1311870530.385850.png","t":[0.4102029800415039,-0.48402830958366394,0.7099040150642395]},{"R":[[0.06479621678590775,0.4524300992488861,-0.8894428014755249],[-0.5272359251976013,0.7722744941711426,0.3544211685657501],[0.8472447991371155,0.4459810256958008,0.2885778546333313]],"file_name":"/home/jonas/Downloads/freiburg/rgbd_dataset_freiburg2_desk_with_person/rgb/1311870530.853579.png","t":[0.42866647243499756,-0.46762615442276,0.6906010508537292]},{"R":[[0.1467345505952835,0.43231895565986633,-0.889701783657074],[-0.5164305567741394,0.8006073832511902,0.3038541078567505],[0.8436636924743652,0.4148832857608795,0.34073948860168457]],"file_name":"/home/jonas/Downloads/freiburg/rgbd_dataset_freiburg2_desk_with_person/rgb/1311870531.385755.png","t":[0.4423615336418152,-0.4360573887825012,0.662462592124939]},{"R":[[0.16663333773612976,0.4364786446094513,-0.8841491341590881],[-0.5212565660476685,0.8001387119293213,0.2967652678489685],[0.8369736671447754,0.41141754388809204,0.360847145318985]],"file_name":"/home/jonas/Downloads/freiburg/rgbd_dataset_freiburg2_desk_with_person/rgb/1311870531.517943.png","t":[0.44601693749427795,-0.44066521525382996,0.649949848651886]},{"R":[[0.205726757645607,0.46104153990745544,-0.8632017374038696],[-0.5593509674072266,0.7791789770126343,0.2828544080257416],[0.8029962778091431,0.42464199662208557,0.41818198561668396]],"file_name":"/home/jonas/Downloads/freiburg/rgbd_dataset_freiburg2_desk_with_person/rgb/1311870532.317766.png","t":[0.4437706768512726,-0.47603386640548706,0.5994299054145813]},{"R":[[0.2997829020023346,0.43485185503959656,-0.8491372466087341],[-0.5122008323669434,0.824275016784668,0.24129018187522888],[0.8048481345176697,0.3625941574573517,0.4698350727558136]],"file_name":"/home/jonas/Downloads/freiburg/rgbd_dataset_freiburg2_desk_with_person/rgb/1311870533.517844.png","t":[0.4505228102207184,-0.3985370993614197,0.5637291669845581]},{"R":[[0.331106573343277,0.4304267466068268,-0.8397030830383301],[-0.5078045725822449,0.8313268423080444,0.22589872777462006],[0.7953005433082581,0.3516085147857666,0.49383044242858887]],"file_name":"/home/jonas/Downloads/freiburg/rgbd_dataset_freiburg2_desk_with_person/rgb/1311870533.685836.png","t":[0.45797187089920044,-0.3885838985443115,0.5491177439689636]},{"R":[[0.3589034080505371,0.4200934171676636,-0.8334925770759583],[-0.5060464143753052,0.8379303216934204,0.2044256329536438],[0.7842865586280823,0.34841683506965637,0.5133228302001953]],"file_name":"/home/jonas/Downloads/freiburg/rgbd_dataset_freiburg2_desk_with_person/rgb/1311870533.854024.png","t":[0.46337199211120605,-0.38336658477783203,0.5372487306594849]},{"R":[[0.36270883679389954,0.4276796281337738,-0.8279688954353333],[-0.5043833255767822,0.8371812701225281,0.2114827036857605],[0.7836068868637085,0.3409070372581482,0.519367516040802]],"file_name":"/home/jonas/Downloads/freiburg/rgbd_dataset_freiburg2_desk_with_person/rgb/1311870534.386175.png","t":[0.44001901149749756,-0.3859124481678009,0.5388467907905579]},{"R":[[0.5179747343063354,0.39742228388786316,-0.7574679255485535],[-0.46438178420066833,0.8743112683296204,0.14117132127285004],[0.7183673977851868,0.2786311209201813,0.6374268531799316]],"file_name":"/home/jonas/Downloads/freiburg/rgbd_dataset_freiburg2_desk_with_person/rgb/1311870536.122071.png","t":[0.4859192371368408,-0.32735776901245117,0.4663141965866089]},{"R":[[0.47331249713897705,0.4149191081523895,-0.777056872844696],[-0.4979075491428375,0.8537046909332275,0.152566060423851],[0.7266796827316284,0.31469106674194336,0.6106604337692261]],"file_name":"/home/jonas/Downloads/freiburg/rgbd_dataset_freiburg2_desk_with_person/rgb/1311870537.086400.png","t":[0.4091816842556,-0.35108333826065063,0.4655243754386902]},{"R":[[0.6363816261291504,0.3735898733139038,-0.6748695969581604],[-0.46131813526153564,0.8855166435241699,0.05518939718604088],[0.6182264685630798,0.2762080729007721,0.7358703017234802]],"file_name":"/home/jonas/Downloads/freiburg/rgbd_dataset_freiburg2_desk_with_person/rgb/1311870538.186414.png","t":[0.4282095730304718,-0.329214870929718,0.38849368691444397]},{"R":[[0.6452283263206482,0.3941372334957123,-0.6544740200042725],[-0.4786979854106903,0.8762087821960449,0.055734869092702866],[0.5954231023788452,