[{"R":[[1.0,0.0,0.0],[0.0,1.0,0.0],[0.0,0.0,1.0]],"file_name":"/home/jonas/Downloads/freiburg/rgbd_dataset_freiburg2_360_hemisphere//rgb/1311874903.322796.png","t":[0.0,0.0,0.0]},{"R":[[0.9999903440475464,-0.0012777766678482294,0.004203689284622669],[0.0012663371162489057,0.9999954700469971,0.0027228521648794413],[-0.004207149613648653,-0.00271750264801085,0.9999874830245972]],"file_name":"/home/jonas/Downloads/freiburg/rgbd_dataset_freiburg2_360_hemisphere//rgb/1311874903.354768.png","t":[-0.010332864709198475,0.0020030851010233164,-0.0021255514584481716]},{"R":[[0.9999887347221375,-0.003554602852091193,0.003146110102534294],[0.003539368975907564,0.9999820590019226,0.00483445730060339],[-0.0031632380560040474,-0.004823267459869385,0.9999833703041077]],"file_name":"/home/jonas/Downloads/freiburg/rgbd_dataset_freiburg2_360_hemisphere//rgb/1311874903.386636.png","t":[-0.0065927025862038136,-0.0008608186617493629,-0.0033389194868505]},{"R":[[0.9999989867210388,-0.0003695286577567458,0.0013710238272324204],[0.0003614629677031189,0.9999826550483704,0.005878568161278963],[-0.0013731722719967365,-0.005878066644072533,0.9999817609786987]],"file_name":"/home/jonas/Downloads/freiburg/rgbd_dataset_freiburg2_360_hemisphere//rgb/1311874903.422796.png","t":[0.01141995657235384,-0.007771964650601149,-0.002776523120701313]},{"R":[[0.999972403049469,0.002524713519960642,0.006986652500927448],[-0.002554139355197549,0.9999879002571106,0.004206030163913965],[-0.006975948810577393,-0.004223759286105633,0.9999667406082153]],"file_name":"/home/jonas/Downloads/freiburg/rgbd_dataset_freiburg2_360_hemisphere//rgb/1311874903.454798.png","t":[0.0029457719065248966,-0.008501878008246422,-0.006536322180181742]},{"R":[[0.9999610781669617,0.003413553349673748,0.008135555312037468],[-0.0034347984474152327,0.999990701675415,0.0025988598354160786],[-0.008126608096063137,-0.002626702655106783,0.9999635219573975]],"file_name":"/home/jonas/Downloads/freiburg/rgbd_dataset_freiburg2_360_hemisphere//rgb/1311874903.486694.png","t":[0.005861110985279083,-0.011353237554430962,-0.012800642289221287]},{"R":[[0.9999682307243347,0.0024277176707983017,0.007591411471366882],[-0.002437568735331297,0.9999961853027344,0.0012886790791526437],[-0.0075882538221776485,-0.0013071427820250392,0.9999703764915466]],"file_name":"/home/jonas/Downloads/freiburg/rgbd_dataset_freiburg2_360_hemisphere//rgb/1311874903.522779.png","t":[0.002798114437609911,-0.004923959728330374,-0.019456516951322556]},{"R":[[0.9999740719795227,0.0008384902030229568,0.00715559022501111],[-0.000858438026625663,0.999995768070221,0.002785111078992486],[-0.007153224665671587,-0.0027911814395338297,0.9999704957008362]],"file_name":"/home/jonas/Downloads/freiburg/rgbd_dataset_freiburg2_360_hemisphere//rgb/1311874903.586730.png","t":[0.0007270854548551142,-0.012725274078547955,-0.02791604772210121]},{"R":[[0.9999850392341614,0.0010769156506285071,0.005364567972719669],[-0.0010858775349333882,0.9999980330467224,0.0016679373802617192],[-0.005362761206924915,-0.0016737376572564244,0.9999842047691345]],"file_name":"/home/jonas/Downloads/freiburg/rgbd_dataset_freiburg2_360_hemisphere//rgb/1311874903.622735.png","t":[0.0030424424912780523,-0.0107602309435606,-0.03607966750860214]},{"R":[[0.9999601244926453,0.007195793092250824,0.0052915154956281185],[-0.007191132288426161,0.999973714351654,-0.0008993697701953351],[-0.005297848489135504,0.0008612819365225732,0.9999855756759644]],"file_name":"/home/jonas/Downloads/freiburg/rgbd_dataset_freiburg2_360_hemisphere//rgb/1311874903.686778.png","t":[0.005667398683726788,-0.01447406504303217,-0.04694780707359314]},{"R":[[0.9999297857284546,0.008126593194901943,0.008623084053397179],[-0.008105791173875332,0.99996417760849,-0.002444561803713441],[-0.008642641827464104,0.002374493284150958,0.9999598264694214]],"file_name":"/home/jonas/Downloads/freiburg/rgbd_dataset_freiburg2_360_hemisphere//rgb/1311874903.722804.png","t":[0.006308761425316334,-0.00966608989983797,-0.058936957269907]},{"R":[[0.9998592138290405,0.007824547588825226,0.014843897894024849],[-0.007849247194826603,0.9999679327011108,0.0016064295778051019],[-0.014830851927399635,-0.001722716842778027,0.99988853931427]],"file_name":"/home/jonas/Downloads/freiburg/rgbd_dataset_freiburg2_360_hemisphere//rgb/1311874903.786751.png","t":[0.007433943450450897,-0.011846203356981277,-0.08384399116039276]},{"R":[[0.999701201915741,0.010861792601644993,0.021896911785006523],[-0.010921970009803772,0.9999368786811829,0.0026304754428565502],[-0.02186695858836174,-0.0028688469901680946,0.9997567534446716]],"file_name":"/home/jonas/Downloads/freiburg/rgbd_dataset_freiburg2_360_hemisphere//rgb/1311874903.822840.png","t":[0.005479417275637388,-0.008012775331735611,-0.08829054236412048]},{"R":[[0.9993868470191956,0.015964854508638382,0.031161628663539886],[-0.01620117761194706,0.9998417496681213,0.007346074562519789],[-0.031039418652653694,-0.007846425287425518,0.9994873404502869]],"file_name":"/home/jonas/Downloads/freiburg/rgbd_dataset_freiburg2_360_hemisphere//rgb/1311874903.886829.png","t":[-0.0014541554264724255,-0.023991035297513008,-0.11511769145727158]},{"R":[[0.9992169141769409,0.018556855618953705,0.03494618833065033],[-0.018775640055537224,0.9998060464859009,0.005942816846072674],[-0.03482912853360176,-0.006594299804419279,0.9993715286254883]],"file_name":"/home/jonas/Downloads/freiburg/rgbd_dataset_freiburg2_360_hemisphere//rgb/1311874903.922754.png","t":[-0.005277605727314949,-0.020165393128991127,-0.12961876392364502]},{"R":[[0.9989625215530396,0.02178739383816719,0.03998938202857971],[-0.021978190168738365,0.9997490644454956,0.004337703343480825],[-0.039884839206933975,-0.005212097428739071,0.9991906881332397]],"file_name":"/home/jonas/Downloads/freiburg/rgbd_dataset_freiburg2_360_hemisphere//rgb/1311874903.954826.png","t":[-0.017432095482945442,-0.010027332231402397,-0.13936425745487213]},{"R":[[0.9986829161643982,0.024856053292751312,0.04488429054617882],[-0.025272542610764503,0.9996424317359924,0.008735607378184795],[-0.04465110972523689,-0.009858441539108753,0.9989539980888367]],"file_name":"/home/jonas/Downloads/freiburg/rgbd_dataset_freiburg2_360_hemisphere//rgb/1311874903.986809.png","t":[-0.016264932230114937,-0.01356024481356144,-0.1572159230709076]},{"R":[[0.9983200430870056,0.02481125481426716,0.052358776330947876],[-0.0255182683467865,0.9995914101600647,0.01287811528891325],[-0.05201786011457443,-0.01419258676469326,0.9985452890396118]],"file_name":"/home/jonas/Downloads/freiburg/rgbd_dataset_freiburg2_360_hemisphere//rgb/1311874904.022931.png","t":[-0.01631791889667511,-0.015494725666940212,-0.17101942002773285]},{"R":[[0.9976695775985718,0.021580416709184647,0.06472750008106232],[-0.0226324200630188,0.9996227025985718,0.015563762746751308],[-0.06436721235513687,-0.01699243299663067,0.9977815747261047]],"file_name":"/home/jonas/Downloads/freiburg/rgbd_dataset_freiburg2_360_hemisphere//rgb/1311874904.086775.png","t":[-0.027118626981973648,-0.026251472532749176,-0.19743148982524872]},{"R":[[0.9971678853034973,0.024397538974881172,0.071140356361866],[-0.02545102871954441,0.9995788931846619,0.01393983606249094],[-0.07077030092477798,-0.015710951760411263,0.9973689317703247]],"file_name":"/home/jonas/Downloads/freiburg/rgbd_dataset_freiburg2_360_hemisphere//rgb/1311874904.122757.png","t":[-0.029199102893471718,-0.024702444672584534,-0.20328471064567566]},{"R":[[0.9964196681976318,0.025131763890385628,0.08072342723608017],[-0.026281528174877167,0.9995672702789307,0.013212308287620544],[-0.08035644888877869,-0.015286538749933243,0.9966489672660828]],"file_name":"/home/jonas/Downloads/freiburg/rgbd_dataset_freiburg2_360_hemisphere//rgb/1311874904.154805.png","t":[-0.026063714176416397,-0.024799568578600883,-0.22154754400253296]},{"R":[[0.9953948855400085,0.023786965757608414,0.09286125749349594],[-0.02545992285013199,0.999533474445343,0.016872594133019447],[-0.09241658449172974,-0.01915913261473179,0.9955360889434814]],"file_name":"/home/jonas/Downloads/freiburg/rgbd_dataset_freiburg2_360_hemisphere//rgb/1311874904.186715.png","t":[-0.025933856144547462,-0.040440987795591354,-0.23917357623577118]},{"R":[[0.9926342368125916,0.01970571279525757,0.11953666806221008],[-0.02158341556787491,0.9996628761291504,0.014433803968131542],[-0.11921193450689316,-0.016907498240470886,0.9927248358726501]],"file_name":"/home/jonas/Downloads/freiburg/rgbd_dataset_freiburg2_360_hemisphere//rgb/1311874904.254790.png","t":[-0.04283224046230316,-0.03635401651263237,-0.2540772557258606]},{"R":[[0.9920149445533752,0.01772698014974594,0.12486822158098221],[-0.018971774727106094,0.9997814297676086,0.008786703459918499],[-0.12468516081571579,-0.011085513047873974,0.9921344518661499]],"file_name":"/home/jonas/Downloads/freiburg/rgbd_dataset_freiburg2_360_hemisphere//rgb/1311874904.286802.png","t":[-0.01792233996093273,-0.018440324813127518,-0.28807854652404785]},{"R":[[0.9905462265014648,0.018960226327180862,0.13586284220218658],[-0.01988130994141102,0.9997876286506653,0.0054257470183074474],[-0.13573111593723297,-0.008075584657490253,0.9907128214836121]],"file_name":"/home/jonas/Downloads/freiburg/rgbd_dataset_freiburg2_360_hemisphere//rgb/1311874904.322792.png","t":[-0.02812410518527031,-0.019930962473154068,-0.29862505197525024]},{"R":[[0.9891432523727417,0.01998312398791313,0.14558947086334229],[-0.020478203892707825,0.9997884631156921,0.0019024775829166174],[-0.1455206722021103,-0.004863233771175146,0.9893432855606079]],"file_name":"/home/jonas/Downloads/freiburg/rgbd_dataset_freiburg2_360_hemisphere//rgb/1311874904.354806.png","t":[-0.031717829406261444,-0.01600675657391548,-0.30907341837882996]},{"R":[[0.9877765774726868,0.019508427008986473,0.15465061366558075],[-0.019759759306907654,0.9998047351837158,8.800702198641375e-05],[-0.15461871027946472,-0.0031427901703864336,0.9879692196846008]],"file_name":"/home/jonas/Downloads/freiburg/rgbd_dataset_freiburg2_360_hemisphere//rgb/1311874904.386740.png","t":[-0.03927244991064072,-0.018135033547878265,-0.32422351837158203]},{"R":[[0.9847341179847717,0.019347289577126503,0.17298679053783417],[-0.01925014704465866,0.9998121857643127,-0.002239361871033907],[-0.1729976236820221,-0.0011248451191931963,0.9849215745925903]],"file_name":"/home/jonas/Downloads/freiburg/rgbd_dataset_freiburg2_360_hemisphere//rgb/1311874904.454836.png","t":[-0.048621151596307755,-0.00953279435634613,-0.34214723110198975]},{"R":[[0.9835333824157715,0.015340018086135387,0.18007439374923706],[-0.015438509173691273,0.9998804330825806,-0.0008546230965293944],[-0.18006597459316254,-0.001939529669471085,0.983652651309967]],"file_name":"/home/jonas/Downloads/freiburg/rgbd_dataset_freiburg2_360_hemisphere//rgb/1311874904.486793.png","t":[-0.05416000261902809,-0.018675686791539192,-0.35142195224761963]},{"R":[[0.9820012450218201,0.010515927337110043,0.18858158588409424],[-0.010067697614431381,0.999943733215332,-0.003334598382934928],[-0.18860605359077454,0.001375997206196189,0.9820518493652344]],"file_name":"/home/jonas/Downloads/freiburg/rgbd_dataset_freiburg2_360_hemisphere//rgb/1311874904.554748.png","t":[-0.053821127861738205,-0.010993989184498787,-0.36980873346328735]},{"R":[[0.9788323044776917,0.014688954688608646,0.20413610339164734],[-0.014864258468151093,0.9998893141746521,-0.0006746104918420315],[-0.20412340760231018,-0.0023740010801702738,0.9789422750473022]],"file_name":"/home/jonas/Downloads/freiburg/rgbd_dataset_freiburg2_360_hemisphere//rgb/1311874904.586765.png","t":[-0.1060783863067627,-0.03695946931838989,-0.33862757682800293]},{"R":[[0.9754819273948669,0.024755308404564857,0.21868278086185455],[-0.023119984194636345,0.9996823668479919,-0.010034248232841492],[-0.21886171400547028,0.004732285626232624,0.9757444262504578]],"file_name":"/home/jonas/Downloads/freiburg/rgbd_dataset_freiburg2_360_hemisphere//rgb/1311874904.654811.png","t":[-0.10798380523920059,-0.043921858072280884,-0.35073357820510864]},{"R":[[0.9736596941947937,0.027517754584550858,0.2263393998146057],[-0.024025868624448776,0.999546229839325,-0.01816849783062935],[-0.2267366498708725,0.01225193403661251,0.9738790392875671]],"file_name":"/home/jonas/Downloads/freiburg/rgbd_dataset_freiburg2_360_hemisphere//rgb/1311874904.686997.png","t":[-0.1090492457151413,-0.044793833047151566,-0.3597542345523834]},{"R":[[0.9726070761680603,0.024793190881609917,0.23112934827804565],[-0.019619226455688477,0.9995034337043762,-0.024657538160681725],[-0.23162591457366943,0.01944751664996147,0.9726105332374573]],"file_name":"/home/jonas/Downloads/freiburg/rgbd_dataset_freiburg2_360_hemisphere//rgb/1311874904.722712.png","t":[-0.11544854938983917,-0.036277804523706436,-0.3714519143104553]},{"R":[[0.9723098874092102,0.018012601882219315,0.23300011456012726],[-0.012221363373100758,0.9995800256729126,-0.0262750294059515],[-0.23337554931640625,0.022699890658259392,0.9721216559410095]],"file_name":"/home/jonas/Downloads/freiburg/rgbd_dataset_freiburg2_360_hemisphere//rgb/1311874904.754754.png","t":[-0.11463223397731781,-0.025697413831949234,-0.3869175612926483]},{"R":[[0.9717077016830444,0.009277059696614742,0.23600441217422485],[-0.004055574536323547,0.9997363686561584,-0.022600341588258743],[-0.23615185916423798,0.02100379392504692,0.9714891314506531]],"file_name":"/home/jonas/Downloads/freiburg/rgbd_dataset_freiburg2_360_hemisphere//rgb/1311874904.786764.png","t":[-0.1120351254940033,-0.029684199020266533,-0.39421528577804565]},{"R":[[0.9710235595703125,0.0023537571541965008,0.2389722317457199],[0.002429319778457284,0.9998025894165039,-0.01971868984401226],[-0.23897147178649902,0.019727852195501328,0.9708261489868164]],"file_name":"/home/jonas/Downloads/freiburg/rgbd_dataset_freiburg2_360_hemisphere//rgb/1311874904.822823.png","t":[-0.10127216577529907,-0.03665982931852341,-0.40260666608810425]},{"R":[[0.9697973728179932,0.004670996218919754,0.2438671588897705],[0.0005586941260844469,0.9997714757919312,-0.02137126214802265],[-0.2439112365245819,0.020862042903900146,0.9695731401443481]],"file_name":"/home/jonas/Downloads/freiburg/rgbd_dataset_freiburg2_360_hemisphere//rgb/1311874904.854741.png","t":[-0.0952702984213829,-0.04562171921133995,-0.3995843827724457]},{"R":[[0.9675025343894958,0.010942468419671059,0.2526244521141052],[-0.004835222382098436,0.9996811747550964,-0.024783387780189514],[-0.2528150975704193,0.02275649644434452,0.967246949672699]],"file_name":"/home/jonas/Downloads/freiburg/rgbd_dataset_freiburg2_360_hemisphere//rgb/1311874904.886735.png","t":[-0.09478504210710526,-0.07067583501338959,-0.3830881416797638]},{"R":[[0.9654130935668945,0.012122833169996738,0.26044318079948425],[-0.0039911591447889805,0.9994885325431824,-0.03172867000102997],[-0.26069462299346924,0.02959180437028408,0.964967668056488]],"file_name":"/home/jonas/Downloads/freiburg/rgbd_dataset_freiburg2_360_hemisphere//rgb/1311874904.922775.png","t":[-0.09656230360269547,-0.060361143201589584,-0.39481472969055176]},{"R":[[0.9641094207763672,0.00858745351433754,0.26536625623703003],[0.00021078140707686543,0.999451756477356,-0.03310881182551384],[-0.2655050754547119,0.031976453959941864,0.9635790586471558]],"file_name":"/home/jonas/Downloads/freiburg/rgbd_dataset_freiburg2_360_hemisphere//rgb/1311874904.954797.png","t":[-0.09974674880504608,-0.05622740089893341,-0.40182197093963623]},{"R":[[0.9638136625289917,0.004446374252438545,0.2665397524833679],[0.004884439520537853,0.9993984699249268,-0.03433404862880707],[-0.2665320932865143,0.03439352288842201,0.9632121920585632]],"file_name":"/home/jonas/Downloads/freiburg/rgbd_dataset_freiburg2_360_hemisphere//rgb/1311874904.986823.png","t":[-0.09089760482311249,-0.0435166135430336,-0.41437095403671265]},{"R":[[0.9630551934242249,-7.847052074794192e-06,0.2693040072917938],[0.00815383531153202,0.9995423555374146,-0.029129719361662865],[-0.2691805362701416,0.03024938888847828,0.9626145958900452]],"file_name":"/home/jonas/Downloads/freiburg/rgbd_dataset_freiburg2_360_hemisphere//rgb/1311874905.022730.png","t":[-0.08477774262428284,-0.05004958063364029,-0.4254564344882965]},{"R":[[0.9620496034622192,-0.005494363140314817,0.2728193402290344],[0.013071846216917038,0.9995774030685425,-0.0259648859500885],[-0.27256137132644653,0.028545761480927467,0.9617148637771606]],"file_name":"/home/jonas/Downloads/freiburg/rgbd_dataset_freiburg2_360_hemisphere//rgb/1311874905.054822.png","t":[-0.08166204392910004,-0.04911470040678978,-0.4285643696784973]},{"R":[[0.9627151489257813,-0.010585612617433071,0.27031007409095764],[0.01775934174656868,0.9995516538619995,-0.024106834083795547],[-0.26993370056152344,0.028008542954921722,0.9624714851379395]],"file_name":"/home/jonas/Downloads/freiburg/rgbd_dataset_freiburg2_360_hemisphere//rgb/1311874905.086601.png","t":[-0.04866604134440422,-0.0497596450150013,-0.4392918348312378]},{"R":[[0.9618304371833801,-0.0010297793196514249,0.27364420890808105],[0.007888101041316986,0.9996817111968994,-0.02396383322775364],[-0.2735324203968048,0.025207677856087685,0.9615324139595032]],"file_name":"/home/jonas/Downloads/freiburg/rgbd_dataset_freiburg2_360_hemisphere//rgb/1311874905.154831.png","t":[-0.027447201311588287,-0.048380300402641296,-0.45173266530036926]},{"R":[[0.9597919583320618,0.007513346616178751,0.28061169385910034],[0.0002630869275890291,0.9996172189712524,-0.027664490044116974],[-0.2807121276855469,0.026625981554389,0.9594225883483887]],"file_name":"/home/jonas/Downloads/freiburg/rgbd_dataset_freiburg2_360_hemisphere//rgb/1311874905.186783.png","t":[-0.026077302172780037,-0.05333628132939339,-0.45369282364845276]},{"R":[[0.9584783315658569,0.008905850350856781,0.28502634167671204],[9.523957851342857e-05,0.9995021820068359,-0.03155042231082916],[-0.2851654291152954,0.030267540365457535,0.9580003023147583]],"file_name":"/home/jonas/Downloads/freiburg/rgbd_dataset_freiburg2_360_hemisphere//rgb/1311874905.222773.png","t":[-0.03052555024623871,-0.036164380609989166,-0.47381460666656494]},{"R":[[0.9586421847343445,0.004513745661824942,0.28457820415496826],[0.003363662399351597,0.9996247291564941,-0.02718620002269745],[-0.2845941483974457,0.027019064873456955,0.9582672715187073]],"file_name":"/home/jonas/Downloads/freiburg/rgbd_dataset_freiburg2_360_hemisphere//rgb/1311874905.254767.png","t":[-0.027627941220998764,-0.03083507902920246,-0.4868505597114563]},{"R":[[0.9606837034225464,-0.0040783328004181385,0.2776150703430176],[0.00933899637311697,0.999800980091095,-0.01762980781495571],[-0.27748793363571167,0.019529316574335098,0.9605306386947632]],"file_name":"/home/jonas/Downloads/freiburg/rgbd_dataset_freiburg2_360_hemisphere//rgb/1311874905.322758.png","t":[-0.010261018760502338,-0.03737877681851387,-0.49534016847610474]},{"R":[[0.9635195136070251,0.0018307262798771262,0.2676319181919098],[0.004491404630243778,0.9997251629829407,-0.02300838939845562],[-0.26760047674179077,0.023371074348688126,0.9632464647293091]],"file_name":"/home/jonas/Downloads/freiburg/rgbd_dataset_freiburg2_360_hemisphere//rgb/1311874905.354727.png","t":[0.0430731326341629,-0.015330706723034382,-0.4920923113822937]},{"R":[[0.9638595581054688,0.014691288582980633,0.26600542664527893],[-0.008151735179126263,0.9996371865272522,-0.02567177079617977],[-0.26628607511520386,0.02257557585835457,0.9636296629905701]],"file_name":"/home/jonas/Downloads/freiburg/rgbd_dataset_freiburg2_360_hemisphere//rgb/1311874905.422766.png","t":[0.06122724339365959,-0.011414154432713985,-0.5061854720115662]},{"R":[[0.9633935689926147,0.015265612863004208,0.267656147480011],[-0.00937240943312645,0.9996849894523621,-0.023281684145331383],[-0.26792725920677185,0.019920840859413147,0.9632331728935242]],"file_name":"/home/jonas/Downloads/freiburg/rgbd_dataset_freiburg2_360_hemisphere//rgb/1311874905.454741.png","t":[0.06568419933319092,-0.015198382548987865,-0.5168133974075317]},{"R":[[0.962887704372406,0.012613918632268906,0.2696073353290558],[-0.007596459239721298,0.999778151512146,-0.01964554190635681],[-0.26979532837867737,0.016868390142917633,0.9627699255943298]],"file_name":"/home/jonas/Downloads/freiburg/rgbd_dataset_freiburg2_360_hemisphere//rgb/1311874905.486804.png","t":[0.06954576075077057,-0.018078329041600227,-0.5262702107429504]},{"R":[[0.9624431133270264,0.011401434428989887,0.2712439298629761],[-0.0071020605973899364,0.9998331665992737,-0.01682693511247635],[-0.27139052748680115,0.014268576167523861,0.9623635411262512]],"file_name":"/home/jonas/Downloads/freiburg/rgbd_dataset_freiburg2_360_hemisphere//rgb/1311874905.522792.png","t":[0.07795049250125885,-0.02098504640161991,-0.529356062412262]},{"R":[[0.9607499241828918,0.012824850156903267,0.27711930871009827],[-0.01045338436961174,0.9998950362205505,-0.010033282451331615],[-0.27721887826919556,0.006742640398442745,0.9607831239700317]],"file_name":"/home/jonas/Downloads/freiburg/rgbd_dataset_freiburg2_360_hemisphere//rgb/1311874905.554773.png","t":[0.06412972509860992,-0.05737169086933136,-0.5268946290016174]},{"R":[[0.9596278071403503,0.013701139949262142,0.2809390127658844],[-0.011639474891126156,0.9998916983604431,-0.009005841799080372],[-0.281031996011734,0.005372273735702038,0.959683358669281]],"file_name":"/home/jonas/Downloads/freiburg/rgbd_dataset_freiburg2_360_hemisphere//rgb/1311874905.586819.png","t":[0.06557369232177734,-0.06203729286789894,-0.53751140832901]},{"R":[[0.9594125151634216,0.013393091969192028,0.28168830275535583],[-0.011345339938998222,0.9998960494995117,-0.008899334818124771],[-0.2817781865596771,0.00534228328615427,0.9594646692276001]],"file_name":"/home/jonas/Downloads/freiburg/rgbd_dataset_freiburg2_360_hemisphere//rgb/1311874905.622767.png","t":[0.07458623498678207,-0.05970749258995056,-0.546440601348877]},{"R":[[0.9586689472198486,0.016575518995523453,0.2840406894683838],[-0.014368535950779915,0.9998482465744019,-0.009851881302893162],[-0.28416088223457336,0.0053634438663721085,0.9587616324424744]],"file_name":"/home/jonas/Downloads/freiburg/rgbd_dataset_freiburg2_360_hemisphere//rgb/1311874905.654770.png","t":[0.078990139067173,-0.06407187879085541,-0.5462310910224915]},{"R":[[0.9574292898178101,0.019379474222660065,0.288016676902771],[-0.016792207956314087,0.9997934103012085,-0.011451139114797115],[-0.28817909955978394,0.0061272201128304005,0.9575569033622742]],"file_name":"/home/jonas/Downloads/freiburg/rgbd_dataset_freiburg2_360_hemisphere//rgb/1311874905.686676.png","t":[0.08321918547153473,-0.060484737157821655,-0.5579874515533447]},{"R":[[0.9555218815803528,0.022058336064219475,0.29409414529800415],[-0.020109469071030617,0.9997512102127075,-0.009649328887462616],[-0.2942338287830353,0.0033060675486922264,0.955727756023407]],"file_name":"/home/jonas/Downloads/freiburg/rgbd_dataset_freiburg2_360_hemisphere//rgb/1311874905.722811.png","t":[0.08592680841684341,-0.06843946874141693,-0.5646621584892273]},{"R":[[0.9531038403511047,0.02180357277393341,0.3018571138381958],[-0.020168734714388847,0.9997602105140686,-0.008532000705599785],[-0.30197077989578247,0.0020438057836145163,0.953315019607544]],"file_name":"/home/jonas/Downloads/freiburg/rgbd_dataset_freiburg2_360_hemisphere//rgb/1311874905.754739.png","t":[0.08647128194570541,-0.07564935088157654,-0.5717281699180603]},{"R":[[0.9488192796707153,0.021065110340714455,0.3151162564754486],[-0.02273215912282467,0.9997403025627136,0.001615507178939879],[-0.31500038504600525,-0.008696096949279308,0.9490516781806946]],"file_name":"/home/jonas/Downloads/freiburg/rgbd_dataset_freiburg2_360_hemisphere//rgb/1311874905.786774.png","t":[0.046358872205019,-0.1475072205066681,-0.5620698928833008]},{"R":[[0.9438411593437195,0.02126772701740265,0.3297143280506134],[-0.02173430286347866,0.9997612237930298,-0.002271418459713459],[-0.32968389987945557,-0.005022252444177866,0.9440780282020569]],"file_name":"/home/jonas/Downloads/freiburg/rgbd_dataset_freiburg2_360_hemisphere//rgb/1311874905.854754.png","t":[0.04658036306500435,-0.1501564085483551,-0.5837950706481934]},{"R":[[0.9414879083633423,0.019076792523264885,0.33650651574134827],[-0.019701741635799408,0.999804675579071,-0.0015575182624161243],[-0.33647048473358154,-0.005163379944860935,0.941679835319519]],"file_name":"/home/jonas/Downloads/freiburg/rgbd_dataset_freiburg2_360_hemisphere//rgb/1311874905.886749.png","t":[0.05185971036553383,-0.14808036386966705,-0.5954740047454834]},{"R":[[0.9383512735366821,0.01684919372200966,0.3452723026275635],[-0.018536509945988655,0.9998269081115723,0.001585644786246121],[-0.3451858162879944,-0.007888034917414188,0.938501238822937]],"file_name":"/home/jonas/Downloads/freiburg/rgbd_dataset_freiburg2_360_hemisphere//rgb/1311874905.922784.png","t":[0.05880831554532051,-0.1550421416759491,-0.6110307574272156]},{"R":[[0.9340474605560303,0.016104476526379585,0.3567855656147003],[-0.018216606229543686,0.9998307824134827,0.0025601519737392664],[-0.35668396949768066,-0.008890725672245026,0.9341828227043152]],"file_name":"/home/jonas/Downloads/freiburg/rgbd_dataset_freiburg2_360_hemisphere//rgb/1311874905.954748.png","t":[0.05014484003186226,-0.15811742842197418,-0.6168174147605896]},{"R":[[0.9305607080459595,0.016669200733304024,0.3657580316066742],[-0.018641337752342224,0.9998245239257813,0.0018608510727062821],[-0.3656628429889679,-0.008549854159355164,0.930708110332489]],"file_name":"/home/jonas/Downloads/freiburg/rgbd_dataset_freiburg2_360_hemisphere//rgb/1311874905.986856.png","t":[0.05312938243150711,-0.15647241473197937,-0.6281390190124512]},{"R":[[0.9256467819213867,0.019550135359168053,0.3778834044933319],[-0.022032078355550766,0.9997547268867493,0.0022456187289208174],[-0.3777468204498291,-0.010404206812381744,0.9258504509925842]],"file_name":"/home/jonas/Downloads/freiburg/rgbd_dataset_freiburg2_360_hemisphere//rgb/1311874906.022767.png","t":[0.04550540819764137,-0.16308490931987762,-0.6391448378562927]},{"R":[[0.921127200126648,0.019447125494480133,0.38877561688423157],[-0.022103488445281982,0.9997528791427612,0.0023607565090060234],[-0.3886336386203766,-0.010767853818833828,0.9213294386863708]],"file_name":"/home/jonas/Downloads/freiburg/rgbd_dataset_freiburg2_360_hemisphere//rgb/1311874906.054696.png","t":[0.041255153715610504,-0.16507555544376373,-0.6507072448730469]},{"R":[[0.9176589250564575,0.01892894133925438,0.39691784977912903],[-0.02206968143582344,0.9997508525848389,0.0033463239669799805],[-0.3967556059360504,-0.01183063443750143,0.9178480505943298]],"file_name":"/home/jonas/Downloads/freiburg/rgbd_dataset_freiburg2_360_hemisphere//rgb/1311874906.086595.png","t":[0.041618891060352325,-0.1615835428237915,-0.6696060299873352]},{"R":[[0.9131562113761902,0.021585965529084206,0.40703776478767395],[-0.025418031960725784,0.9996688961982727,0.004009005147963762],[-0.40681642293930054,-0.014006947167217731,0.9134025573730469]],"file_name":"/home/jonas/Downloads/freiburg/rgbd_dataset_freiburg2_360_hemisphere//rgb/1311874906.122652.png","t":[0.036616504192352295,-0.16635268926620483,-0.6771778464317322]},{"R":[[0.9089900255203247,0.022940618917346,0.41618603467941284],[-0.026584677398204803,0.9996421933174133,0.0029621291905641556],[-0.4159691631793976,-0.013756717555224895,0.9092746376991272]],"file_name":"/home/jonas/Downloads/freiburg/rgbd_dataset_freiburg2_360_hemisphere//rgb/1311874906.154617.png","t":[0.03258388489484787,-0.1668010652065277,-0.6889394521713257]},{"R":[[0.9046592116355896,0.025743277743458748,0.42535755038261414],[-0.02934318780899048,0.9995675683021545,0.001912368112243712],[-0.4251243770122528,-0.014211388304829597,0.9050233960151672]],"file_name":"/home/jonas/Downloads/freiburg/rgbd_dataset_freiburg2_360_hemisphere//rgb/1311874906.186718.png","t":[0.025444310158491135,-0.1652749478816986,-0.7044615745544434]},{"R":[[0.9001210331916809,0.02603648416697979,0.4348612129688263],[-0.030924826860427856,0.9995130300521851,0.004167493432760239],[-0.43454092741012573,-0.017199255526065826,0.9004878401756287]],"file_name":"/home/jonas/Downloads/freiburg/rgbd_dataset_freiburg2_360_hemisphere//rgb/1311874906.222762.png","t":[0.021954523399472237,-0.17160923779010773,-0.7136967182159424]},{"R":[[0.8920654654502869,0.023021718487143517,0.4513193368911743],[-0.03231164813041687,0.9993947744369507,0.012887373566627502],[-0.4507494866847992,-0.026079252362251282,0.8922694325447083]],"file_name":"/home/jonas/Downloads/freiburg/rgbd_dataset_freiburg2_360_hemisphere//rgb/1311874906.254735.png","t":[-0.026754627004265785,-0.22506274282932281,-0.6835165619850159]},{"R":[[0.8879444003105164,0.024398967623710632,0.45930320024490356],[-0.03404863923788071,0.9993389844894409,0.01273768488317728],[-0.45868879556655884,-0.02694900520145893,0.8881882429122925]],"file_name":"/home/jonas/Downloads/freiburg/rgbd_dataset_freiburg2_360_hemisphere//rgb/1311874906.286732.png","t":[-0.03024769015610218,-0.23100845515727997,-0.6913424730300903]},{"R":[[0.8822656273841858,0.027397630736231804,0.4699539244174957],[-0.036133330315351486,0.9993010759353638,0.009576928801834583],[-0.46936309337615967,-0.02543039619922638,0.8826389908790588]],"file_name":"/home/jonas/Downloads/freiburg/rgbd_dataset_freiburg2_360_hemisphere//rgb/1311874906.322616.png","t":[-0.03766247257590294,-0.2295324057340622,-0.7054078578948975]},{"R":[[0.8765370845794678,0.031771283596754074,0.4802846610546112],[-0.03914497792720795,0.9992192387580872,0.00534171424806118],[-0.4797399640083313,-0.023482942953705788,0.87709641456604]],"file_name":"/home/jonas/Downloads/freiburg/rgbd_dataset_freiburg2_360_hemisphere//rgb/1311874906.354893.png","t":[-0.04031172767281532,-0.23089532554149628,-0.7117633819580078]},{"R":[[0.864494264125824,0.03446407988667488,0.5014597773551941],[-0.043666839599609375,0.9990242123603821,0.006619238760322332],[-0.5007423162460327,-0.027619456872344017,0.8651556372642517]],"file_name":"/home/jonas/Downloads/freiburg/rgbd_dataset_freiburg2_360_hemisphere//rgb/1311874906.386638.png","t":[-0.10821335017681122,-0.26044586300849915,-0.6831040382385254]},{"R":[[0.8576006293296814,0.034429654479026794,0.5131625533103943],[-0.04378534108400345,0.9990220665931702,0.00614688778296113],[-0.5124490857124329,-0.02774057164788246,0.858269453048706]],"file_name":"/home/jonas/Downloads/freiburg/rgbd_dataset_freiburg2_360_hemisphere//rgb/1311874906.422681.png","t":[-0.1159060075879097,-0.2546354830265045,-0.6960971355438232]},{"R":[[0.8517932295799255,0.031956594437360764,0.5229024887084961],[-0.0426502600312233,0.9990546107292175,0.008419965393841267],[-0.5221390724182129,-0.02947399765253067,0.8523508906364441]],"file_name":"/home/jonas/Downloads/freiburg/rgbd_dataset_freiburg2_360_hemisphere//rgb/1311874906.454670.png","t":[-0.12351711839437485,-0.2520185708999634,-0.704688549041748]},{"R":[[0.845997154712677,0.03157491981983185,0.5322516560554504],[-0.04474080353975296,0.9989283084869385,0.011854379437863827],[-0.5313069224357605,-0.033842138946056366,0.8465031981468201]],"file_name":"/home/jonas/Downloads/freiburg/rgbd_dataset_freiburg2_360_hemisphere//rgb/1311874906.486778.png","t":[-0.13034705817699432,-0.2580187916755676,-0.7170231342315674]},{"R":[[0.8395479321479797,0.03209114074707031,0.5423370003700256],[-0.04778542369604111,0.9987468719482422,0.01487493421882391],[-0.5411800146102905,-0.03840402141213417,0.8400293588638306]],"file_name":"/home/jonas/Downloads/freiburg/rgbd_dataset_freiburg2_360_hemisphere//rgb/1311874906.522738.png","t":[-0.1358155757188797,-0.26073750853538513,-0.7289432883262634]},{"R":[[0.8333812952041626,0.032901227474212646,0.5517183542251587],[-0.05233268067240715,0.9984391331672668,0.019508512690663338],[-0.5502153635025024,-0.045130930840969086,0.8338022828102112]],"file_name":"/home/jonas/Downloads/freiburg/rgbd_dataset_freiburg2_360_hemisphere//rgb/1311874906.554794.png","t":[-0.13997600972652435,-0.2563750147819519,-0.7415457963943481]},{"R":[[0.8272593021392822,0.03165581077337265,0.5609278082847595],[-0.05983049049973488,0.997697651386261,0.03193352743983269],[-0.5586254596710205,-0.05997789278626442,0.8272486329078674]],"file_name":"/home/jonas/Downloads/freiburg/rgbd_dataset_freiburg2_360_hemisphere//rgb/1311874906.586655.png","t":[-0.1404096782207489,-0.25369465351104736,-0.7424224615097046]},{"R":[[0.8184866309165955,0.02821640484035015,0.5738322734832764],[-0.07121283560991287,0.9960734844207764,0.052595749497413635],[-0.5700950622558594,-0.08391313999891281,0.8172821998596191]],"file_name":"/home/jonas/Downloads/freiburg/rgbd_dataset_freiburg2_360_hemisphere//rgb/1311874906.622675.png","t":[-0.147176131606102,-0.26692402362823486,-0.7428924441337585]},{"R":[[0.8104019165039063,0.024419894441962242,0.5853651762008667],[-0.08286161720752716,0.9938649535179138,0.07325536757707596],[-0.5799850225448608,-0.10787059366703033,0.8074535727500916]],"file_name":"/home/jonas/Downloads/freiburg/rgbd_dataset_freiburg2_360_hemisphere//rgb/1311874906.654651.png","t":[-0.12674444913864136,-0.28438109159469604,-0.7453857064247131]},{"R":[[0.8011906147003174,0.020766841247677803,0.598048746585846],[-0.09256170690059662,0.9916703104972839,0.08956746757030487],[-0.5912071466445923,-0.12711702287197113,0.7964391708374023]],"file_name":"/home/jonas/Downloads/freiburg/rgbd_dataset_freiburg2_360_hemisphere//rgb/1311874906.686767.png","t":[-0.13748712837696075,-0.2983245849609375,-0.7508817911148071]},{"R":[[0.7932069897651672,0.017759276553988457,0.6086930632591248],[-0.10206128656864166,0.9893125891685486,0.10413499921560287],[-0.600338339805603,-0.14472460746765137,0.7865422368049622]],"file_name":"/home/jonas/Downloads/freiburg/rgbd_dataset_freiburg2_360_hemisphere//rgb/1311874906.722743.png","t":[-0.15311771631240845,-0.3033928871154785,-0.7391050457954407]},{"R":[[0.7864207625389099,0.013606587424874306,0.6175412535667419],[-0.11206535995006561,0.9863088726997375,0.12098013609647751],[-0.6074402928352356,-0.16434627771377563,0.7771785855293274]],"file_name":"/home/jonas/Downloads/freiburg/rgbd_dataset_freiburg2_360_hemisphere//rgb/1311874906.754792.png","t":[-0.15246757864952087,-0.3208112418651581,-0.7317039370536804]},{"R":[[0.7786846160888672,0.01081797108054161,0.6273223161697388],[-0.12150542438030243,0.9835229516029358,0.13386209309101105],[-0.6155377626419067,-0.1804594099521637,0.7671685814857483]],"file_name":"/home/jonas/Downloads/freiburg/rgbd_dataset_freiburg2_360_hemisphere//rgb/1311874906.790649.png","t":[-0.15834300220012665,-0.33001968264579773,-0.7298445105552673]},{"R":[[0.7729995250701904,0.006714457646012306,0.6343711018562317],[-0.12764890491962433,0.9811394214630127,0.14515908062458038],[-0.621431827545166,-0.19318467378616333,0.7592774033546448]],"file_name":"/home/jonas/Downloads/freiburg/rgbd_dataset_freiburg2_360_hemisphere//rgb/1311874906.822768.png","t":[-0.16327112913131714,-0.31547603011131287,-0.7327850461006165]},{"R":[[0.7677804231643677,0.006182721816003323,0.6406832337379456],[-0.1387038230895996,0.9778447151184082,0.15678314864635468],[-0.6255193948745728,-0.20924024283885956,0.7516275644302368]],"file_name":"/home/jonas/Downloads/freiburg/rgbd_dataset_freiburg2_360_hemisphere//rgb/1311874906.854740.png","t":[-0.16782155632972717,-0.31151819229125977,-0.7322655916213989]},{"R":[[0.7603555917739868,0.0046340543776750565,0.649490475654602],[-0.15185314416885376,0.9735288619995117,0.17082776129245758],[-0.6315061450004578,-0.22851701080799103,0.7409318089485168]],"file_name":"/home/jonas/Downloads/freiburg/rgbd_dataset_freiburg2_360_hemisphere//rgb/1311874906.890686.png","t":[-0.18772894144058228,-0.34500429034233093,-0.7196716070175171]},{"R":[[0.7554386854171753,0.004490837454795837,0.6552039980888367],[-0.1606244444847107,0.9707326889038086,0.17854365706443787],[-0.6352261304855347,-0.2401205599308014,0.7340503334999084]],"file_name":"/home/jonas/Downloads/freiburg/rgbd_dataset_freiburg2_360_hemisphere//rgb/1311874906.922682.png","t":[-0.20133037865161896,-0.34917792677879333,-0.7234495282173157]},{"R":[[0.757365882396698,0.006090747192502022,0.652962327003479],[-0.17276237905025482,0.9661932587623596,0.19137321412563324],[-0.6297221779823303,-0.2577468752861023,0.7328141331672668]],"file_name":"/home/jonas/Downloads/freiburg/rgbd_dataset_freiburg2_360_hemisphere//rgb/1311874906.954572.png","t":[-0.18582944571971893,-0.36448532342910767,-0.7313042283058167]},{"R":[[0.7552759051322937,0.008503492921590805,0.6553518176078796],[-0.18550439178943634,0.9618018269538879,0.20130914449691772],[-0.6286067366600037,-0.2736145853996277,0.7280031442642212]],"file_name":"/home/jonas/Downloads/freiburg/rgbd_dataset_freiburg2_360_hemisphere//rgb/1311874906.990712.png","t":[-0.19054241478443146,-0.3681778609752655,-0.7215749621391296]},{"R":[[0.751177191734314,0.0063346875831484795,0.6600702404975891],[-0.19404824078083038,0.9578904509544373,0.21163910627365112],[-0.6309343576431274,-0.28706392645835876,0.7207747101783752]],"file_name":"/home/jonas/Downloads/freiburg/rgbd_dataset_freiburg2_360_hemisphere//rgb/1311874907.022662.png","t":[-0.19211599230766296,-0.37606945633888245,-0.7184938788414001]},{"R":[[0.7484065294265747,0.0037192520685493946,0.6632298231124878],[-0.20436419546604156,0.9526224732398987,0.22526799142360687],[-0.6309698224067688,-0.30413246154785156,0.7137089967727661]],"file_name":"/home/jonas/Downloads/freiburg/rgbd_dataset_freiburg2_360_hemisphere//rgb/1311874907.054752.png","t":[-0.18931281566619873,-0.402797132730484,-0.7202487587928772]},{"R":[[0.7457458972930908,0.0025401823222637177,0.6662256717681885],[-0.2129085510969162,0.9484637975692749,0.2347048670053482],[-0.6312947273254395,-0.3168753385543823,0.7078537940979004]],"file_name":"/home/jonas/Downloads/freiburg/rgbd_dataset_freiburg2_360_hemisphere//rgb/1311874907.090752.png","t":[-0.1895679235458374,-0.40685829520225525,-0.7032726407051086]},{"R":[[0.7420501708984375,0.004224572330713272,0.6703310608863831],[-0.22770041227340698,0.9421120285987854,0.24612481892108917],[-0.6304872035980225,-0.3352716267108917,0.7000563144683838]],"file_name":"/home/jonas/Downloads/freiburg/rgbd_dataset_freiburg2_360_hemisphere//rgb/1311874907.154788.png","t":[-0.17921115458011627,-0.4400680363178253,-0.7060516476631165]},{"R":[[0.7417289018630981,0.003607038874179125,0.67069011926651],[-0.23153065145015717,0.9398898482322693,0.2509993016719818],[-0.6294694542884827,-0.3414587676525116,0.6979786157608032]],"file_name":"/home/jonas/Downloads/freiburg/rgbd_dataset_freiburg2_360_hemisphere//rgb/1311874907.190615.png","t":[-0.181160107254982,-0.4433094561100006,-0.7032517790794373]},{"R":[[0.7462548613548279,0.0026798665057867765,0.6656549572944641],[-0.2323697805404663,0.9381334781646729,0.2567290961742401],[-0.6237851977348328,-0.34626343846321106,0.7007094025611877]],"file_name":"/home/jonas/Downloads/freiburg/rgbd_dataset_freiburg2_360_hemisphere//rgb/1311874907.222674.png","t":[-0.13885384798049927,-0.43002811074256897,-0.7176555395126343]},{"R":[[0.7444576025009155,-0.00024078953720163554,0.6676697134971619],[-0.2385508269071579,0.9338980317115784,0.2663230895996094],[-0.6235995292663574,-0.3575393855571747,0.6951900124549866]],"file_name":"/home/jonas/Downloads/freiburg/rgbd_dataset_freiburg2_360_hemisphere//rgb/1311874907.254677.png","t":[-0.13202378153800964,-0.4400050640106201,-0.715758740901947]},{"R":[[0.743589460849762,-0.004894472658634186,0.6686185002326965],[-0.24368815124034882,0.9292121529579163,0.2778145372867584],[-0.6226481795310974,-0.3695143759250641,0.6897596120834351]],"file_name":"/home/jonas/Downloads/freiburg/rgbd_dataset_freiburg2_360_hemisphere//rgb/1311874907.290698.png","t":[-0.13464154303073883,-0.44550761580467224,-0.7150427103042603]},{"R":[[0.747111439704895,-0.0028053857386112213,0.6646928787231445],[-0.25599342584609985,0.9216409921646118,0.29162517189979553],[-0.6134263277053833,-0.38803350925445557,0.6878503561019897]],"file_name":"/home/jonas/Downloads/freiburg/rgbd_dataset_freiburg2_360_hemisphere//rgb/1311874907.322636.png","t":[-0.09153915196657181,-0.4955188035964966,-0.6854045987129211]},{"R":[[0.7464138269424438,0.002942666644230485,0.665475606918335],[-0.26453444361686707,0.9189017415046692,0.29264503717422485],[-0.6106455326080322,-0.394475519657135,0.686659