0 1 0 0 -0 0 1 0 -0 0 0 1 -0
1 0.99999 0.00126634 -0.00420715 0.0103213 -0.00127778 0.999995 -0.0027175 -0.00202206 0.00420369 0.00272285 0.999987 0.00216351
2 0.999989 0.00353937 -0.00316324 0.00658511 -0.0035546 0.999982 -0.00482327 0.000821264 0.00314611 0.00483446 0.999983 0.00336377
3 0.999999 0.000361463 -0.00137317 -0.0114209 -0.000369529 0.999983 -0.00587807 0.00775973 0.00137102 0.00587857 0.999982 0.0028065
4 0.999972 -0.00255414 -0.00697595 -0.003013 0.00252471 0.999988 -0.00422376 0.00846673 0.00698665 0.00420603 0.999967 0.00655128
5 0.999961 -0.0034348 -0.00812661 -0.0060039 0.00341355 0.999991 -0.0026267 0.0112995 0.00813556 0.00259886 0.999964 0.012782
6 0.999968 -0.00243757 -0.00758825 -0.00295767 0.00242772 0.999996 -0.00130714 0.00489172 0.00759141 0.00128868 0.99997 0.019441
7 0.999974 -0.000858438 -0.00715322 -0.00093768 0.00083849 0.999996 -0.00279118 0.0126467 0.00715559 0.00278511 0.99997 0.0279455
8 0.999985 -0.00108588 -0.00536276 -0.00324757 0.00107692 0.999998 -0.00167374 0.0106965 0.00536457 0.00166794 0.999984 0.0360807
9 0.99996 -0.00719113 -0.00529785 -0.00601998 0.00719579 0.999974 0.000861282 0.0144733 0.00529152 -0.00089937 0.999986 0.0469041
10 0.99993 -0.00810579 -0.00864264 -0.00689604 0.00812659 0.999964 0.00237449 0.00975442 0.00862308 -0.00244456 0.99996 0.0588566
11 0.999859 -0.00784925 -0.0148309 -0.00876936 0.00782455 0.999968 -0.00172272 0.0116432 0.0148439 0.00160643 0.999889 0.0837433
12 0.999701 -0.010922 -0.021867 -0.00749594 0.0108618 0.999937 -0.00286885 0.00769946 0.0218969 0.00263048 0.999757 0.0881702
13 0.999387 -0.0162012 -0.0310394 -0.00250861 0.0159649 0.999842 -0.00784643 0.0231072 0.0311616 0.00734607 0.999487 0.11528
14 0.999217 -0.0187756 -0.0348291 0.000380346 0.0185569 0.999806 -0.0065943 0.0194047 0.0349462 0.00594282 0.999372 0.129842
15 0.998963 -0.0219782 -0.0398848 0.0116351 0.0217874 0.999749 -0.0052121 0.00967824 0.0399894 0.0043377 0.999191 0.139992
16 0.998683 -0.0252725 -0.0446511 0.00888094 0.0248561 0.999642 -0.00985844 0.0124098 0.0448843 0.00873561 0.998954 0.1579
17 0.99832 -0.0255183 -0.0520179 0.00699904 0.0248113 0.999591 -0.0141926 0.0134661 0.0523588 0.0128781 0.998545 0.171825
18 0.99767 -0.0226324 -0.0643672 0.0137532 0.0215804 0.999623 -0.0169924 0.023472 0.0647275 0.0155638 0.997782 0.199157
19 0.997168 -0.025451 -0.0707703 0.0141012 0.0243975 0.999579 -0.015711 0.0222106 0.0711404 0.0139398 0.997369 0.205171
20 0.99642 -0.0262815 -0.0803564 0.00751585 0.0251318 0.999567 -0.0152865 0.0220572 0.0807234 0.0132123 0.996649 0.223237
21 0.995395 -0.0254599 -0.0924166 0.0026812 0.023787 0.999533 -0.0191591 0.0364567 0.0928613 0.0168726 0.995536 0.241197
22 0.992634 -0.0215834 -0.119212 0.0114431 0.0197057 0.999663 -0.0169075 0.03289 0.119537 0.0144338 0.992725 0.257874
23 0.992015 -0.0189718 -0.124685 -0.0184897 0.017727 0.999781 -0.0110855 0.0155605 0.124868 0.0087867 0.992134 0.288213
24 0.990546 -0.0198813 -0.135731 -0.0130707 0.0189602 0.999788 -0.00807558 0.0180484 0.135863 0.00542575 0.990713 0.299781
25 0.989143 -0.0204782 -0.145521 -0.0139309 0.0199831 0.999788 -0.00486323 0.0151341 0.145589 0.00190248 0.989343 0.310428
26 0.987777 -0.0197598 -0.154619 -0.011697 0.0195084 0.999805 -0.00314279 0.0178787 0.154651 8.8007e-05 0.987969 0.326398
27 0.984734 -0.0192501 -0.172998 -0.0114953 0.0193473 0.999812 -0.00112485 0.0100868 0.172987 -0.00223936 0.984922 0.345378
28 0.983533 -0.0154385 -0.180066 -0.0102993 0.01534 0.99988 -0.00193953 0.0188227 0.180074 -0.000854623 0.983653 0.355414
29 0.982001 -0.0100677 -0.188606 -0.0170064 0.0105159 0.999944 0.001376 0.0120682 0.188582 -0.0033346 0.982052 0.373284
30 0.978832 -0.0148643 -0.204123 0.0341618 0.014689 0.999889 -0.002374 0.0377097 0.204136 -0.00067461 0.978942 0.353126
31 0.975482 -0.02312 -0.218862 0.0275586 0.0247553 0.999682 0.00473229 0.0482409 0.218683 -0.0100342 0.975744 0.3654
32 0.97366 -0.0240259 -0.226737 0.0235312 0.0275178 0.999546 0.0122519 0.052182 0.226339 -0.0181685 0.973879 0.374225
33 0.972607 -0.0196192 -0.231626 0.0255364 0.0247932 0.999503 0.0194475 0.0463459 0.231129 -0.0246575 0.972611 0.387067
34 0.97231 -0.0122214 -0.233376 0.0208469 0.0180126 0.99958 0.0226999 0.0365344 0.233 -0.026275 0.972122 0.402165
35 0.971708 -0.00405557 -0.236152 0.0156503 0.00927706 0.999736 0.0210038 0.0389957 0.236004 -0.0226003 0.971489 0.408746
36 0.971024 0.00242932 -0.238971 0.00221521 0.00235376 0.999803 0.0197279 0.0448335 0.238972 -0.0197187 0.970826 0.414339
37 0.969797 0.000558694 -0.243911 -0.00504475 0.004671 0.999771 0.020862 0.0543924 0.243867 -0.0213713 0.969573 0.409685
38 0.967503 -0.00483522 -0.252815 -0.00548743 0.0109425 0.999681 0.0227565 0.0804082 0.252624 -0.0247834 0.967247 0.392734
39 0.965413 -0.00399116 -0.260695 -0.00994448 0.0121228 0.999489 0.0295918 0.0731842 0.260443 -0.0317287 0.964968 0.404217
40 0.964109 0.000210781 -0.265505 -0.0105071 0.00858745 0.999452 0.0319765 0.069902 0.265366 -0.0331088 0.963579 0.411795
41 0.963814 0.00488444 -0.266532 -0.0226223 0.00444637 0.999398 0.0343935 0.0581463 0.26654 -0.034334 0.963212 0.421861
42 0.963055 0.00815384 -0.269181 -0.0324708 -7.84705e-06 0.999542 0.0302494 0.0628958 0.269304 -0.0291297 0.962615 0.430924
43 0.96205 0.0130718 -0.272561 -0.0376051 -0.00549436 0.999577 0.0285458 0.060879 0.272819 -0.0259649 0.961715 0.43316
44 0.962715 0.0177593 -0.269934 -0.0708444 -0.0105856 0.999552 0.0280085 0.0615261 0.27031 -0.0241068 0.962471 0.434761
45 0.96183 0.0078881 -0.273532 -0.0967823 -0.00102978 0.999682 0.0252077 0.0597238 0.273644 -0.0239638 0.961532 0.440707
46 0.959792 0.000263087 -0.280712 -0.102314 0.00751335 0.999617 0.026626 0.0655918 0.280612 -0.0276645 0.959423 0.441125
47 0.958478 9.52396e-05 -0.285165 -0.105854 0.00890585 0.999502 0.0302675 0.0507594 0.285026 -0.0315504 0.958 0.461474
48 0.958642 0.00336366 -0.284594 -0.111966 0.00451375 0.999625 0.0270191 0.0441025 0.284578 -0.0271862 0.958267 0.473557
49 0.960684 0.009339 -0.277488 -0.127244 -0.00407833 0.999801 0.0195293 0.0470031 0.277615 -0.0176298 0.960531 0.477979
50 0.96352 0.0044914 -0.2676 -0.173117 0.00183073 0.999725 0.0233711 0.0267484 0.267632 -0.0230084 0.963246 0.462126
51 0.96386 -0.00815174 -0.266286 -0.193898 0.0146913 0.999637 0.0225756 0.0219379 0.266005 -0.0256718 0.96363 0.471196
52 0.963394 -0.00937241 -0.267927 -0.201891 0.0152656 0.999685 0.0199208 0.0244862 0.267656 -0.0232817 0.963233 0.479877
53 0.962888 -0.00759646 -0.269795 -0.209087 0.0126139 0.999778 0.0168684 0.0260744 0.269607 -0.0196455 0.96277 0.487572
54 0.962443 -0.00710206 -0.271391 -0.218834 0.0114014 0.999833 0.0142686 0.027646 0.271244 -0.0168269 0.962364 0.487936
55 0.96075 -0.0104534 -0.277219 -0.208277 0.0128249 0.999895 0.00674264 0.0600959 0.277119 -0.0100333 0.960783 0.487884
56 0.959628 -0.0116395 -0.281032 -0.214706 0.0137011 0.999892 0.00537227 0.0640198 0.280939 -0.00900584 0.959683 0.49686
57 0.959413 -0.0113453 -0.281778 -0.226211 0.0133931 0.999896 0.00534228 0.0616216 0.281688 -0.00889933 0.959465 0.502749
58 0.958669 -0.0143685 -0.284161 -0.231864 0.0165755 0.999848 0.00536344 0.0656825 0.284041 -0.00985188 0.958762 0.500638
59 0.957429 -0.0167922 -0.288179 -0.241492 0.0193795 0.999793 0.00612722 0.0622784 0.288017 -0.0114511 0.957557 0.509644
60 0.955522 -0.0201095 -0.294234 -0.249624 0.0220583 0.999751 0.00330607 0.0683939 0.294094 -0.00964933 0.955728 0.513732
61 0.953104 -0.0201687 -0.301971 -0.256587 0.0218036 0.99976 0.00204381 0.0749143 0.301857 -0.008532 0.953315 0.51829
62 0.948819 -0.0227322 -0.315 -0.224392 0.0210651 0.99974 -0.0086961 0.141605 0.315116 0.00161551 0.949052 0.519063
63 0.943841 -0.0217343 -0.329684 -0.239696 0.0212677 0.999761 -0.00502225 0.146198 0.329714 -0.00227142 0.944078 0.535449
64 0.941488 -0.0197017 -0.33647 -0.252102 0.0190768 0.999805 -0.00516338 0.143987 0.336507 -0.00155752 0.94168 0.543064
65 0.938351 -0.0185365 -0.345186 -0.268976 0.0168492 0.999827 -0.00788803 0.149205 0.345272 0.00158564 0.938501 0.553394
66 0.934047 -0.0182166 -0.356684 -0.269727 0.0161045 0.999831 -0.00889073 0.151799 0.356786 0.00256015 0.934183 0.558734
67 0.930561 -0.0186413 -0.365663 -0.282044 0.0166692 0.999825 -0.00854985 0.150189 0.365758 0.00186085 0.930708 0.565473
68 0.925647 -0.0220321 -0.377747 -0.28715 0.0195501 0.999755 -0.0104042 0.155505 0.377883 0.00224562 0.92585 0.574923
69 0.921127 -0.0221035 -0.388634 -0.294537 0.0194471 0.999753 -0.0107679 0.157226 0.388776 0.00236076 0.921329 0.583866
70 0.917659 -0.0220697 -0.396756 -0.307428 0.0189289 0.999751 -0.0118306 0.152834 0.396918 0.00334632 0.917848 0.598618
71 0.913156 -0.025418 -0.406816 -0.313152 0.021586 0.999669 -0.0140069 0.156022 0.407038 0.00400901 0.913403 0.604299
72 0.90899 -0.0265847 -0.415969 -0.32063 0.0229406 0.999642 -0.0137567 0.156516 0.416186 0.00296213 0.909275 0.613368
73 0.904659 -0.0293432 -0.425124 -0.327352 0.0257433 0.999568 -0.0142114 0.154537 0.425358 0.00191237 0.905023 0.627047
74 0.900121 -0.0309248 -0.434541 -0.335199 0.0260365 0.999513 -0.0171993 0.158679 0.434861 0.00416749 0.900488 0.633843
75 0.892065 -0.0323116 -0.450749 -0.2915 0.0230217 0.999395 -0.0260793 0.207717 0.451319 0.0128874 0.892269 0.624856
76 0.887944 -0.0340486 -0.458689 -0.298118 0.024399 0.999339 -0.026949 0.212963 0.459303 0.0127377 0.888188 0.630878
77 0.882266 -0.0361333 -0.469363 -0.306158 0.0273976 0.999301 -0.0254304 0.212465 0.469954 0.00957693 0.882639 0.642518
78 0.876537 -0.039145 -0.47974 -0.315165 0.0317713 0.999219 -0.0234829 0.215282 0.480285 0.00534171 0.877096 0.64488
79 0.864494 -0.0436668 -0.500742 -0.259882 0.0344641 0.999024 -0.0276195 0.245054 0.50146 0.00661924 0.865156 0.64698
80 0.857601 -0.0437853 -0.512449 -0.268463 0.0344297 0.999022 -0.0277406 0.239067 0.513163 0.00614689 0.858269 0.658483
81 0.851793 -0.0426503 -0.522139 -0.273483 0.0319566 0.999055 -0.029474 0.234958 0.522902 0.00841997 0.852351 0.667351
82 0.845997 -0.0447408 -0.531307 -0.28223 0.0315749 0.998928 -0.0338421 0.237592 0.532252 0.0118544 0.846503 0.679398
83 0.839548 -0.0477854 -0.54118 -0.292925 0.0320911 0.998747 -0.038404 0.236775 0.542337 0.0148749 0.840029 0.68987
84 0.833381 -0.0523327 -0.550215 -0.304773 0.0329012 0.998439 -0.0451309 0.227114 0.551718 0.0195085 0.833802 0.700531
85 0.827259 -0.0598305 -0.558625 -0.31376 0.0316558 0.997698 -0.0599779 0.213026 0.560928 0.0319335 0.827249 0.701029
86 0.818487 -0.0712128 -0.570095 -0.322066 0.0282164 0.996073 -0.0839131 0.20769 0.573832 0.0525957 0.817282 0.705646
87 0.810402 -0.0828616 -0.579985 -0.353163 0.0244199 0.993865 -0.107871 0.205326 0.585365 0.0732554 0.807454 0.696889
88 0.801191 -0.0925617 -0.591207 -0.361387 0.0207668 0.99167 -0.127117 0.203245 0.598049 0.0895675 0.796439 0.706976
89 0.793207 -0.102061 -0.600338 -0.353224 0.0177593 0.989313 -0.144725 0.195903 0.608693 0.104135 0.786542 0.706133
90 0.786421 -0.112065 -0.60744 -0.360515 0.0136066 0.986309 -0.164346 0.198241 0.617541 0.12098 0.777179 0.701631
91 0.778685 -0.121505 -0.615538 -0.366047 0.010818 0.983523 -0.180459 0.194588 0.627322 0.133862 0.767169 0.703423
92 0.773 -0.127649 -0.621432 -0.369438 0.00671446 0.981139 -0.193185 0.169059 0.634371 0.145159 0.759277 0.705756
93 0.76778 -0.138704 -0.625519 -0.372405 0.00618272 0.977845 -0.20924 0.152435 0.640683 0.156783 0.751628 0.706752
94 0.760356 -0.151853 -0.631506 -0.364126 0.00463405 0.973529 -0.228517 0.172284 0.64949 0.170828 0.740932 0.714092
95 0.755439 -0.160624 -0.635226 -0.363548 0.00449084 0.970733 -0.240121 0.166147 0.655204 0.178544 0.73405 0.725304
96 0.757366 -0.172762 -0.629722 -0.382747 0.00609075 0.966193 -0.257747 0.164804 0.652962 0.191373 0.732814 0.727002
97 0.755276 -0.185504 -0.628607 -0.377973 0.00850349 0.961802 -0.273615 0.158301 0.655352 0.201309 0.728003 0.724299
98 0.751177 -0.194048 -0.630934 -0.381985 0.00633469 0.95789 -0.287064 0.155197 0.66007 0.211639 0.720775 0.724273
99 0.748407 -0.204364 -0.63097 -0.39509 0.00371925 0.952622 -0.304132 0.165367 0.66323 0.225268 0.713709 0.730343
100 0.745746 -0.212909 -0.631295 -0.389226 0.00254018 0.948464 -0.316875 0.163522 0.666226 0.234705 0.707854 0.719601
101 0.74205 -0.2277 -0.630487 -0.412377 0.00422457 0.942112 -0.335272 0.178631 0.670331 0.246125 0.700056 0.722718
102 0.741729 -0.231531 -0.629469 -0.410944 0.00360704 0.93989 -0.341459 0.177184 0.67069 0.250999 0.697979 0.723627
103 0.746255 -0.23237 -0.623785 -0.443968 0.00267987 0.938133 -0.346263 0.155298 0.665655 0.256729 0.700709 0.705697
104 0.744458 -0.238551 -0.6236 -0.453024 -0.00024079 0.933898 -0.357539 0.154976 0.66767 0.266323 0.69519 0.70292
105 0.743589 -0.243688 -0.622648 -0.453667 -0.00489447 0.929212 -0.369514 0.149094 0.668619 0.277815 0.68976 0.707
106 0.747111 -0.255993 -0.613426 -0.478905 -0.00280539 0.921641 -0.388034 0.190474 0.664693 0.291625 0.68785 0.676807
107 0.746414 -0.264534 -0.610646 -0.487109 0.00294267 0.918902 -0.394476 0.183362 0.665476 0.292645 0.686659 0.661598
108 0.745248 -0.271285 -0.609106 -0.494713 0.0072626 0.916742 -0.399415 0.160627 0.666748 0.293239 0.68517 0.649881
109 0.742649 -0.28279 -0.607044 -0.500858 0.0125028 0.912164 -0.409634 0.165789 0.669564 0.296625 0.680954 0.653472
110 0.738723 -0.294787 -0.606126 -0.497465 0.0160521 0.906724 -0.421418 0.188799 0.673818 0.301582 0.67455 0.639858
111 0.735062 -0.304383 -0.605834 -0.510833 0.0186134 0.902283 -0.430741 0.192647 0.677745 0.305345 0.6689 0.631454
112 0.730781 -0.312918 -0.606664 -0.521516 0.0205972 0.898443 -0.438607 0.199098 0.682301 0.30803 0.663011 0.631524
113 0.727863 -0.320196 -0.606374 -0.530784 0.0236192 0.895467 -0.444501 0.198625 0.685315 0.309214 0.65934 0.614135
114 0.723739 -0.329208 -0.606484 -0.550366 0.0266652 0.891554 -0.452128 0.202868 0.689558 0.311051 0.654031 0.602686
115 0.717231 -0.336104 -0.610421 -0.55233 0.0274363 0.888931 -0.457218 0.194836 0.696295 0.311183 0.646791 0.601242
116 0.712463 -0.345909 -0.610528 -0.576447 0.0307074 0.884593 -0.465352 0.196632 0.701038 0.312798 0.640861 0.583924
117 0.706083 -0.357195 -0.611439 -0.595094 0.0338059 0.879476 -0.474741 0.209777 0.707321 0.314536 0.633059 0.564859
118 0.695451 -0.368309 -0.617006 -0.594087 0.0372714 0.875987 -0.480893 0.200443 0.717606 0.31144 0.622933 0.562807
119 0.687731 -0.380717 -0.618127 -0.618406 0.0438632 0.871691 -0.488089 0.205202 0.724639 0.308561 0.616188 0.53321
120 0.678227 -0.391494 -0.621885 -0.645502 0.0458113 0.867151 -0.495934 0.227042 0.733424 0.307867 0.606059 0.517801
121 0.665321 -0.397841 -0.63172 -0.64386 0.0430475 0.865214 -0.499552 0.229693 0.745315 0.305169 0.592771 0.526748
122 0.654964 -0.402765 -0.639377 -0.646889 0.0414842 0.864005 -0.501771 0.223744 0.754521 0.302117 0.582601 0.528688
123 0.648241 -0.406248 -0.644007 -0.672024 0.0406976 0.863058 -0.503463 0.226234 0.760347 0.300156 0.576003 0.503528
124 0.636076 -0.408979 -0.654327 -0.672284 0.0389031 0.863903 -0.502153 0.208624 0.770645 0.293952 0.565418 0.487798
125 0.622732 -0.414432 -0.663665 -0.678066 0.0350985 0.862147 -0.505442 0.214407 0.781647 0.291461 0.551432 0.484674
126 0.609979 -0.421496 -0.67102 -0.700875 0.0342125 0.860019 -0.509114 0.236517 0.791679 0.287591 0.539014 0.495998
127 0.598678 -0.425755 -0.678467 -0.714614 0.0352115 0.860206 -0.50873 0.252081 0.800215 0.280676 0.529978 0.491096
128 0.585136 -0.425534 -0.690316 -0.705604 0.0343982 0.863518 -0.503144 0.241653 0.810205 0.270662 0.519913 0.488732
129 0.574993 -0.42639 -0.698265 -0.715951 0.033783 0.865105 -0.500451 0.239565 0.81746 0.264167 0.511835 0.47867
130 0.564517 -0.430063 -0.704533 -0.737833 0.0341325 0.864976 -0.500652 0.25383 0.824716 0.258579 0.502972 0.460967
131 0.550561 -0.432973 -0.713734 -0.750525 0.0359364 0.866482 -0.497914 0.255613 0.834021 0.248483 0.49261 0.450638
132 0.53691 -0.436284 -0.722069 -0.76908 0.0387915 0.867759 -0.495468 0.262331 0.842747 0.238011 0.482833 0.437922
133 0.520259 -0.43721 -0.733606 -0.763422 0.0403696 0.870645 -0.490253 0.251816 0.853054 0.225443 0.470611 0.435181
134 0.504324 -0.439528 -0.743285 -0.771054 0.0393231 0.871564 -0.488703 0.250054 0.862619 0.217236 0.456834 0.441979
135 0.487906 -0.441237 -0.753165 -0.767851 0.0377329 0.872689 -0.486815 0.253057 0.87208 0.209101 0.442439 0.436273
136 0.472271 -0.442619 -0.762265 -0.780294 0.0331989 0.873101 -0.486409 0.270101 0.880828 0.20441 0.427034 0.44906
137 0.458846 -0.441791 -0.770897 -0.794961 0.0289413 0.874594 -0.483992 0.278942 0.888045 0.199767 0.414089 0.472124
138 0.447967 -0.440868 -0.777792 -0.80129 0.0316108 0.877231 -0.479026 0.256708 0.893491 0.190001 0.406907 0.456941
139 0.432265 -0.44042 -0.786878 -0.782556 0.0296964 0.879095 -0.475721 0.25304 0.901258 0.18227 0.393081 0.446417
140 0.416434 -0.444132 -0.793303 -0.806622 0.0242719 0.877681 -0.478629 0.27077 0.908842 0.180062 0.376276 0.483152
141 0.406983 -0.444779 -0.797832 -0.818517 0.023463 0.878244 -0.477638 0.294938 0.913134 0.175671 0.367866 0.485309
142 0.394709 -0.439688 -0.806771 -0.812717 0.0252986 0.882932 -0.468818 0.300507 0.918458 0.164637 0.359625 0.48817
143 0.384017 -0.431852 -0.81611 -0.825437 0.0262953 0.888637 -0.457857 0.304954 0.922952 0.154365 0.352607 0.484533
144 0.371065 -0.421871 -0.827246 -0.817728 0.0255954 0.895154 -0.445021 0.280041 0.928254 0.143958 0.342958 0.479726
145 0.359766 -0.414961 -0.835689 -0.824694 0.019494 0.898808 -0.43791 0.29039 0.932839 0.141254 0.331449 0.474699
146 0.346128 -0.4066 -0.845501 -0.821453 0.0102893 0.902798 -0.429942 0.294553 0.938131 0.140115 0.316667 0.494732
147 0.335326 -0.401295 -0.85236 -0.841243 0.00515527 0.905511 -0.424291 0.311204 0.942088 0.137882 0.30571 0.493348
148 0.324428 -0.393713 -0.860079 -0.845764 0.0016678 0.909498 -0.415706 0.33513 0.945909 0.133432 0.295724 0.489896
149 0.314662 -0.382051 -0.868921 -0.863017 0.000334002 0.915466 -0.402395 0.350225 0.949204 0.126328 0.28819 0.488032
150 0.301571 -0.367325 -0.879845 -0.86803 -0.00107393 0.922676 -0.385574 0.351807 0.953443 0.117223 0.277857 0.504665
151 0.293291 -0.352055 -0.888841 -0.858769 -0.00158635 0.929546 -0.368702 0.349913 0.956022 0.109547 0.272069 0.4939
152 0.283374 -0.339549 -0.896887 -0.871287 -0.0022168 0.934988 -0.354673 0.36017 0.959007 0.102493 0.264198 0.491757
153 0.274306 -0.326411 -0.904551 -0.879255 -0.00462123 0.940173 -0.340667 0.355171 0.961631 0.0976271 0.256386 0.497406
154 0.261008 -0.301927 -0.916905 -0.889544 -0.00819752 0.949102 -0.314863 0.390506 0.965302 0.089698 0.245248 0.50444
155 0.258635 -0.293281 -0.920377 -0.926241 -0.00883886 0.952038 -0.305853 0.421588 0.965935 0.0872394 0.243638 0.527189
156 0.258738 -0.279815 -0.924532 -0.92128 -0.0057684 0.956659 -0.291153 0.429777 0.96593 0.0806652 0.24591 0.505751
157 0.252164 -0.266653 -0.93022 -0.935246 -0.00340633 0.961034 -0.276409 0.443001 0.967678 0.0728692 0.24143 0.526418
158 0.249839 -0.252452 -0.934799 -0.944439 -0.00255414 0.965239 -0.261356 0.446821 0.968284 0.0676844 0.240509 0.531755
159 0.247404 -0.239466 -0.938854 -0.948273 0.000449854 0.969006 -0.247038 0.453714 0.968912 0.0606958 0.239844 0.529473
160 0.245649 -0.222571 -0.943461 -0.944736 0.00130764 0.973359 -0.229284 0.455241 0.969358 0.0550897 0.239396 0.520592
161 0.242141 -0.207191 -0.947861 -0.972262 -0.00143564 0.976855 -0.213896 0.462895 0.97024 0.0531536 0.236239 0.547623
162 0.244576 -0.191731 -0.950485 -0.965259 -0.0020228 0.980152 -0.198236 0.46755 0.969628 0.0504065 0.239334 0.532926
163 0.242719 -0.177005 -0.953812 -0.976455 0.00162162 0.983286 -0.182062 0.46927 0.970095 0.042643 0.238949 0.530453
164 0.234291 -0.144922 -0.961304 -0.972999 0.0155261 0.989258 -0.145352 0.444282 0.972043 0.0191294 0.234024 0.508749
165 0.230542 -0.134609 -0.963707 -0.980586 0.017671 0.990801 -0.134166 0.452864 0.972902 0.0139013 0.2308 0.497971
166 0.223254 -0.121883 -0.96711 -0.986038 0.0142844 0.992454 -0.12178 0.444759 0.974656 0.0133732 0.22331 0.524618
167 0.23397 -0.103149 -0.966757 -1.00753 -0.00240125 0.994292 -0.106668 0.50139 0.972241 0.0272784 0.232387 0.528856
168 0.24145 -0.0886382 -0.966357 -1.01734 0.000771004 0.995837 -0.0911497 0.487339 0.970413 0.021263 0.240513 0.528534
169 0.245172 -0.0721738 -0.966789 -1.01639 0.0060011 0.997319 -0.0729311 0.467527 0.969461 0.0120789 0.244948 0.505295
170 0.243465 -0.0606375 -0.968012 -1.02188 0.00590846 0.998118 -0.0610374 0.450635 0.969892 0.009141 0.243365 0.507993
171 0.247011 -0.0488601 -0.96778 -1.03793 -0.00519996 0.998647 -0.0517457 0.467104 0.968999 0.0178142 0.246423 0.5012
172 0.250545 -0.0418815 -0.967198 -1.05037 -0.0113673 0.998868 -0.0461975 0.480636 0.968038 0.022569 0.249786 0.505595
173 0.261561 -0.0358465 -0.964521 -1.05628 -0.0192195 0.998919 -0.0423368 0.498227 0.964996 0.0296112 0.260589 0.49669
174 0.270858 -0.0147728 -0.962506 -1.05584 -0.0138189 0.99972 -0.0192327 0.480163 0.96252 0.0185101 0.270577 0.477345
175 0.272096 -0.00488251 -0.962258 -1.06309 -0.0140528 0.99986 -0.009047 0.481068 0.962168 0.0159841 0.271989 0.480066
176 0.273428 0.00326474 -0.961887 -1.074 -0.0143981 0.999896 -0.00069908 0.474774 0.961785 0.0140404 0.273447 0.49287
177 0.280852 0.00937932 -0.959705 -1.07024 -0.0199836 0.999793 0.00392301 0.493319 0.959543 0.0180766 0.280981 0.462968
178 0.287117 0.0206095 -0.957674 -1.0689 -0.0243636 0.999602 0.0142075 0.521575 0.957586 0.0192531 0.287504 0.436888
179 0.289311 0.0379415 -0.956483 -1.07287 -0.0239825 0.999188 0.0323814 0.526977 0.956935 0.0135705 0.289986 0.440064
180 0.293666 0.056581 -0.954232 -1.07658 -0.0186976 0.998396 0.0534455 0.531258 0.955725 0.00214674 0.294252 0.424426
181 0.292933 0.0810344 -0.952693 -1.08548 -0.0168302 0.996685 0.0796014 0.52647 0.955985 -0.00728389 0.293325 0.433275
182 0.2939 0.096035 -0.950999 -1.09102 -0.0171179 0.995309 0.0952194 0.522273 0.955683 -0.0117059 0.294166 0.442325
183 0.294092 0.111654 -0.949233 -1.10003 -0.017597 0.993617 0.111423 0.508366 0.955615 -0.0160648 0.29418 0.438267
184 0.290034 0.121861 -0.949226 -1.11261 -0.0223616 0.992452 0.120578 0.518626 0.956755 -0.0137456 0.29057 0.451935
185 0.28919 0.132834 -0.948011 -1.11541 -0.0265217 0.991057 0.130775 0.520048 0.956904 -0.0126759 0.290127 0.442198
186 0.288594 0.142436 -0.946797 -1.11273 -0.0282915 0.989709 0.140268 0.535455 0.957033 -0.0136942 0.289654 0.424316
187 0.279838 0.172426 -0.944436 -1.1222 -0.0212893 0.984612 0.173453 0.536041 0.959811 -0.0284322 0.279202 0.425896
188 0.272965 0.186488 -0.943776 -1.12965 -0.0190292 0.981886 0.188515 0.532208 0.961836 -0.0334985 0.271569 0.429725
189 0.264973 0.199198 -0.943456 -1.13952 -0.020684 0.979378 0.200974 0.537353 0.964034 -0.0337382 0.263629 0.438681
190 0.259105 0.211018 -0.942516 -1.14386 -0.0232465 0.976921 0.21233 0.54187 0.965569 -0.0331057 0.258031 0.438216
191 0.253428 0.220144 -0.941972 -1.15254 -0.0211749 0.97479 0.222117 0.537887 0.967122 -0.0363445 0.251701 0.436587
192 0.243751 0.228516 -0.942532 -1.15426 -0.0181071 0.972747 0.231159 0.535637 0.969669 -0.0392788 0.241246 0.423912
193 0.230805 0.237287 -0.943623 -1.15879 -0.0180618 0.970685 0.239675 0.541763 0.972832 -0.0382746 0.228325 0.429596
194 0.220538 0.246889 -0.943615 -1.16581 -0.0166224 0.968245 0.249448 0.544422 0.975237 -0.0393276 0.217638 0.437035
195 0.211459 0.257344 -0.942899 -1.17441 -0.0139745 0.965412 0.260354 0.540529 0.977287 -0.0418776 0.207741 0.442318
196 0.191053 0.275217 -0.942207 -1.18588 -0.0115222 0.960451 0.27821 0.54872 0.981512 -0.0422965 0.186668 0.461097
197 0.1879 0.284491 -0.940084 -1.19447 -0.00860495 0.957573 0.288064 0.545549 0.98215 -0.0460378 0.182376 0.456789
198 0.179088 0.291181 -0.939756 -1.20366 -0.00537434 0.955474 0.295027 0.555291 0.983818 -0.0477852 0.172679 0.448933
199 0.163622 0.299474 -0.93997 -1.20901 -0.00565341 0.95308 0.302666 0.552435 0.986507 -0.0442089 0.157638 0.466267
200 0.15547 0.304432 -0.939761 -1.2198 -0.0111063 0.951807 0.306496 0.54598 0.987778 -0.0372138 0.151359 0.476312
201 0.149116 0.305446 -0.940461 -1.22582 -0.0154848 0.951699 0.306641 0.54773 0.988698 -0.0311622 0.146643 0.472152
202 0.137132 0.307135 -0.941734 -1.23155 -0.016455 0.951291 0.307856 0.553207 0.990416 -0.0267206 0.135506 0.474417
203 0.125073 0.310992 -0.942147 -1.23842 -0.0162417 0.950118 0.311467 0.553167 0.992015 -0.0236542 0.123886 0.47871
204 0.114786 0.3138 -0.942525 -1.24074 -0.0137555 0.949208 0.314349 0.559688 0.993295 -0.0231181 0.113273 0.48186
205 0.0889646 0.327253 -0.940739 -1.25345 -0.0180647 0.944859 0.326978 0.557215 0.995871 -0.0120953 0.0899707 0.486248
206 0.0759574 0.33133 -0.940453 -1.2601 -0.022902 0.943508 0.330556 0.561186 0.996848 -0.00356996 0.0792545 0.490212
207 0.0619113 0.336314 -0.939713 -1.26911 -0.0327353 0.941696 0.334868 0.550696 0.997545 0.0100297 0.069311 0.489701
208 0.0459322 0.331147 -0.94246 -1.275 -0.0408549 0.94329 0.329448 0.55514 0.998109 0.0233718 0.0568563 0.489933
209 0.0287169 0.330016 -0.943538 -1.27595 -0.0466703 0.943341 0.328526 0.558414 0.998497 0.034601 0.0424918 0.488522
210 0.0135266 0.329459 -0.944073 -1.28458 -0.0502618 0.94319 0.328431 0.562855 0.998644 0.0430082 0.0293174 0.487823
211 -0.000413103 0.329701 -0.944085 -1.28789 -0.0494871 0.942922 0.329316 0.566066 0.998775 0.0468561 0.0159264 0.49032
212 -0.0130971 0.331602 -0.943328 -1.28967 -0.0496485 0.94203 0.331835 0.566142 0.998681 0.0511809 0.00412569 0.488285
213 -0.0225609 0.334177 -0.94224 -1.29458 -0.0483826 0.941011 0.334899 0.565747 0.998574 0.0531437 -0.00506173 0.486686
214 -0.0297898 0.335398 -0.941605 -1.29962 -0.044582 0.94064 0.336465 0.565954 0.998561 0.0520019 -0.0130687 0.487394
215 -0.0371654 0.33599 -0.941132 -1.30783 -0.0442567 0.940305 0.337443 0.563429 0.998329 0.0541926 -0.020077 0.478812
216 -0.0455052 0.333416 -0.941681 -1.31149 -0.0406104 0.941261 0.33523 0.563613 0.998138 0.0534967 -0.0292921 0.474407
217 -0.053913 0.331567 -0.94189 -1.31009 -0.0359337 0.942007 0.333665 0.564536 0.997899 0.0518345 -0.038872 0.472446
218 -0.062407 0.332926 -0.940885 -1.3189 -0.0341046 0.941461 0.335392 0.560188 0.997468 0.0530194 -0.0473995 0.467457
219 -0.0737011 0.326115 -0.942453 -1.32851 -0.0330395 0.943706 0.329132 0.560037 0.996733 0.0553956 -0.0587775 0.458841
220 -0.0784984 0.322349 -0.943361 -1.33344 -0.0370378 0.944684 0.325883 0.557649 0.996226 0.0605213 -0.0622171 0.455809
221 -0.0790787 0.318266 -0.944697 -1.33869 -0.0388268 0.945963 0.321943 0.556615 0.996112 0.0621383 -0.0624482 0.454967
222 -0.076755 0.315996 -0.945651 -1.33968 -0.0397623 0.946724 0.319582 0.557499 0.996257 0.0621307 -0.0601011 0.452189
223 -0.0724819 0.315078 -0.946294 -1.3437 -0.0428623 0.946929 0.318572 0.551605 0.996448 0.0636511 -0.0551302 0.447063
224 -0.0666666 0.311483 -0.94791 -1.3501 -0.0462876 0.948035 0.31478 0.549822 0.996701 0.0648618 -0.0487845 0.439869
225 -0.0622438 0.306852 -0.94972 -1.35516 -0.0473363 0.949586 0.309912 0.545436 0.996938 0.0642463 -0.0445807 0.429541
226 -0.0626361 0.299891 -0.951915 -1.36144 -0.0440121 0.95203 0.302824 0.543282 0.997066 0.0608634 -0.0464326 0.420759
227 -0.0679544 0.29168 -0.954099 -1.36349 -0.0410649 0.954681 0.294783 0.537434 0.996843 0.0592118 -0.052897 0.417264
228 -0.0741204 0.283643 -0.956061 -1.36739 -0.0471551 0.956629 0.287467 0.525081 0.996134 0.0663903 -0.0575305 0.415372
229 -0.0666151 0.26064 -0.963135 -1.37324 -0.0639287 0.962181 0.264803 0.510959 0.995729 0.0792119 -0.0474334 0.410913
230 -0.0582218 0.248462 -0.96689 -1.37794 -0.0685464 0.965253 0.252169 0.511365 0.995948 0.0809586 -0.0391676 0.399956
231 -0.0542345 0.239372 -0.969412 -1.37864 -0.0614598 0.9682 0.242511 0.506168 0.996635 0.0727323 -0.0377981 0.400376
232 -0.0505782 0.23201 -0.971397 -1.38458 -0.0580538 0.970315 0.234775 0.504024 0.997031 0.0682678 -0.0356077 0.390662
233 -0.047916 0.22327 -0.973578 -1.38858 -0.0564374 0.972535 0.225809 0.494046 0.997256 0.0657661 -0.0339992 0.383154
234 -0.0438987 0.203207 -0.978151 -1.39362 -0.0547998 0.977131 0.205454 0.491281 0.997532 0.0626217 -0.0317591 0.374723
235 -0.0422814 0.193266 -0.980235 -1.39514 -0.0516762 0.979376 0.195325 0.486655 0.997768 0.0589135 -0.0314222 0.370969
236 -0.0411583 0.182413 -0.98236 -1.3989 -0.050971 0.98153 0.184394 0.483071 0.997852 0.0576612 -0.0311003 0.364054
237 -0.0419788 0.168806 -0.984755 -1.40717 -0.0480601 0.984142 0.170749 0.486438 0.997962 0.0544953 -0.0332003 0.359894
238 -0.0452165 0.155042 -0.986873 -1.41018 -0.0439987 0.986615 0.157018 0.480926 0.998008 0.0505209 -0.0377896 0.356396
239 -0.049345 0.143447 -0.988427 -1.40365 -0.0407959 0.988517 0.145497 0.472052 0.997948 0.0475033 -0.0429264 0.355555
240 -0.0518153 0.131641 -0.989942 -1.41743 -0.041319 0.990142 0.133831 0.472519 0.997802 0.0478379 -0.0458653 0.344835
241 -0.0566042 0.120617 -0.991084 -1.41425 -0.0386678 0.991666 0.122897 0.466328 0.997648 0.0452795 -0.0514685 0.346708
242 -0.0599669 0.107675 -0.992376 -1.41318 -0.040925 0.993064 0.110222 0.467446 0.997361 0.0472227 -0.0551444 0.338114
243 -0.0646034 0.0973942 -0.993147 -1.41803 -0.0409359 0.99413 0.100153 0.459226 0.997071 0.0471256 -0.0602372 0.335493
244 -0.0701067 0.0873091 -0.993711 -1.41104 -0.0394334 0.995141 0.0902168 0.45909 0.99676 0.0455102 -0.0663232 0.339922
245 -0.0747843 0.0785882 -0.994098 -1.41507 -0.033659 0.996123 0.0812803 0.457151 0.996632 0.0395388 -0.0718492 0.334327
246 -0.0823889 0.0724416 -0.993964 -1.41963 -0.0313533 0.996673 0.0752378 0.445461 0.996107 0.0373628 -0.0798434 0.33568
247 -0.0900978 0.0617046 -0.99402 -1.424 -0.0275915 0.997541 0.0644241 0.445879 0.995551 0.0332309 -0.0881737 0.335556
248 -0.0970281 0.0541047 -0.99381 -1.42293 -0.0276731 0.997989 0.057034 0.438364 0.994897 0.0330357 -0.0953357 0.331253
249 -0.103621 0.0470637 -0.993503 -1.42483 -0.0277276 0.998355 0.0501855 0.438601 0.99423 0.0327477 -0.102145 0.329396
250 -0.109708 0.0405801 -0.993135 -1.42527 -0.0256864 0.998717 0.0436456 0.432747 0.993632 0.0302983 -0.108525 0.318857
251 -0.126224 0.0213888 -0.991771 -1.43685 -0.0275966 0.999305 0.0250635 0.414383 0.991618 0.0305331 -0.125546 0.317666
252 -0.131939 0.00828415 -0.991223 -1.43822 -0.0274407 0.999551 0.0120063 0.414317 0.990878 0.028784 -0.131652 0.311377
253 -0.138091 -0.00298659 -0.990415 -1.43885 -0.0301644 0.999544 0.00119162 0.411023 0.98996 0.0300399 -0.138118 0.309017
254 -0.139712 -0.0140236 -0.990093 -1.444 -0.0357702 0.999319 -0.00910672 0.394115 0.989546 0.0341435 -0.140118 0.294879
255 -0.14463 -0.030191 -0.989025 -1.44085 -0.0376265 0.998979 -0.0249925 0.394886 0.98877 0.0335989 -0.145618 0.302015
256 -0.156653 -0.0570018 -0.986007 -1.44196 -0.0392325 0.997904 -0.0514564 0.396821 0.986874 0.0306227 -0.158561 0.302809
257 -0.161255 -0.0647735 -0.984785 -1.42955 -0.0384783 0.997498 -0.059309 0.393447 0.986162 0.028329 -0.163343 0.304274
258 -0.165261 -0.0718855 -0.983627 -1.44029 -0.0359652 0.997116 -0.0668287 0.394035 0.985594 0.0243321 -0.16737 0.302397
259 -0.168871 -0.0788435 -0.98248 -1.43314 -0.032567 0.996698 -0.0743868 0.391404 0.9851 0.0194346 -0.170881 0.301851
260 -0.173394 -0.0846763 -0.981206 -1.44296 -0.0302528 0.996285 -0.0806315 0.381105 0.984388 0.0157032 -0.175312 0.300762
261 -0.176084 -0.0932802 -0.979945 -1.44343 -0.0290074 0.995559 -0.0895542 0.371927 0.983948 0.0126566 -0.178008 0.297485
262 -0.178835 -0.103107 -0.978461 -1.44136 -0.0277312 0.994627 -0.0997421 0.367012 0.983488 0.00929648 -0.180734 0.295886
263 -0.182288 -0.115297 -0.976462 -1.44724 -0.0290199 0.993299 -0.111867 0.362227 0.982817 0.00794478 -0.184412 0.296249
264 -0.187346 -0.12961 -0.973706 -1.45388 -0.0269619 0.991562 -0.126799 0.352785 0.981924 0.00249763 -0.18926 0.296034
265 -0.193587 -0.145683 -0.970206 -1.45781 -0.0235202 0.989319 -0.143859 0.348935 0.980801 -0.00502991 -0.194946 0.297402
266 -0.197521 -0.159825 -0.967182 -1.45242 -0.0150435 0.986998 -0.160028 0.370586 0.980183 -0.017059 -0.197357 0.292089
267 -0.205332 -0.165334 -0.964626 -1.45893 -0.00256381 0.985715 -0.168403 0.350605 0.978689 -0.0321053 -0.202823 0.309162
268 -0.205562 -0.174022 -0.963048 -1.45464 0.00280326 0.983954 -0.178398 0.343315 0.97864 -0.0393716 -0.201776 0.298739
269 -0.207799 -0.18222 -0.961049 -1.45546 0.00714181 0.982187 -0.187772 0.34139 0.978145 -0.0458825 -0.202796 0.298685
270 -0.212649 -0.189053 -0.958665 -1.45155 0.00900335 0.980684 -0.195393 0.312441 0.977087 -0.0501813 -0.20684 0.327934
271 -0.210896 -0.208306 -0.955056 -1.45778 0.0127371 0.976362 -0.215766 0.34181 0.977426 -0.0576687 -0.203257 0.300597
272 -0.214655 -0.2164 -0.952415 -1.45106 0.0105981 0.974572 -0.223823 0.3258 0.976632 -0.0581384 -0.206903 0.306126
273 -0.218683 -0.227481 -0.94891 -1.45506 0.0117438 0.971763 -0.235666 0.311002 0.975725 -0.06268 -0.209837 0.328353
274 -0.222336 -0.237142 -0.945691 -1.44379 0.0150816 0.969016 -0.246537 0.293133 0.974854 -0.0690765 -0.21187 0.352325
275 -0.224499 -0.25172 -0.941402 -1.44658 0.0174794 0.964865 -0.262163 0.326552 0.974318 -0.0753103 -0.212211 0.343197
276 -0.227668 -0.258129 -0.938902 -1.45109 0.0200572 0.962776 -0.269556 0.303336 0.973532 -0.0802009 -0.214015 0.337942
277 -0.231674 -0.269463 -0.934728 -1.45012 0.0204858 0.959306 -0.281626 0.298649 0.972578 -0.0843938 -0.216726 0.33918
278 -0.236588 -0.284702 -0.928962 -1.45484 0.0212482 0.954361 -0.297898 0.316927 0.971378 -0.0902177 -0.219741 0.341832
279 -0.239175 -0.295461 -0.924932 -1.45816 0.0140339 0.951427 -0.307553 0.285473 0.970875 -0.0865394 -0.223411 0.346618
280 -0.242805 -0.316175 -0.917104 -1.46519 0.00885034 0.944633 -0.328009 0.29757 0.970035 -0.0877589 -0.226563 0.358505
281 -0.240735 -0.334549 -0.911111 -1.45961 -0.00106381 0.938809 -0.344438 0.292759 0.97059 -0.0819489 -0.22636 0.34763
282 -0.239461 -0.351415 -0.905078 -1.45712 -0.00532393 0.932661 -0.360716 0.297638 0.970891 -0.0815586 -0.225206 0.332221
283 -0.246066 -0.363587 -0.898474 -1.45025 -0.00145404 0.927113 -0.374778 0.29894 0.969252 -0.0909137 -0.22866 0.332635
284 -0.252093 -0.374406 -0.892339 -1.45487 0.00252667 0.921863 -0.387507 0.28604 0.9677 -0.0999426 -0.231449 0.32644
285 -0.260185 -0.386658 -0.884759 -1.45371 0.00635361 0.915613 -0.40201 0.282693 0.965538 -0.110219 -0.235772 0.331246
286 -0.268594 -0.399773 -0.876379 -1.45097 0.00730201 0.90894 -0.416864 0.282077 0.963226 -0.118366 -0.241216 0.340631
287 -0.276223 -0.412446 -0.868095 -1.45968 0.00849244 0.902154 -0.43133 0.261555 0.961056 -0.126515 -0.245693 0.34777
288 -0.283657 -0.421238 -0.861451 -1.45421 0.00979765 0.89703 -0.441862 0.235058 0.958876 -0.133777 -0.250322 0.349964
289 -0.291695 -0.429859 -0.85448 -1.43398 0.0119844 0.891616 -0.452633 0.209617 0.956436 -0.142271 -0.254928 0.337224
290 -0.301449 -0.44124 -0.845243 -1.44295 0.0146757 0.884228 -0.466825 0.239466 0.953369 -0.153128 -0.260074 0.316511
291 -0.315673 -0.445777 -0.837636 -1.42836 0.0148294 0.880348 -0.474097 0.256227 0.948752 -0.162081 -0.271291 0.326238
292 -0.32666 -0.446085 -0.833247 -1.42103 0.0126121 0.879475 -0.475778 0.233422 0.945058 -0.165927 -0.281663 0.340799
293 -0.332779 -0.449873 -0.828778 -1.41787 0.0118522 0.876804 -0.480701 0.233693 0.94293 -0.16979 -0.28645 0.324403
294 -0.335624 -0.45389 -0.825433 -1.40933 0.0103003 0.874439 -0.485025 0.238357 0.94194 -0.171289 -0.288808 0.293683
295 -0.345849 -0.455441 -0.820342 -1.41651 0.000550449 0.874196 -0.485572 0.265945 0.93829 -0.168386 -0.30209 0.340657
296 -0.348599 -0.452768 -0.820658 -1.40038 -0.00496389 0.876461 -0.481447 0.268473 0.937259 -0.163758 -0.307781 0.339915
297 -0.349822 -0.446407 -0.823618 -1.38671 -0.0029981 0.879696 -0.475528 0.262122 0.936812 -0.163881 -0.309075 0.309106
298 -0.350589 -0.435848 -0.82893 -1.37345 -0.00911187 0.886653 -0.462345 0.206695 0.936485 -0.15454 -0.314822 0.303034
299 -0.353601 -0.429366 -0.83103 -1.36609 -0.0116195 0.890374 -0.455082 0.208793 0.935324 -0.151261 -0.319826 0.308461
300 -0.361183 -0.420251 -0.832428 -1.3635 -0.0147321 0.895149 -0.445524 0.218571 0.932379 -0.148652 -0.329504 0.336404
301 -0.36462 -0.415974 -0.833077 -1.37818 -0.0162925 0.897383 -0.440952 0.267613 0.931014 -0.147207 -0.333981 0.324638
302 -0.365255 -0.409823 -0.835843 -1.38314 -0.0135118 0.900119 -0.435434 0.271721 0.930809 -0.147751 -0.334311 0.304465
303 -0.370143 -0.391824 -0.842299 -1.34739 -0.00593025 0.907676 -0.41963 0.229238 0.928956 -0.150328 -0.338294 0.28997
304 -0.373 -0.385003 -0.844182 -1.36666 -0.00565248 0.910771 -0.412874 0.256218 0.927814 -0.14923 -0.341894 0.270861
305 -0.375681 -0.378633 -0.845873 -1.37427 -0.00731614 0.913915 -0.40584 0.267347 0.92672 -0.146278 -0.346111 0.274154
306 -0.379582 -0.372014 -0.847068 -1.37938 -0.00947563 0.917107 -0.398527 0.285378 0.92511 -0.143247 -0.351642 0.282118
307 -0.382655 -0.365997 -0.848305 -1.38437 -0.0141981 0.920408 -0.390702 0.288766 0.923782 -0.13746 -0.357396 0.303683
308 -0.384532 -0.358651 -0.850591 -1.38795 -0.0129038 0.923437 -0.383533 0.283315 0.923021 -0.136505 -0.359719 0.300082
309 -0.388262 -0.353063 -0.851234 -1.40288 -0.0098932 0.925243 -0.379247 0.316147 0.921496 -0.138825 -0.362729 0.3111
310 -0.38882 -0.343621 -0.854835 -1.40595 -0.00379359 0.928433 -0.37148 0.308356 0.921306 -0.141196 -0.362297 0.299367
311 -0.390005 -0.335412 -0.857552 -1.40919 0.00401586 0.93067 -0.365837 0.314203 0.920804 -0.146122 -0.361619 0.294978
312 -0.391461 -0.327369 -0.859993 -1.40682 0.0115383 0.932757 -0.36032 0.313478 0.920122 -0.150974 -0.361361 0.28755
313 -0.392812 -0.325937 -0.859921 -1.4337 0.0157717 0.932559 -0.360673 0.332376 0.919484 -0.155239 -0.36118 0.280663
314 -0.394858 -0.324954 -0.859356 -1.45861 0.0191268 0.932251 -0.361306 0.347852 0.918543 -0.159101 -0.361891 0.287302
315 -0.390881 -0.321915 -0.862312 -1.45729 0.0208356 0.933512 -0.357939 0.336144 0.920205 -0.157879 -0.358185 0.256902
316 -0.393378 -0.320834 -0.86158 -1.4737 0.0212908 0.933704 -0.357412 0.339719 0.91913 -0.158942 -0.360468 0.265418
317 -0.395095 -0.319438 -0.861312 -1.48477 0.0195475 0.934459 -0.355533 0.334009 0.918432 -0.157306 -0.362956 0.279939
318 -0.394712 -0.319466 -0.861478 -1.49189 0.0191476 0.934543 -0.355334 0.33007 0.918605 -0.15675 -0.362759 0.270003
319 -0.397908 -0.318363 -0.860415 -1.49264 0.0221257 0.934255 -0.355918 0.333192 0.917158 -0.16066 -0.364704 0.270934
320 -0.402575 -0.318764 -0.858093 -1.5148 0.0254338 0.933153 -0.358579 0.366931 0.915034 -0.166179 -0.367556 0.259869
321 -0.405647 -0.315119 -0.857992 -1.53379 0.0265016 0.934242 -0.355654 0.36564 0.913646 -0.167008 -0.370621 0.263949
322 -0.404708 -0.314567 -0.858638 -1.5523 0.0298644 0.933923 -0.356224 0.395545 0.913958 -0.169809 -0.368571 0.236606
323 -0.409366 -0.308463 -0.858644 -1.5592 0.0311946 0.935832 -0.351064 0.407626 0.911837 -0.170499 -0.373476 0.245836
324 -0.414303 -0.297724 -0.860066 -1.57358 0.0296917 0.940059 -0.339718 0.406843 0.909654 -0.166283 -0.38063 0.274456
325 -0.414234 -0.288014 -0.863399 -1.58112 0.0322546 0.943372 -0.330166 0.420588 0.909599 -0.164615 -0.381487 0.265035
326 -0.4182 -0.278024 -0.864761 -1.59347 0.0315967 0.946979 -0.319737 0.431319 0.907805 -0.161038 -0.387242 0.261894
327 -0.421515 -0.2675 -0.866469 -1.60599 0.0265952 0.951444 -0.306672 0.422068 0.906431 -0.152311 -0.393934 0.263371
328 -0.424961 -0.26079 -0.866831 -1.62113 0.0225567 0.954253 -0.298149 0.413523 0.904931 -0.146255 -0.399638 0.260126
329 -0.429952 -0.256391 -0.865682 -1.62707 0.0175325 0.956279 -0.291931 0.423894 0.902681 -0.140694 -0.406659 0.261592
330 -0.429606 -0.247516 -0.868432 -1.64881 0.0124998 0.959979 -0.279792 0.419992 0.90293 -0.131055 -0.409319 0.237294
331 -0.431098 -0.239575 -0.869919 -1.6682 0.0111137 0.962624 -0.270613 0.433251 0.902237 -0.126329 -0.412322 0.227492
332 -0.433588 -0.228001 -0.871789 -1.6693 0.0104986 0.966117 -0.257892 0.439632 0.90105 -0.120972 -0.416503 0.239478
333 -0.435092 -0.215112 -0.874312 -1.67806 0.0106543 0.969744 -0.243893 0.436373 0.900323 -0.115431 -0.419636 0.237321
334 -0.438487 -0.20508 -0.875026 -1.687 0.0101696 0.972423 -0.233003 0.443978 0.89868 -0.111068 -0.424309 0.236248
335 -0.440859 -0.193595 -0.87645 -1.69296 0.00797658 0.975579 -0.219504 0.43367 0.897541 -0.103761 -0.428548 0.231554
336 -0.444165 -0.187828 -0.876035 -1.71326 0.00491463 0.977253 -0.212021 0.44289 0.895931 -0.0984778 -0.433139 0.232566
