[{"R":[[0.9991668462753296,0.03998097777366638,0.008193002082407475],[-0.04041615128517151,0.9972226023674011,0.06255900114774704],[-0.005669076927006245,-0.06283801048994064,0.9980076551437378]],"file_name":"/home/jonas/Downloads/freiburg/rgbd_dataset_freiburg2_360_hemisphere//rgb/1311874903.322796.png","mnId":1,"t":[-0.13617496192455292,-0.451132595539093,0.3001757562160492]},{"R":[[0.9932551980018616,0.05666115880012512,0.1011611670255661],[-0.06437189131975174,0.9951293468475342,0.07465848326683044],[-0.0964382067322731,-0.08066686242818832,0.9920647740364075]],"file_name":"/home/jonas/Downloads/freiburg/rgbd_dataset_freiburg2_360_hemisphere//rgb/1311874904.186715.png","mnId":2,"t":[-0.1366572082042694,-0.45733848214149475,0.0822986364364624]},{"R":[[0.99075847864151,0.051319606602191925,0.12555474042892456],[-0.060713790357112885,0.9955424070358276,0.0721745491027832],[-0.12129109352827072,-0.07913044840097427,0.9894578456878662]],"file_name":"/home/jonas/Downloads/freiburg/rgbd_dataset_freiburg2_360_hemisphere//rgb/1311874904.254790.png","mnId":3,"t":[-0.1347477287054062,-0.45581766963005066,0.06514757871627808]},{"R":[[0.9786195755004883,0.042210739105939865,0.20130059123039246],[-0.054691579192876816,0.9968838691711426,0.05684556066989899],[-0.19827380776405334,-0.06663962453603745,0.9778786301612854]],"file_name":"/home/jonas/Downloads/freiburg/rgbd_dataset_freiburg2_360_hemisphere//rgb/1311874904.554748.png","mnId":4,"t":[-0.16146309673786163,-0.45196422934532166,-0.03976790979504585]},{"R":[[0.9488792419433594,0.04523168504238129,0.3123816251754761],[-0.0625530481338501,0.9969971776008606,0.045647453516721725],[-0.30937889218330383,-0.0628543496131897,0.9488593339920044]],"file_name":"/home/jonas/Downloads/freiburg/rgbd_dataset_freiburg2_360_hemisphere//rgb/1311874905.754739.png","mnId":9,"t":[0.016392311081290245,-0.4828854501247406,-0.3401288390159607]},{"R":[[0.9024816751480103,0.041132982820272446,0.42875969409942627],[-0.06649746745824814,0.9968008995056152,0.0443403385579586],[-0.4255641996860504,-0.06852777302265167,0.9023298025131226]],"file_name":"/home/jonas/Downloads/freiburg/rgbd_dataset_freiburg2_360_hemisphere//rgb/1311874906.186718.png","mnId":10,"t":[0.0250711552798748,-0.49614855647087097,-0.49939635396003723]},{"R":[[0.8790071606636047,0.04730166867375374,0.4744564890861511],[-0.07484129071235657,0.9964200854301453,0.03931591659784317],[-0.470898300409317,-0.07006790488958359,0.8794005513191223]],"file_name":"/home/jonas/Downloads/freiburg/rgbd_dataset_freiburg2_360_hemisphere//rgb/1311874906.354893.png","mnId":11,"t":[0.0186073686927557,-0.514064371585846,-0.5585511922836304]},{"R":[[0.8537588119506836,0.04479549825191498,0.5187381505966187],[-0.07579682767391205,0.9963716864585876,0.03870784863829613],[-0.51512211561203,-0.07236587256193161,0.8540564179420471]],"file_name":"/home/jonas/Downloads/freiburg/rgbd_dataset_freiburg2_360_hemisphere//rgb/1311874906.486778.png","mnId":12,"t":[-0.009764362126588821,-0.49252811074256897,-0.6037929654121399]},{"R":[[0.8154041767120361,0.02922665700316429,0.5781537890434265],[-0.10205300152301788,0.9903403520584106,0.0938679501414299],[-0.5698255896568298,-0.13554264605045319,0.8105103373527527]],"file_name":"/home/jonas/Downloads/freiburg/rgbd_dataset_freiburg2_360_hemisphere//rgb/1311874906.654651.png","mnId":14,"t":[-0.046616535633802414,-0.4484942555427551,-0.6245846748352051]},{"R":[[0.8004029393196106,0.022622931748628616,0.5990353226661682],[-0.12061281502246857,0.9849295616149902,0.12396072596311569],[-0.5872032642364502,-0.17146986722946167,0.7910691499710083]],"file_name":"/home/jonas/Downloads/freiburg/rgbd_dataset_freiburg2_360_hemisphere//rgb/1311874906.722743.png","mnId":15,"t":[-0.05553430691361427,-0.45939207077026367,-0.6252530813217163]},{"R":[[0.785232424736023,0.015721194446086884,0.6190015077590942],[-0.13827604055404663,0.9788845181465149,0.15054826438426971],[-0.6035642027854919,-0.20380845665931702,0.7708257436752319]],"file_name":"/home/jonas/Downloads/freiburg/rgbd_dataset_freiburg2_360_hemisphere//rgb/1311874906.790649.png","mnId":16,"t":[-0.07195085287094116,-0.46811720728874207,-0.6185212135314941]},{"R":[[0.7761762738227844,0.009510335512459278,0.6304442286491394],[-0.15444494783878326,0.9722931385040283,0.17547890543937683],[-0.6113077402114868,-0.23357148468494415,0.7561396956443787]],"file_name":"/home/jonas/Downloads/freiburg/rgbd_dataset_freiburg2_360_hemisphere//rgb/1311874906.854740.png","mnId":17,"t":[-0.06573621183633804,-0.45215341448783875,-0.6152483224868774]},{"R":[[0.7633191347122192,0.00890524871647358,0.6459602117538452],[-0.2064700573682785,0.9508246183395386,0.2308736890554428],[-0.6121388673782349,-0.309601753950119,0.72762131690979]],"file_name":"/home/jonas/Downloads/freiburg/rgbd_dataset_freiburg2_360_hemisphere//rgb/1311874907.022662.png","mnId":18,"t":[-0.06312815845012665,-0.5030455589294434,-0.6043345332145691]},{"R":[[0.7508411407470703,0.006314580794423819,0.660452663898468],[-0.2423190176486969,0.9328587651252747,0.266563355922699],[-0.614425778388977,-0.36018696427345276,0.7019588947296143]],"file_name":"/home/jonas/Downloads/freiburg/rgbd_dataset_freiburg2_360_hemisphere//rgb/1311874907.154788.png","mnId":19,"t":[-0.08313002437353134,-0.5726807713508606,-0.5956575274467468]},{"R":[[0.7521119117736816,0.003561250166967511,0.6590257883071899],[-0.25426462292671204,0.924131453037262,0.28518518805503845],[-0.6080108284950256,-0.38205811381340027,0.695955753326416]],"file_name":"/home/jonas/Downloads/freiburg/rgbd_dataset_freiburg2_360_hemisphere//rgb/1311874907.254677.png","mnId":20,"t":[-0.043413516134023666,-0.5735877156257629,-0.59296053647995]},{"R":[[0.7520976066589355,0.003960657399147749,0.6590397953987122],[-0.27505987882614136,0.9106125831604004,0.3084263503551483],[-0.5989083647727966,-0.4132421314716339,0.685958981513977]],"file_name":"/home/jonas/Downloads/freiburg/rgbd_dataset_freiburg2_360_hemisphere//rgb/1311874907.354740.png","mnId":21,"t":[-0.01681547425687313,-0.5912905335426331,-0.5887270569801331]},{"R":[[0.7468827962875366,0.018418405205011368,0.6647005677223206],[-0.3019062578678131,0.9000399708747864,0.31429383158683777],[-0.5924683213233948,-0.43541792035102844,0.6777850389480591]],"file_name":"/home/jonas/Downloads/freiburg/rgbd_dataset_freiburg2_360_hemisphere//rgb/1311874907.454784.png","mnId":22,"t":[0.01281353086233139,-0.5886516571044922,-0.583897590637207]},{"R":[[0.7323545217514038,0.028353480622172356,0.6803329586982727],[-0.33479225635528564,0.8850178122520447,0.32350820302963257],[-0.5929341912269592,-0.4646929204463959,0.6576393246650696]],"file_name":"/home/jonas/Downloads/freiburg/rgbd_dataset_freiburg2_360_hemisphere//rgb/1311874907.590698.png","mnId":23,"t":[0.05768268555402756,-0.6218536496162415,-0.5720862150192261]},{"R":[[0.7137030363082886,0.035313550382852554,0.6995576620101929],[-0.3594305217266083,0.8756752014160156,0.3224944472312927],[-0.6011968851089478,-0.4816076159477234,0.637664794921875]],"file_name":"/home/jonas/Downloads/freiburg/rgbd_dataset_freiburg2_360_hemisphere//rgb/1311874907.690546.png","mnId":24,"t":[0.08435466140508652,-0.6095255613327026,-0.5684059858322144]},{"R":[[0.6827124357223511,0.046424899250268936,0.7292108535766602],[-0.3952603340148926,0.8628241419792175,0.31512507796287537],[-0.6145510077476501,-0.5033679008483887,0.6074106693267822]],"file_name":"/home/jonas/Downloads/freiburg/rgbd_dataset_freiburg2_360_hemisphere//rgb/1311874907.790749.png","mnId":25,"t":[0.08802101016044617,-0.6491058468818665,-0.5545846819877625]},{"R":[[0.6537690162658691,0.04081494361162186,0.7555926442146301],[-0.40727224946022034,0.8605534434318542,0.3059036433696747],[-0.6377424001693726,-0.5077222585678101,0.579226016998291]],"file_name":"/home/jonas/Downloads/freiburg/rgbd_dataset_freiburg2_360_hemisphere//rgb/1311874907.890625.png","mnId":26,"t":[0.09337373077869415,-0.6354168057441711,-0.552926778793335]},{"R":[[0.6028931140899658,0.034750279039144516,0.7970647811889648],[-0.427593469619751,0.8575218915939331,0.2860420346260071],[-0.6735605001449585,-0.5132724642753601,0.5318530201911926]],"file_name":"/home/jonas/Downloads/freiburg/rgbd_dataset_freiburg2_360_hemisphere//rgb/1311874908.022721.png","mnId":27,"t":[0.06514616310596466,-0.6769480109214783,-0.5617249011993408]},{"R":[[0.5533416867256165,0.035604167729616165,0.8321930766105652],[-0.4355263411998749,0.8640007972717285,0.25262507796287537],[-0.7100209593772888,-0.5022299885749817,0.4935941994190216]],"file_name":"/home/jonas/Downloads/freiburg/rgbd_dataset_freiburg2_360_hemisphere//rgb/1311874908.154718.png","mnId":28,"t":[0.058836307376623154,-0.6776775121688843,-0.5802472829818726]},{"R":[[0.5057602524757385,0.037410855293273926,0.8618625402450562],[-0.4418889880180359,0.8692740797996521,0.22157777845859528],[-0.7409053444862366,-0.49291276931762695,0.45617568492889404]],"file_name":"/home/jonas/Downloads/freiburg/rgbd_dataset_freiburg2_360_hemisphere//rgb/1311874908.254568.png","mnId":29,"t":[0.015931565314531326,-0.6710394620895386,-0.6047585606575012]},{"R":[[0.46101710200309753,0.028286177664995193,0.8869403004646301],[-0.44365018606185913,0.8729617595672607,0.20276173949241638],[-0.7685295939445496,-0.48696786165237427,0.41499945521354675]],"file_name":"/home/jonas/Downloads/freiburg/rgbd_dataset_freiburg2_360_hemisphere//rgb/1311874908.354719.png","mnId":30,"t":[-0.03721128776669502,-0.701547384262085,-0.6306435465812683]},{"R":[[0.4187595546245575,0.02319006435573101,0.9078009724617004],[-0.44697603583335876,0.8754553198814392,0.18382181227207184],[-0.7904763221740723,-0.48274242877960205,0.37697067856788635]],"file_name":"/home/jonas/Downloads/freiburg/rgbd_dataset_freiburg2_360_hemisphere//rgb/1311874908.454657.png","mnId":31,"t":[-0.08265018463134766,-0.7052360773086548,-0.6551446914672852]},{"R":[[0.38741374015808105,0.02537156641483307,0.9215567708015442],[-0.430961012840271,0.8886595368385315,0.1567060649394989],[-0.8149743676185608,-0.4578651189804077,0.35521307587623596]],"file_name":"/home/jonas/Downloads/freiburg/rgbd_dataset_freiburg2_360_hemisphere//rgb/1311874908.554694.png","mnId":32,"t":[-0.10725495964288712,-0.6928648948669434,-0.658913254737854]},{"R":[[0.34938758611679077,0.010157107375562191,0.9369232058525085],[-0.40790319442749023,0.9018625617027283,0.1423339694738388],[-0.8435302376747131,-0.4319036900997162,0.3192426860332489]],"file_name":"/home/jonas/Downloads/freiburg/rgbd_dataset_freiburg2_360_hemisphere//rgb/1311874908.654951.png","mnId":33,"t":[-0.1472328007221222,-0.6765567660331726,-0.6952489614486694]},{"R":[[0.3165840208530426,-0.0013626150321215391,0.9485635161399841],[-0.38433027267456055,0.9140559434890747,0.1295836716890335],[-0.8672167062759399,-0.40558579564094543,0.2888518273830414]],"file_name":"/home/jonas/Downloads/freiburg/rgbd_dataset_freiburg2_360_hemisphere//rgb/1311874908.754705.png","mnId":34,"t":[-0.17286641895771027,-0.7317600846290588,-0.7268990278244019]},{"R":[[0.2851455807685852,-0.004233908839523792,0.95847487449646],[-0.3405424952507019,0.9342984557151794,0.10543825477361679],[-0.8959479928016663,-0.356466680765152,0.26496922969818115]],"file_name":"/home/jonas/Downloads/freiburg/rgbd_dataset_freiburg2_360_hemisphere//rgb/1311874908.854749.png","mnId":35,"t":[-0.20538230240345,-0.6938892602920532,-0.7496693134307861]},{"R":[[0.2579890191555023,-0.010532693937420845,0.9660904407501221],[-0.2934924364089966,0.9518325328826904,0.08875274658203125],[-0.920491099357605,-0.3064374625682831,0.24247106909751892]],"file_name":"/home/jonas/Downloads/freiburg/rgbd_dataset_freiburg2_360_hemisphere//rgb/1311874908.990522.png","mnId":36,"t":[-0.2658461034297943,-0.7224356532096863,-0.8343732953071594]},{"R":[[0.24743330478668213,2.0521618353086524e-05,0.9689049124717712],[-0.23811908066272736,0.9693317413330078,0.06078893691301346],[-0.9391890168190002,-0.24575597047805786,0.23984983563423157]],"file_name":"/home/jonas/Downloads/freiburg/rgbd_dataset_freiburg2_360_hemisphere//rgb/1311874909.122582.png","mnId":37,"t":[-0.270847886800766,-0.6920472383499146,-0.8900007605552673]},{"R":[[0.24589018523693085,0.00010072385339299217,0.9692977070808411],[-0.1760435849428177,0.9833734631538391,0.04455632343888283],[-0.9531771540641785,-0.1815946102142334,0.2418196201324463]],"file_name":"/home/jonas/Downloads/freiburg/rgbd_dataset_freiburg2_360_hemisphere//rgb/1311874909.254606.png","mnId":38,"t":[-0.24902530014514923,-0.659771203994751,-0.9528033137321472]},{"R":[[0.226071298122406,0.010567547753453255,0.9740534424781799],[-0.12278084456920624,0.9922754168510437,0.017731377854943275],[-0.9663418531417847,-0.12360366433858871,0.2256224900484085]],"file_name":"/home/jonas/Downloads/freiburg/rgbd_dataset_freiburg2_360_hemisphere//rgb/1311874909.390690.png","mnId":39,"t":[-0.2773541808128357,-0.5870224833488464,-1.0194735527038574]},{"R":[[0.24349358677864075,0.0023149303160607815,0.9698997735977173],[-0.060385774821043015,0.99809330701828,0.012777642346918583],[-0.9680208563804626,-0.0616794191300869,0.24316911399364471]],"file_name":"/home/jonas/Downloads/freiburg/rgbd_dataset_freiburg2_360_hemisphere//rgb/1311874909.554574.png","mnId":40,"t":[-0.246491938829422,-0.52723628282547,-1.0900046825408936]},{"R":[[0.27021437883377075,-0.014863843098282814,0.9626854658126831],[-0.012721072882413864,0.9997384548187256,0.019006595015525818],[-0.9627161622047424,-0.017382247373461723,0.2699546217918396]],"file_name":"/home/jonas/Downloads/freiburg/rgbd_dataset_freiburg2_360_hemisphere//rgb/1311874909.754743.png","mnId":41,"t":[-0.1722279042005539,-0.49987009167671204,-1.1475791931152344]},{"R":[[0.2752872109413147,-0.0215176809579134,0.9611212015151978],[0.1759224534034729,0.9839954972267151,-0.028358444571495056],[-0.9451286792755127,0.17688952386379242,0.27466681599617004]],"file_name":"/home/jonas/Downloads/freiburg/rgbd_dataset_freiburg2_360_hemisphere//rgb/1311874910.222680.png","mnId":43,"t":[-0.11254580318927765,-0.3027176558971405,-1.282394528388977]},{"R":[[0.24015158414840698,-0.017573488876223564,0.9705763459205627],[0.23248231410980225,0.9717807173728943,-0.03992825374007225],[-0.9424856305122375,0.23523065447807312,0.237460196018219]],"file_name":"/home/jonas/Downloads/freiburg/rgbd_dataset_freiburg2_360_hemisphere//rgb/1311874910.390475.png","mnId":44,"t":[-0.14695832133293152,-0.21738997101783752,-1.322286605834961]},{"R":[[0.2164558619260788,-0.015854904428124428,0.9761636257171631],[0.25120213627815247,0.9671080708503723,-0.03999408334493637],[-0.9434216022491455,0.253871351480484,0.21331898868083954]],"file_name":"/home/jonas/Downloads/freiburg/rgbd_dataset_freiburg2_360_hemisphere//rgb/1311874910.454714.png","mnId":45,"t":[-0.1873888224363327,-0.1976630687713623,-1.334299087524414]},{"R":[[0.20771150290966034,-0.013275349512696266,0.978100061416626],[0.2616318166255951,0.9642327427864075,-0.042473580688238144],[-0.9425522685050964,0.26472434401512146,0.20375549793243408]],"file_name":"/home/jonas/Downloads/freiburg/rgbd_dataset_freiburg2_360_hemisphere//rgb/1311874910.490663.png","mnId":46,"t":[-0.20181122422218323,-0.17598558962345123,-1.3446648120880127]},{"R":[[0.18835212290287018,-0.010629297234117985,0.9820440411567688],[0.2804426848888397,0.9588887095451355,-0.04340911656618118],[-0.9412095546722412,0.28358328342437744,0.1835896372795105]],"file_name":"/home/jonas/Downloads/freiburg/rgbd_dataset_freiburg2_360_hemisphere//rgb/1311874910.554814.png","mnId":47,"t":[-0.23979684710502625,-0.15144328773021698,-1.3588367700576782]},{"R":[[0.17540490627288818,-0.003346378216519952,0.984490692615509],[0.2953313887119293,0.9541181325912476,-0.0493755117058754],[-0.9391552209854126,0.29941168427467346,0.16834530234336853]],"file_name":"/home/jonas/Downloads/freiburg/rgbd_dataset_freiburg2_360_hemisphere//rgb/1311874910.622825.png","mnId":48,"t":[-0.2509898841381073,-0.12833629548549652,-1.375386118888855]},{"R":[[0.1520577371120453,-0.008102811872959137,0.9883384108543396],[0.30944669246673584,0.9500827193260193,-0.039819784462451935],[-0.9386805295944214,0.31189295649528503,0.14697480201721191]],"file_name":"/home/jonas/Downloads/freiburg/rgbd_dataset_freiburg2_360_hemisphere//rgb/1311874910.690678.png","mnId":49,"t":[-0.3024348020553589,-0.09780647605657578,-1.38746976852417]},{"R":[[0.05764028802514076,-0.028080306947231293,0.9979424476623535],[0.3411157429218292,0.9399970769882202,0.0067472802475094795],[-0.9382524490356445,0.3400249481201172,0.06376034021377563]],"file_name":"/home/jonas/Downloads/freiburg/rgbd_dataset_freiburg2_360_hemisphere//rgb/1311874910.954683.png","mnId":50,"t":[-0.4267290234565735,-0.06512726843357086,-1.4099833965301514]},{"R":[[-0.07760944217443466,-0.02775261364877224,0.9965974688529968],[0.3304547667503357,0.9423895478248596,0.05197703838348389],[-0.9406255483627319,0.3333643078804016,-0.06396734714508057]],"file_name":"/home/jonas/Downloads/freiburg/rgbd_dataset_freiburg2_360_hemisphere//rgb/1311874911.390618.png","mnId":51,"t":[-0.5691063404083252,-0.09144791960716248,-1.4054162502288818]},{"R":[[-0.06644198298454285,-0.041067566722631454,0.996944785118103],[0.311257004737854,0.9484415650367737,0.05981346219778061],[-0.9480002522468567,0.3142801821231842,-0.05023377016186714]],"file_name":"/home/jonas/Downloads/freiburg/rgbd_dataset_freiburg2_360_hemisphere//rgb/1311874911.590658.png","mnId":52,"t":[-0.5212886929512024,-0.10041353851556778,-1.432490348815918]},{"R":[[-0.07811790704727173,-0.04110991209745407,0.9960961937904358],[0.28683900833129883,0.9559736847877502,0.061949096620082855],[-0.9547884464263916,0.2905585765838623,-0.06288673728704453]],"file_name":"/home/jonas/Downloads/freiburg/rgbd_dataset_freiburg2_360_hemisphere//rgb/1311874911.690668.png","mnId":53,"t":[-0.5242273807525635,-0.11852248758077621,-1.4337106943130493]},{"R":[[-0.07136999070644379,-0.036159615963697433,0.9967942833900452],[0.10191681236028671,0.9938479661941528,0.04334992915391922],[-0.9922294616699219,0.10468398034572601,-0.06724564731121063]],"file_name":"/home/jonas/Downloads/freiburg/rgbd_dataset_freiburg2_360_hemisphere//rgb/1311874912.254480.png","mnId":55,"t":[-0.4586254954338074,-0.3004772365093231,-1.4299286603927612]},{"R":[[-0.1929294317960739,-0.02492881938815117,0.9808959364891052],[-0.12602384388446808,0.9920271039009094,0.0004244652227498591],[-0.9730859398841858,-0.12353438884019852,-0.1945328563451767]],"file_name":"/home/jonas/Downloads/freiburg/rgbd_dataset_freiburg2_360_hemisphere//rgb/1311874913.022628.png","mnId":57,"t":[-0.5861061215400696,-0.5064073801040649,-1.308173418045044]},{"R":[[-0.24306562542915344,0.006646161898970604,0.9699870944023132],[-0.31525224447250366,0.9451509118080139,-0.08547393232584],[-0.9173522591590881,-0.3265663683414459,-0.22763848304748535]],"file_name":"/home/jonas/Downloads/freiburg/rgbd_dataset_freiburg2_360_hemisphere//rgb/1311874913.554627.png","mnId":60,"t":[-0.7042544484138489,-0.7106547355651855,-1.1941156387329102]},{"R":[[-0.26182204484939575,0.0023862153757363558,0.9651132225990295],[-0.38895660638809204,0.9149295687675476,-0.10778074711561203],[-0.8832678198814392,-0.4036065340042114,-0.2386205792427063]],"file_name":"/home/jonas/Downloads/freiburg/rgbd_dataset_freiburg2_360_hemisphere//rgb/1311874913.722454.png","mnId":61,"t":[-0.7139632105827332,-0.8191512823104858,-1.1141774654388428]},{"R":[[-0.28195521235466003,0.0011172890663146973,0.9594269394874573],[-0.43097108602523804,0.8932850956916809,-0.1276935189962387],[-0.8571844696998596,-0.44948911666870117,-0.2513848841190338]],"file_name":"/home/jonas/Downloads/freiburg/rgbd_dataset_freiburg2_360_hemisphere//rgb/1311874913.822608.png","mnId":62,"t":[-0.7503376603126526,-0.8828955888748169,-1.0492591857910156]},{"R":[[-0.32525888085365295,0.006056475918740034,0.9456056356430054],[-0.45420247316360474,0.8760747909545898,-0.16184264421463013],[-0.829401433467865,-0.48213717341423035,-0.28220024704933167]],"file_name":"/home/jonas/Downloads/freiburg/rgbd_dataset_freiburg2_360_hemisphere//rgb/1311874913.954498.png","mnId":63,"t":[-0.7871680855751038,-0.8668344616889954,-0.973325788974762]},{"R":[[-0.35185012221336365,-0.016825884580612183,0.9359050989151001],[-0.4380766451358795,0.8865443468093872,-0.14875485002994537],[-0.8272184133529663,-0.46233758330345154,-0.3193017542362213]],"file_name":"/home/jonas/Downloads/freiburg/rgbd_dataset_freiburg2_360_hemisphere//rgb/1311874914.190589.png","mnId":64,"t":[-0.7599683403968811,-0.8137235045433044,-0.9328330755233765]},{"R":[[-0.3748578131198883,-0.014795249328017235,0.9269642233848572],[-0.3836749792098999,0.9127039909362793,-0.14058782160282135],[-0.8439639210700989,-0.40835344791412354,-0.3478107750415802]],"file_name":"/home/jonas/Downloads/freiburg/rgbd_dataset_freiburg2_360_hemisphere//rgb/1311874914.390664.png","mnId":65,"t":[-0.7762863039970398,-0.7732975482940674,-0.9691044092178345]},{"R":[[-0.38272416591644287,-0.012180827558040619,0.9237823486328125],[-0.35475239157676697,0.9251953363418579,-0.13477489352226257],[-0.8530374765396118,-0.37929561734199524,-0.358415812253952]],"file_name":"/home/jonas/Downloads/freiburg/rgbd_dataset_freiburg2_360_hemisphere//rgb/1311874914.522594.png","mnId":66,"t":[-0.7794796824455261,-0.7587456107139587,-0.9971930384635925]},{"R":[[-0.3931996524333954,0.018062572926282883,0.91927570104599],[-0.3238620162010193,0.9330108165740967,-0.1568572074174881],[-0.8605273962020874,-0.3593946695327759,-0.36100974678993225]],"file_name":"/home/jonas/Downloads/freiburg/rgbd_dataset_freiburg2_360_hemisphere//rgb/1311874914.722597.png","mnId":67,"t":[-0.8356748819351196,-0.76624995470047,-1.071880578994751]},{"R":[[-0.4173218607902527,0.029202701523900032,0.9082894325256348],[-0.27061280608177185,0.9501471519470215,-0.15488401055335999],[-0.8675316572189331,-0.31043124198913574,-0.38861456513404846]],"file_name":"/home/jonas/Downloads/freiburg/rgbd_dataset_freiburg2_360_hemisphere//rgb/1311874915.090574.png","mnId":68,"t":[-0.9109619855880737,-0.7518312931060791,-1.162796139717102]},{"R":[[-0.4372766613960266,0.010888779535889626,0.8992611169815063],[-0.22124992311000824,0.9678918719291687,-0.11930526793003082],[-0.8716866374015808,-0.2511308491230011,-0.42082738876342773]],"file_name":"/home/jonas/Downloads/freiburg/rgbd_dataset_freiburg2_360_hemisphere//rgb/1311874915.290554.png","mnId":69,"t":[-0.9677473902702332,-0.7254829406738281,-1.2470269203186035]},{"R":[[-0.5034146308898926,-0.01053540874272585,0.863980770111084],[-0.10728119313716888,0.9929503798484802,-0.05040133371949196],[-0.857358992099762,-0.11806165426969528,-0.5009959936141968]],"file_name":"/home/jonas/Downloads/freiburg/rgbd_dataset_freiburg2_360_hemisphere//rgb/1311874915.754594.png","mnId":71,"t":[-1.082783579826355,-0.6254057288169861,-1.350553035736084]},{"R":[[-0.5498285293579102,-0.017143534496426582,0.8351016044616699],[-0.0011370211141183972,0.9998037815093994,0.01977604068815708],[-0.8352767825126648,0.009923902340233326,-0.5497401356697083]],"file_name":"/home/jonas/Downloads/freiburg/rgbd_dataset_freiburg2_360_hemisphere//rgb/1311874916.090520.png","mnId":72,"t":[-1.1522589921951294,-0.5052106380462646,-1.3974428176879883]},{"R":[[-0.5924891233444214,-0.03641634061932564,0.804754912853241],[0.06975606083869934,0.9929062724113464,0.09628735482692719],[-0.8025526404380798,0.11318574100732803,-0.5857458710670471]],"file_name":"/home/jonas/Downloads/freiburg/rgbd_dataset_freiburg2_360_hemisphere//rgb/1311874916.358757.png","mnId":73,"t":[-1.1784865856170654,-0.42225003242492676,-1.422912359237671]},{"R":[[-0.6095787882804871,-0.04055581986904144,0.7916873693466187],[0.10423865169286728,0.9859180450439453,0.13076674938201904],[-0.78584223985672,0.16223706305027008,-0.596767246723175]],"file_name":"/home/jonas/Downloads/freiburg/rgbd_dataset_freiburg2_360_hemisphere//rgb/1311874916.490466.png","mnId":74,"t":[-1.186358094215393,-0.37632593512535095,-1.4467898607254028]},{"R":[[-0.6280814409255981,-0.05004976689815521,0.7765363454818726],[0.125457301735878,0.9783608913421631,0.16453079879283905],[-0.7679675221443176,0.20076090097427368,-0.6082112789154053]],"file_name":"/home/jonas/Downloads/freiburg/rgbd_dataset_freiburg2_360_hemisphere//rgb/1311874916.590377.png","mnId":75,"t":[-1.1882190704345703,-0.36025676131248474,-1.440471887588501]},{"R":[[-0.6498103141784668,-0.04394400119781494,0.7588250637054443],[0.16207708418369293,0.9673566818237305,0.1948128640651703],[-0.7426153421401978,0.2495795488357544,-0.6214760541915894]],"file_name":"/home/jonas/Downloads/freiburg/rgbd_dataset_freiburg2_360_hemisphere//rgb/1311874916.690386.png","mnId":76,"t":[-1.2197093963623047,-0.29260504245758057,-1.4480409622192383]},{"R":[[-0.6573275923728943,-0.03133343905210495,0.752953290939331],[0.19108471274375916,0.959553062915802,0.20674768090248108],[-0.7289767265319824,0.2797788083553314,-0.6247532963752747]],"file_name":"/home/jonas/Downloads/freiburg/rgbd_dataset_freiburg2_360_hemisphere//rgb/1311874916.758476.png","mnId":77,"t":[-1.2379984855651855,-0.2418578714132309,-1.4599995613098145]},{"R":[[-0.6723295450210571,-0.03342338651418686,0.7394970059394836],[0.2621101140975952,0.9235117435455322,0.28004342317581177],[-0.692294180393219,0.382111132144928,-0.6121436357498169]],"file_name":"/home/jonas/Downloads/freiburg/rgbd_dataset_freiburg2_360_hemisphere//rgb/1311874917.022566.png","mnId":80,"t":[-1.199479103088379,-0.0448860265314579,-1.4906811714172363]},{"R":[[-0.6841230392456055,-0.053228676319122314,0.7274217009544373],[0.2666319012641907,0.910051703453064,0.31735357642173767],[-0.6788836717605591,0.41106271743774414,-0.6083949208259583]],"file_name":"/home/jonas/Downloads/freiburg/rgbd_dataset_freiburg2_360_hemisphere//rgb/1311874917.158628.png","mnId":81,"t":[-1.1817471981048584,-0.03647172823548317,-1.5115925073623657]},{"R":[[-0.6862283945083618,-0.054626528173685074,0.7253319621086121],[0.2702082395553589,0.9066753387451172,0.3239249289035797],[-0.6753355264663696,0.41827717423439026,-0.6074258685112]],"file_name":"/home/jonas/Downloads/freiburg/rgbd_dataset_freiburg2_360_hemisphere//rgb/1311874917.190499.png","mnId":82,"t":[-1.1792547702789307,-0.029186327010393143,-1.5166313648223877]},{"R":[[-0.6882022023200989,-0.05691567063331604,0.723283052444458],[0.2739025950431824,0.9027630686759949,0.3316567838191986],[-0.6718297004699707,0.4263560473918915,-0.6056941747665405]],"file_name":"/home/jonas/Downloads/freiburg/rgbd_dataset_freiburg2_360_hemisphere//rgb/1311874917.222581.png","mnId":83,"t":[-1.172477126121521,-0.01951238140463829,-1.5178511142730713]},{"R":[[-0.6915487051010132,-0.05876535177230835,0.7199354767799377],[0.27641087770462036,0.8992951512336731,0.3389178514480591],[-0.6673510670661926,0.43337616324424744,-0.605663001537323]],"file_name":"/home/jonas/Downloads/freiburg/rgbd_dataset_freiburg2_360_hemisphere//rgb/1311874917.258537.png","mnId":84,"t":[-1.1719608306884766,-0.0110887810587883,-1.5165647268295288]},{"R":[[-0.6941239237785339,-0.058515604585409164,0.7174732685089111],[0.27997419238090515,0.8962730169296265,0.3439609110355377],[-0.6631789803504944,0.43962550163269043,-0.6057417392730713]],"file_name":"/home/jonas/Downloads/freiburg/rgbd_dataset_freiburg2_360_hemisphere//rgb/1311874917.290455.png","mnId":85,"t":[-1.173600673675537,-0.0036321880761533976,-1.516554594039917]},{"R":[[-0.6967487931251526,-0.05739057436585426,0.715015709400177],[0.284485399723053,0.892941415309906,0.34888923168182373],[-0.6584900617599487,0.44649967551231384,-0.6058290600776672]],"file_name":"/home/jonas/Downloads/freiburg/rgbd_dataset_freiburg2_360_hemisphere//rgb/1311874917.322572.png","mnId":86,"t":[-1.1763300895690918,0.007032423745840788,-1.5144938230514526]},{"R":[[-0.6990450620651245,-0.057636938989162445,0.712751030921936],[0.2873384654521942,0.8900946974754333,0.35379093885421753],[-0.6548073291778564,0.45211657881736755,-0.6056549549102783]],"file_name":"/home/jonas/Downloads/freiburg/rgbd_dataset_freiburg2_360_hemisphere//rgb/1311874917.358553.png","mnId":87,"t":[-1.175054669380188,0.014134501107037067,-1.5168782472610474]},{"R":[[-0.7035374045372009,-0.05723272264003754,0.708349883556366],[0.2920622229576111,0.8854002356529236,0.3616158962249756],[-0.6478694081306458,0.4612925350666046,-0.6061967015266418]],"file_name":"/home/jonas/Downloads/freiburg/rgbd_dataset_freiburg2_360_hemisphere//rgb/1311874917.422782.png","mnId":88,"t":[-1.1756069660186768,0.027480028569698334,-1.5161882638931274]},{"R":[[-0.7228320837020874,-0.06077677756547928,0.6883457899093628],[0.2851429283618927,0.8811317086219788,0.3772272765636444],[-0.6294499635696411,0.46894893050193787,-0.6195802092552185]],"file_name":"/home/jonas/Downloads/freiburg/rgbd_dataset_freiburg2_360_hemisphere//rgb/1311874917.590507.png","mnId":89,"t":[-1.1880391836166382,0.026664162054657936,-1.4990557432174683]},{"R":[[-0.7368000149726868,-0.062095895409584045,0.6732531785964966],[0.27606797218322754,0.8813509941101074,0.38341471552848816],[-0.6171808242797852,0.46836361289024353,-0.6322367787361145]],"file_name":"/home/jonas/Downloads/freiburg/rgbd_dataset_freiburg2_360_hemisphere//rgb/1311874917.690542.png","mnId":90,"t":[-1.2014023065567017,0.017901591956615448,-1.4858280420303345]},{"R":[[-0.748284101486206,-0.0633964017033577,0.6603421568870544],[0.26754075288772583,0.8820392489433289,0.38785138726234436],[-0.6070361137390137,0.46689146757125854,-0.6430548429489136]],"file_name":"/home/jonas/Downloads/freiburg/rgbd_dataset_freiburg2_360_hemisphere//rgb/1311874917.758487.png","mnId":91,"t":[-1.2184953689575195,0.007145320065319538,-1.4750969409942627]},{"R":[[-0.7546828985214233,-0.0654284805059433,0.6528191566467285],[0.26188337802886963,0.8822706937789917,0.39117196202278137],[-0.6015569567680359,0.4661732614040375,-0.6486999988555908]],"file_name":"/home/jonas/Downloads/freiburg/rgbd_dataset_freiburg2_360_hemisphere//rgb/1311874917.790649.png","mnId":92,"t":[-1.228636384010315,0.002189754042774439,-1.464237928390503]},{"R":[[-0.7608509659767151,-0.06745073199272156,0.6454116702079773],[0.25547975301742554,0.8831263780593872,0.39346906542778015],[-0.5965198874473572,0.46426093578338623,-0.6546952128410339]],"file_name":"/home/jonas/Downloads/freiburg/rgbd_dataset_freiburg2_360_hemisphere//rgb/1311874917.822976.png","mnId":93,"t":[-1.2350655794143677,-0.01000866387039423,-1.456255316734314]},{"R":[[-0.7736818790435791,-0.0658823549747467,0.6301395297050476],[0.24781960248947144,0.8838714361190796,0.39668208360671997],[-0.5830967426300049,0.4630666673183441,-0.6675084233283997]],"file_name":"/home/jonas/Downloads/freiburg/rgbd_dataset_freiburg2_360_hemisphere//rgb/1311874917.890550.png","mnId":94,"t":[-1.2565304040908813,-0.0234836395829916,-1.4442481994628906]},{"R":[[-0.7798142433166504,-0.06558562070131302,0.6225658655166626],[0.24379532039165497,0.8841648101806641,0.39851781725883484],[-0.5765878558158875,0.46254852414131165,-0.6734948754310608]],"file_name":"/home/jonas/Downloads/freiburg/rgbd_dataset_freiburg2_360_hemisphere//rgb/1311874917.922748.png","mnId":95,"t":[-1.2668367624282837,-0.02665468491613865,-1.4382414817810059]},{"R":[[-0.7858288884162903,-0.06493271142244339,0.6150257587432861],[0.23861871659755707,0.8856334090232849,0.39838993549346924],[-0.5705558657646179,0.45982298254966736,-0.6804621815681458]],"file_name":"/home/jonas/Downloads/freiburg/rgbd_dataset_freiburg2_360_hemisphere//rgb/1311874917.958495.png","mnId":96,"t":[-1.2777258157730103,-0.03738323599100113,-1.4281586408615112]},{"R":[[-0.7970479726791382,-0.059965863823890686,0.6009314656257629],[0.23489201068878174,0.8859243392944336,0.39995479583740234],[-0.5563634037971497,0.4599371552467346,-0.6920387148857117]],"file_name":"/home/jonas/Downloads/freiburg/rgbd_dataset_freiburg2_360_hemisphere//rgb/1311874918.022600.png","mnId":97,"t":[-1.2979825735092163,-0.040281031280756,-1.411242127418518]},{"R":[[-0.8016310334205627,-0.05743183195590973,0.5950539708137512],[0.23399703204631805,0.8858129978179932,0.40072524547576904],[-0.5501209497451782,0.4604746699333191,-0.696656346321106]],"file_name":"/home/jonas/Downloads/freiburg/rgbd_dataset_freiburg2_360_hemisphere//rgb/1311874918.058506.png","mnId":98,"t":[-1.3005945682525635,-0.04243425652384758,-1.4044142961502075]},{"R":[[-0.8153051733970642,-0.051675885915756226,0.5767209529876709],[0.2293609082698822,0.8857166171073914,0.4036082625389099],[-0.5316681265830994,0.46134114265441895,-0.7102769613265991]],"file_name":"/home/jonas/Downloads/freiburg/rgbd_dataset_freiburg2_360_hemisphere//rgb/1311874918.122600.png","mnId":99,"t":[-1.3294525146484375,-0.04098333790898323,-1.382914662361145]},{"R":[[-0.823793351650238,-0.04855812340974808,0.5648066997528076],[0.22363120317459106,0.8876875042915344,0.4024922847747803],[-0.5209161043167114,0.45787885785102844,-0.7204118967056274]],"file_name":"/home/jonas/Downloads/freiburg/rgbd_dataset_freiburg2_360_hemisphere//rgb/1311874918.158545.png","mnId":100,"t":[-1.3455688953399658,-0.05564792454242706,-1.368718147277832]},{"R":[[-0.8324868679046631,-0.04789934679865837,0.5519703030586243],[0.21772997081279755,0.8878192901611328,0.40542635321617126],[-0.5094695687294006,0.45769262313842773,-0.7286688089370728]],"file_name":"/home/jonas/Downloads/freiburg/rgbd_dataset_freiburg2_360_hemisphere//rgb/1311874918.190955.png","mnId":101,"t":[-1.3609203100204468,-0.06170564144849777,-1.3557296991348267]},{"R":[[-0.8404949307441711,-0.04505188390612602,0.5399430990219116],[0.2130262553691864,0.8888052701950073,0.4057646691799164],[-0.4981847405433655,0.45606520771980286,-0.7374391555786133]],"file_name":"/home/jonas/Downloads/freiburg/rgbd_dataset_freiburg2_360_hemisphere//rgb/1311874918.222585.png","mnId":102,"t":[-1.3804950714111328,-0.06571963429450989,-1.3404815196990967]},{"R":[[-0.8478160500526428,-0.04422915354371071,0.5284427404403687],[0.207051619887352,0.8898069262504578,0.4066610634326935],[-0.48819831013679504,0.4541887044906616,-0.7452349066734314]],"file_name":"/home/jonas/Downloads/freiburg/rgbd_dataset_freiburg2_360_hemisphere//rgb/1311874918.258501.png","mnId":103,"t":[-1.3903470039367676,-0.07164369523525238,-1.324781060218811]},{"R":[[-0.8565133810043335,-0.040881477296352386,0.5145031809806824],[0.20144587755203247,0.8913135528564453,0.40617692470550537],[-0.4751887619495392,0.4515405297279358,-0.7551866173744202]],"file_name":"/home/jonas/Downloads/freiburg/rgbd_dataset_freiburg2_360_hemisphere//rgb/1311874918.290464.png","mnId":104,"t":[-1.4180196523666382,-0.07834837585687637,-1.3095154762268066]},{"R":[[-0.8624040484428406,-0.04068305715918541,0.5045831203460693],[0.1943851262331009,0.8937355279922485,0.404291033744812],[-0.4674116373062134,0.44674569368362427,-0.7628529667854309]],"file_name":"/home/jonas/Downloads/freiburg/rgbd_dataset_freiburg2_360_hemisphere//rgb/1311874918.322529.png","mnId":105,"t":[-1.4316145181655884,-0.09047967195510864,-1.2999088764190674]},{"R":[[-0.8681191802024841,-0.03879742696881294,0.49483722448349],[0.18960019946098328,0.8954212665557861,0.40283066034317017],[-0.45871657133102417,0.4435262382030487,-0.7699763774871826]],"file_name":"/home/jonas/Downloads/freiburg/rgbd_dataset_freiburg2_360_hemisphere//rgb/1311874918.358466.png","mnId":106,"t":[-1.4429011344909668,-0.09609303623437881,-1.2866660356521606]},{"R":[[-0.8741690516471863,-0.03657297044992447,0.48424258828163147],[0.18456950783729553,0.8973096609115601,0.40096065402030945],[-0.44917988777160645,0.439883828163147,-0.7776500582695007]],"file_name":"/home/jonas/Downloads/freiburg/rgbd_dataset_freiburg2_360_hemisphere//rgb/1311874918.390668.png","mnId":107,"t":[-1.4549651145935059,-0.09838080406188965,-1.271274447441101]},{"R":[[-0.880119264125824,-0.030769679695367813,0.47375452518463135],[0.1816871613264084,0.900100827217102,0.3959902822971344],[-0.43861132860183716,0.4345937669277191,-0.7866055965423584]],"file_name":"/home/jonas/Downloads/freiburg/rgbd_dataset_freiburg2_360_hemisphere//rgb/1311874918.422645.png","mnId":108,"t":[-1.4713356494903564,-0.10351915657520294,-1.2559378147125244]},{"R":[[-0.8864294290542603,-0.02649702876806259,0.4621047079563141],[0.1776137351989746,0.9024598002433777,0.3924533426761627],[-0.42742979526519775,0.4299583435058594,-0.7952607274055481]],"file_name":"/home/jonas/Downloads/freiburg/rgbd_dataset_freiburg2_360_hemisphere//rgb/1311874918.458336.png","mnId":109,"t":[-1.488725185394287,-0.10814634710550308,-1.2414450645446777]},{"R":[[-0.8926959037780762,-0.023721104487776756,0.45003485679626465],[0.17133364081382751,0.9057644009590149,0.3876023590564728],[-0.4168199300765991,0.42311713099479675,-0.8045079708099365]],"file_name":"/home/jonas/Downloads/freiburg/rgbd_dataset_freiburg2_360_hemisphere//rgb/1311874918.490354.png","mnId":110,"t":[-1.5008236169815063,-0.11791682988405228,-1.2282962799072266]},{"R":[[-0.8998000621795654,-0.021713940426707268,0.4357617497444153],[0.16350744664669037,0.9091920256614685,0.3829297721385956],[-0.40450602769851685,0.41581055521965027,-0.8145406246185303]],"file_name":"/home/jonas/Downloads/freiburg/rgbd_dataset_freiburg2_360_hemisphere//rgb/1311874918.522461.png","mnId":111,"t":[-1.5210115909576416,-0.12674126029014587,-1.202270746231079]},{"R":[[-0.90552818775177,-0.018725598230957985,0.4238727390766144],[0.15698464214801788,0.9133407473564148,0.3757185935974121],[-0.39417579770088196,0.40676528215408325,-0.8241161704063416]],"file_name":"/home/jonas/Downloads/freiburg/rgbd_dataset_freiburg2_360_hemisphere//rgb/1311874918.558395.png","mnId":112,"t":[-1.5396432876586914,-0.14134977757930756,-1.186539649963379]},{"R":[[-0.9086076617240906,-0.014174357056617737,0.41741007566452026],[0.15475304424762726,0.9168585538864136,0.36799708008766174],[-0.38792213797569275,0.3989604413509369,-0.8308712244033813]],"file_name":"/home/jonas/Downloads/freiburg/rgbd_dataset_freiburg2_360_hemisphere//rgb/1311874918.590476.png","mnId":113,"t":[-1.5444018840789795,-0.13870669901371002,-1.1784342527389526]},{"R":[[-0.9121742844581604,0.026118310168385506,0.40896934270858765],[0.17230498790740967,0.9299110174179077,0.3249252736568451],[-0.3718186020851135,0.3668559491634369,-0.8527412414550781]],"file_name":"/home/jonas/Downloads/freiburg/rgbd_dataset_freiburg2_360_hemisphere//rgb/1311874918.690427.png","mnId":114,"t":[-1.5899239778518677,-0.11491971462965012,-1.1474450826644897]},{"R":[[-0.9084885716438293,0.05829311162233353,0.4138241112232208],[0.19114983081817627,0.9385323524475098,0.2874348759651184],[-0.37163183093070984,0.340233713388443,-0.8637886643409729]],"file_name":"/home/jonas/Downloads/freiburg/rgbd_dataset_freiburg2_360_hemisphere//rgb/1311874918.790514.png","mnId":115,"t":[-1.6084355115890503,-0.08063343167304993,-1.1550788879394531]},{"R":[[-0.9037349820137024,0.07910829037427902,0.42071959376335144],[0.2023141235113144,0.9450271129608154,0.25689050555229187],[-0.37726926803588867,0.3172784447669983,-0.8700587749481201]],"file_name":"/home/jonas/Downloads/freiburg/rgbd_dataset_freiburg2_360_hemisphere//rgb/1311874918.890494.png","mnId":116,"t":[-1.6270387172698975,-0.06013968959450722,-1.1657522916793823]},{"R":[[-0.8984670042991638,0.08640263229608536,0.43045511841773987],[0.20689086616039276,0.9480819702148438,0.24153004586696625],[-0.38723790645599365,0.30606400966644287,-0.8696962594985962]],"file_name":"/home/jonas/Downloads/freiburg/rgbd_dataset_freiburg2_360_hemisphere//rgb/1311874918.958451.png","mnId":117,"t":[-1.6313261985778809,-0.04760630801320076,-1.1834760904312134]},{"R":[[-0.8485002517700195,0.07155951112508774,0.5243343710899353],[0.19422273337841034,0.9637812376022339,0.1827656775712967],[-0.492264986038208,0.2569143772125244,-0.8316671252250671]],"file_name":"/home/jonas/Downloads/freiburg/rgbd_dataset_freiburg2_360_hemisphere//rgb/1311874919.291443.png","mnId":120,"t":[-1.5750846862792969,-0.08305222541093826,-1.3918087482452393]},{"R":[[-0.7835074663162231,0.05914837494492531,0.6185608506202698],[0.19722332060337067,0.9676591753959656,0.15728521347045898],[-0.5892529487609863,0.24522876739501953,-0.7698336243629456]],"file_name":"/home