[{"R":[[1.0,0.0,0.0],[0.0,1.0,0.0],[0.0,0.0,1.0]],"file_name":"/home/jonas/Downloads/freiburg/rgbd_dataset_freiburg2_desk/rgb/1311868164.363181.png","t":[0.0,0.0,0.0]},{"R":[[1.0,0.0,0.0],[0.0,1.0,0.0],[0.0,0.0,1.0]],"file_name":"/home/jonas/Downloads/freiburg/rgbd_dataset_freiburg2_desk/rgb/1311868164.399026.png","t":[0.0,0.0,0.0]},{"R":[[1.0,0.0,0.0],[0.0,1.0,0.0],[0.0,0.0,1.0]],"file_name":"/home/jonas/Downloads/freiburg/rgbd_dataset_freiburg2_desk/rgb/1311868164.430940.png","t":[0.0,0.0,0.0]},{"R":[[1.0,0.0,0.0],[0.0,1.0,0.0],[0.0,0.0,1.0]],"file_name":"/home/jonas/Downloads/freiburg/rgbd_dataset_freiburg2_desk/rgb/1311868164.463055.png","t":[0.0,0.0,0.0]},{"R":[[1.0,0.0,0.0],[0.0,1.0,0.0],[0.0,0.0,1.0]],"file_name":"/home/jonas/Downloads/freiburg/rgbd_dataset_freiburg2_desk/rgb/1311868164.499130.png","t":[0.0,0.0,0.0]},{"R":[[1.0,0.0,0.0],[0.0,1.0,0.0],[0.0,0.0,1.0]],"file_name":"/home/jonas/Downloads/freiburg/rgbd_dataset_freiburg2_desk/rgb/1311868164.531025.png","t":[0.0,0.0,0.0]},{"R":[[1.0,0.0,0.0],[0.0,1.0,0.0],[0.0,0.0,1.0]],"file_name":"/home/jonas/Downloads/freiburg/rgbd_dataset_freiburg2_desk/rgb/1311868164.563004.png","t":[0.0,0.0,0.0]},{"R":[[1.0,0.0,0.0],[0.0,1.0,0.0],[0.0,0.0,1.0]],"file_name":"/home/jonas/Downloads/freiburg/rgbd_dataset_freiburg2_desk/rgb/1311868164.599061.png","t":[0.0,0.0,0.0]},{"R":[[1.0,0.0,0.0],[0.0,1.0,0.0],[0.0,0.0,1.0]],"file_name":"/home/jonas/Downloads/freiburg/rgbd_dataset_freiburg2_desk/rgb/1311868164.631140.png","t":[0.0,0.0,0.0]},{"R":[[1.0,0.0,0.0],[0.0,1.0,0.0],[0.0,0.0,1.0]],"file_name":"/home/jonas/Downloads/freiburg/rgbd_dataset_freiburg2_desk/rgb/1311868164.663105.png","t":[0.0,0.0,0.0]},{"R":[[1.0,0.0,0.0],[0.0,1.0,0.0],[0.0,0.0,1.0]],"file_name":"/home/jonas/Downloads/freiburg/rgbd_dataset_freiburg2_desk/rgb/1311868164.698987.png","t":[0.0,0.0,0.0]},{"R":[[1.0,0.0,0.0],[0.0,1.0,0.0],[0.0,0.0,1.0]],"file_name":"/home/jonas/Downloads/freiburg/rgbd_dataset_freiburg2_desk/rgb/1311868164.731046.png","t":[0.0,0.0,0.0]},{"R":[[1.0,0.0,0.0],[0.0,1.0,0.0],[0.0,0.0,1.0]],"file_name":"/home/jonas/Downloads/freiburg/rgbd_dataset_freiburg2_desk/rgb/1311868164.763098.png","t":[0.0,0.0,0.0]},{"R":[[1.0,0.0,0.0],[0.0,1.0,0.0],[0.0,0.0,1.0]],"file_name":"/home/jonas/Downloads/freiburg/rgbd_dataset_freiburg2_desk/rgb/1311868164.799138.png","t":[0.0,0.0,0.0]},{"R":[[0.9995831847190857,-0.02419070154428482,0.015761392191052437],[0.024140717461705208,0.9997029304504395,0.0033567813225090504],[-0.015837958082556725,-0.0029746636282652617,0.9998701810836792]],"file_name":"/home/jonas/Downloads/freiburg/rgbd_dataset_freiburg2_desk/rgb/1311868164.831006.png","t":[-0.9157698154449463,0.008400063030421734,0.40161553025245667]},{"R":[[1.0,0.0,0.0],[0.0,1.0,0.0],[0.0,0.0,1.0]],"file_name":"/home/jonas/Downloads/freiburg/rgbd_dataset_freiburg2_desk/rgb/1311868164.863058.png","t":[0.0,0.0,0.0]},{"R":[[1.0,0.0,0.0],[0.0,1.0,0.0],[0.0,0.0,1.0]],"file_name":"/home/jonas/Downloads/freiburg/rgbd_dataset_freiburg2_desk/rgb/1311868164.899132.png","t":[0.0,0.0,0.0]},{"R":[[1.0,0.0,0.0],[0.0,1.0,0.0],[0.0,0.0,1.0]],"file_name":"/home/jonas/Downloads/freiburg/rgbd_dataset_freiburg2_desk/rgb/1311868164.930933.png","t":[0.0,0.0,0.0]},{"R":[[1.0,0.0,0.0],[0.0,1.0,0.0],[0.0,0.0,1.0]],"file_name":"/home/jonas/Downloads/freiburg/rgbd_dataset_freiburg2_desk/rgb/1311868164.963119.png","t":[0.0,0.0,0.0]},{"R":[[1.0,0.0,0.0],[0.0,1.0,0.0],[0.0,0.0,1.0]],"file_name":"/home/jonas/Downloads/freiburg/rgbd_dataset_freiburg2_desk/rgb/1311868164.999037.png","t":[0.0,0.0,0.0]},{"R":[[1.0,0.0,0.0],[0.0,1.0,0.0],[0.0,0.0,1.0]],"file_name":"/home/jonas/Downloads/freiburg/rgbd_dataset_freiburg2_desk/rgb/1311868165.031122.png","t":[0.0,0.0,0.0]},{"R":[[1.0,0.0,0.0],[0.0,1.0,0.0],[0.0,0.0,1.0]],"file_name":"/home/jonas/Downloads/freiburg/rgbd_dataset_freiburg2_desk/rgb/1311868165.063108.png","t":[0.0,0.0,0.0]},{"R":[[1.0,0.0,0.0],[0.0,1.0,0.0],[0.0,0.0,1.0]],"file_name":"/home/jonas/Downloads/freiburg/rgbd_dataset_freiburg2_desk/rgb/1311868165.099162.png","t":[0.0,0.0,0.0]},{"R":[[1.0,0.0,0.0],[0.0,1.0,0.0],[0.0,0.0,1.0]],"file_name":"/home/jonas/Downloads/freiburg/rgbd_dataset_freiburg2_desk/rgb/1311868165.131014.png","t":[0.0,0.0,0.0]},{"R":[[1.0,0.0,0.0],[0.0,1.0,0.0],[0.0,0.0,1.0]],"file_name":"/home/jonas/Downloads/freiburg/rgbd_dataset_freiburg2_desk/rgb/1311868165.163146.png","t":[0.0,0.0,0.0]},{"R":[[0.9997038245201111,-0.01396823488175869,0.019928963854908943],[0.013746918179094791,0.9998427629470825,0.011199424043297768],[-0.020082267001271248,-0.0109221450984478,0.9997386932373047]],"file_name":"/home/jonas/Downloads/freiburg/rgbd_dataset_freiburg2_desk/rgb/1311868165.199145.png","t":[-0.024446502327919006,-0.002223293064162135,0.008960386738181114]},{"R":[[0.9996963739395142,-0.017230045050382614,0.017613254487514496],[0.017077689990401268,0.9998157620429993,0.008764099329710007],[-0.01776101626455784,-0.00846064556390047,0.9998064637184143]],"file_name":"/home/jonas/Downloads/freiburg/rgbd_dataset_freiburg2_desk/rgb/1311868165.231193.png","t":[-0.02492447756230831,-0.002221605507656932,0.010707458481192589]},{"R":[[0.9996176958084106,-0.020018937066197395,0.019069939851760864],[0.01991889625787735,0.999786913394928,0.0054216282442212105],[-0.01917441003024578,-0.005039703566581011,0.9998034238815308]],"file_name":"/home/jonas/Downloads/freiburg/rgbd_dataset_freiburg2_desk/rgb/1311868165.263005.png","t":[-0.026606399565935135,-0.003075988031923771,0.014528289437294006]},{"R":[[0.9993999600410461,-0.022092649713158607,0.026675904169678688],[0.022123318165540695,0.9997549057006836,-0.000855033693369478],[-0.026650475338101387,0.0014446801505982876,0.9996437430381775]],"file_name":"/home/jonas/Downloads/freiburg/rgbd_dataset_freiburg2_desk/rgb/1311868165.299103.png","t":[-0.031124133616685867,-0.003779470222070813,0.017903843894600868]},{"R":[[0.9991937279701233,-0.024258563295006752,0.03199099749326706],[0.02453363686800003,0.9996650815010071,-0.008234131149947643],[-0.031780537217855453,0.009012348018586636,0.9994542598724365]],"file_name":"/home/jonas/Downloads/freiburg/rgbd_dataset_freiburg2_desk/rgb/1311868165.331226.png","t":[-0.03270489722490311,-0.0046511320397257805,0.022932276129722595]},{"R":[[0.9990915060043335,-0.027657359838485718,0.03242197260260582],[0.02806824818253517,0.9995304942131042,-0.012287166900932789],[-0.03206691890954971,0.013186032883822918,0.9993987679481506]],"file_name":"/home/jonas/Downloads/freiburg/rgbd_dataset_freiburg2_desk/rgb/1311868165.363060.png","t":[-0.03221142292022705,-0.004404811188578606,0.023767171427607536]},{"R":[[0.9991030693054199,-0.029146837070584297,0.030716892331838608],[0.029591776430606842,0.9994621872901917,-0.014131463132798672],[-0.030288483947515488,0.015027755871415138,0.9994282126426697]],"file_name":"/home/jonas/Downloads/freiburg/rgbd_dataset_freiburg2_desk/rgb/1311868165.399160.png","t":[-0.03248906135559082,-0.004356530029326677,0.027401400730013847]},{"R":[[0.999208390712738,-0.029490945860743523,0.026698650792241096],[0.03000885806977749,0.9993650317192078,-0.019210156053304672],[-0.02611517161130905,0.019996145740151405,0.999458909034729]],"file_name":"/home/jonas/Downloads/freiburg/rgbd_dataset_freiburg2_desk/rgb/1311868165.430962.png","t":[-0.03121022693812847,-0.005022792611271143,0.029858423396945]},{"R":[[0.999444305896759,-0.024944987148046494,0.022110315039753914],[0.025601515546441078,0.9992242455482483,-0.029925081878900528],[-0.0213466826826334,0.030474510043859482,0.9993075728416443]],"file_name":"/home/jonas/Downloads/freiburg/rgbd_dataset_freiburg2_desk/rgb/1311868165.463114.png","t":[-0.029124228283762932,-0.00578905176371336,0.030619090422987938]},{"R":[[0.9995117783546448,-0.020077183842658997,0.02393890731036663],[0.02101234905421734,0.9989995956420898,-0.0394752100110054],[-0.023122407495975494,0.03995895013213158,0.998933732509613]],"file_name":"/home/jonas/Downloads/freiburg/rgbd_dataset_freiburg2_desk/rgb/1311868165.499179.png","t":[-0.030982105061411858,-0.006987867411226034,0.03436870500445366]},{"R":[[0.9997174739837646,-0.016418224200606346,0.01718687266111374],[0.017244284972548485,0.9986463189125061,-0.04907311871647835],[-0.016357913613319397,0.049355629831552505,0.9986473321914673]],"file_name":"/home/jonas/Downloads/freiburg/rgbd_dataset_freiburg2_desk/rgb/1311868165.531124.png","t":[-0.021296454593539238,-0.005888184532523155,0.029892373830080032]},{"R":[[0.9998272657394409,-0.013346047140657902,0.012936058454215527],[0.014052070677280426,0.9983252286911011,-0.05611814558506012],[-0.012165438383817673,0.05629023164510727,0.9983403086662292]],"file_name":"/home/jonas/Downloads/freiburg/rgbd_dataset_freiburg2_desk/rgb/1311868165.563054.png","t":[-0.016300911083817482,-0.004283620975911617,0.025085270404815674]},{"R":[[0.9998357892036438,-0.015478450804948807,0.009422664530575275],[0.016002662479877472,0.9981670379638672,-0.05836506560444832],[-0.0085019925609231,0.05850626900792122,0.9982508420944214]],"file_name":"/home/jonas/Downloads/freiburg/rgbd_dataset_freiburg2_desk/rgb/1311868165.599188.png","t":[-0.016688069328665733,-0.004144371021538973,0.025707527995109558]},{"R":[[0.9997194409370422,-0.019942402839660645,0.012782690115272999],[0.020645171403884888,0.9981358647346497,-0.057433221489191055],[-0.011613504961133003,0.05768100544810295,0.9982675313949585]],"file_name":"/home/jonas/Downloads/freiburg/rgbd_dataset_freiburg2_desk/rgb/1311868165.631159.png","t":[-0.02184014953672886,-0.003746433649212122,0.02709156833589077]},{"R":[[0.9997401237487793,-0.02134217694401741,0.00801329780369997],[0.021766941994428635,0.998119056224823,-0.05731145292520523],[-0.006775073707103729,0.057470984756946564,0.9983242154121399]],"file_name":"/home/jonas/Downloads/freiburg/rgbd_dataset_freiburg2_desk/rgb/1311868165.663251.png","t":[-0.023537268862128258,-0.0034948759712278843,0.02852519042789936]},{"R":[[0.9997589588165283,-0.021839959546923637,0.002234428422525525],[0.021927522495388985,0.998363196849823,-0.05282173305749893],[-0.00107714650221169,0.05285799875855446,0.9986014366149902]],"file_name":"/home/jonas/Downloads/freiburg/rgbd_dataset_freiburg2_desk/rgb/1311868165.699187.png","t":[-0.025755343958735466,-0.005000854376703501,0.03240331634879112]},{"R":[[0.9997032880783081,-0.024258000776171684,-0.0022171512246131897],[0.02411455474793911,0.9984237551689148,-0.05068005621433258],[0.003443053225055337,0.050611551851034164,0.9987124800682068]],"file_name":"/home/jonas/Downloads/freiburg/rgbd_dataset_freiburg2_desk/rgb/1311868165.731234.png","t":[-0.026688065379858017,-0.005585579201579094,0.034825269132852554]},{"R":[[0.9997490644454956,-0.021543391048908234,0.00614191172644496],[0.02184094488620758,0.998334527015686,-0.05339593440294266],[-0.00498135294765234,0.053516678512096405,0.998554527759552]],"file_name":"/home/jonas/Downloads/freiburg/rgbd_dataset_freiburg2_desk/rgb/1311868165.763100.png","t":[-0.041824083775281906,-0.00666080554947257,0.04111190140247345]},{"R":[[0.9998041987419128,-0.019738873466849327,-0.0014119218103587627],[0.019627651199698448,0.9982107281684875,-0.056481264531612396],[0.002524272073060274,0.056442491710186005,0.9984026551246643]],"file_name":"/home/jonas/Downloads/freiburg/rgbd_dataset_freiburg2_desk/rgb/1311868165.799107.png","t":[-0.042324814945459366,-0.008017098531126976,0.04351890832185745]},{"R":[[0.9997564554214478,-0.016557838767766953,0.014590448699891567],[0.01735059916973114,0.9982802271842957,-0.05599619075655937],[-0.013638180680572987,0.05623570457100868,0.9983243942260742]],"file_name":"/home/jonas/Downloads/freiburg/rgbd_dataset_freiburg2_desk/rgb/1311868165.831186.png","t":[-0.0654386430978775,-0.014321188442409039,0.048459723591804504]},{"R":[[0.9997411966323853,-0.017734533175826073,0.01424865610897541],[0.01856047846376896,0.9980201721191406,-0.06009359285235405],[-0.013154714368283749,0.06034250184893608,0.9980910420417786]],"file_name":"/home/jonas/Downloads/freiburg/rgbd_dataset_freiburg2_desk/rgb/1311868165.863220.png","t":[-0.07174580544233322,-0.017308296635746956,0.05248623713850975]},{"R":[[0.999763011932373,-0.017572060227394104,0.01284900214523077],[0.018346888944506645,0.9978509545326233,-0.06290335208177567],[-0.011716047301888466,0.06312418729066849,0.9979369044303894]],"file_name":"/home/jonas/Downloads/freiburg/rgbd_dataset_freiburg2_desk/rgb/1311868165.899162.png","t":[-0.07908575981855392,-0.0194114800542593,0.05379612371325493]},{"R":[[0.9998190402984619,-0.016270672902464867,0.009859181009232998],[0.016830340027809143,0.9980787634849548,-0.05962778627872467],[-0.00887005589902401,0.05978292599320412,0.9981719851493835]],"file_name":"/home/jonas/Downloads/freiburg/rgbd_dataset_freiburg2_desk/rgb/1311868165.931154.png","t":[-0.08522025495767593,-0.02289358526468277,0.055656880140304565]},{"R":[[0.9998800754547119,-0.01532069779932499,0.0022682666312903166],[0.015422843396663666,0.9983456134796143,-0.05539090931415558],[-0.0014158866833895445,0.05541925132274628,0.9984621405601501]],"file_name":"/home/jonas/Downloads/freiburg/rgbd_dataset_freiburg2_desk/rgb/1311868165.963154.png","t":[-0.0850992500782013,-0.026644593104720116,0.05812203139066696]},{"R":[[0.9998937845230103,-0.014391060918569565,-0.002300380961969495],[0.014229020103812218,0.9981321096420288,-0.05941227823495865],[0.003151089884340763,0.05937323346734047,0.9982308745384216]],"file_name":"/home/jonas/Downloads/freiburg/rgbd_dataset_freiburg2_desk/rgb/1311868165.999133.png","t":[-0.0863095223903656,-0.026674378663301468,0.06110881268978119]},{"R":[[0.9999423623085022,-0.00894682016223669,-0.005938166286796331],[0.008585083298385143,0.9982577562332153,-0.05837554857134819],[0.006450096145272255,0.05832120403647423,0.9982770085334778]],"file_name":"/home/jonas/Downloads/freiburg/rgbd_dataset_freiburg2_desk/rgb/1311868166.031204.png","t":[-0.09066590666770935,-0.032356906682252884,0.06322988122701645]},{"R":[[0.9999392628669739,-0.0014694620622321963,-0.010922789573669434],[0.0007828220841474831,0.9980381727218628,-0.06260347366333008],[0.010993354953825474,0.06259112060070038,0.997978687286377]],"file_name":"/home/jonas/Downloads/freiburg/rgbd_dataset_freiburg2_desk/rgb/1311868166.063111.png","t":[-0.09259074926376343,-0.0362766794860363,0.06537425518035889]},{"R":[[0.9998859167098999,-0.0008302493370138109,-0.01508258655667305],[-0.00026609431370161474,0.9973652958869934,-0.07254231721162796],[0.015103076584637165,0.07253805547952652,0.9972512722015381]],"file_name":"/home/jonas/Downloads/freiburg/rgbd_dataset_freiburg2_desk/rgb/1311868166.099206.png","t":[-0.09204171597957611,-0.0381963886320591,0.06731563806533813]},{"R":[[0.999896764755249,-0.00044955569319427013,-0.01436128094792366],[-0.0006568257813341916,0.9970353841781616,-0.07694166898727417],[0.014353294856846333,0.07694315910339355,0.9969321489334106]],"file_name":"/home/jonas/Downloads/freiburg/rgbd_dataset_freiburg2_desk/rgb/1311868166.131254.png","t":[-0.09432666748762131,-0.04096832126379013,0.06974682211875916]},{"R":[[0.9998485445976257,-0.0028107035905122757,-0.017174450680613518],[0.0014214555267244577,0.9967638254165649,-0.08037330210208893],[0.017344776540994644,0.08033671975135803,0.9966168403625488]],"file_name":"/home/jonas/Downloads/freiburg/rgbd_dataset_freiburg2_desk/rgb/1311868166.163189.png","t":[-0.09251517802476883,-0.04634813219308853,0.07429388910531998]},{"R":[[0.9997795820236206,-0.003950358368456364,-0.0206192247569561],[0.0021462952718138695,0.9962239861488342,-0.08679373562335968],[0.020884232595562935,0.08673035353422165,0.9960129261016846]],"file_name":"/home/jonas/Downloads/freiburg/rgbd_dataset_freiburg2_desk/rgb/1311868166.199211.png","t":[-0.09191732853651047,-0.051045581698417664,0.07558699697256088]},{"R":[[0.9996746182441711,-0.0010928724659606814,-0.025483980774879456],[-0.0012529734522104263,0.9957716464996338,-0.09185446053743362],[0.02547661028802395,0.09185650199651718,0.9954462647438049]],"file_name":"/home/jonas/Downloads/freiburg/rgbd_dataset_freiburg2_desk/rgb/1311868166.231050.png","t":[-0.09098775684833527,-0.05556078627705574,0.07735932618379593]},{"R":[[0.9995742440223694,0.002094828523695469,-0.029102591797709465],[-0.004886907059699297,0.9953498244285583,-0.09620239585638046],[0.028765732422471046,0.09630365669727325,0.9949362277984619]],"file_name":"/home/jonas/Downloads/freiburg/rgbd_dataset_freiburg2_desk/rgb/1311868166.263177.png","t":[-0.09402384608983994,-0.06305782496929169,0.07852073758840561]},{"R":[[0.9993707537651062,0.00855268631130457,-0.03442377969622612],[-0.012060624547302723,0.9946057200431824,-0.10302425920963287],[0.03335695341229439,0.10337460041046143,0.9940829873085022]],"file_name":"/home/jonas/Downloads/freiburg/rgbd_dataset_freiburg2_desk/rgb/1311868166.299209.png","t":[-0.09606321901082993,-0.0684853121638298,0.0801134780049324]},{"R":[[0.9992515444755554,0.01297350600361824,-0.03644166514277458],[-0.016962680965662003,0.993632435798645,-0.11138592660427094],[0.03476455807685852,0.11192071437835693,0.993108868598938]],"file_name":"/home/jonas/Downloads/freiburg/rgbd_dataset_freiburg2_desk/rgb/1311868166.331189.png","t":[-0.09945612400770187,-0.07454954087734222,0.08141020685434341]},{"R":[[0.9992499351501465,0.013053003698587418,-0.036457452923059464],[-0.01736334152519703,0.9925569891929626,-0.1205369234085083],[0.03461273014545441,0.12107953429222107,0.992039144039154]],"file_name":"/home/jonas/Downloads/freiburg/rgbd_dataset_freiburg2_desk/rgb/1311868166.363122.png","t":[-0.10026177763938904,-0.07898329198360443,0.08309999853372574]},{"R":[[0.9992960691452026,0.011044078506529331,-0.035852864384651184],[-0.01548953726887703,0.9918854832649231,-0.12618717551231384],[0.034168314188718796,0.12665370106697083,0.9913583397865295]],"file_name":"/home/jonas/Downloads/freiburg/rgbd_dataset_freiburg2_desk/rgb/1311868166.399232.png","t":[-0.10194972157478333,-0.08315660059452057,0.08405011147260666]},{"R":[[0.9992803931236267,0.007697654888033867,-0.037140607833862305],[-0.012442788109183311,0.9915306568145752,-0.12927557528018951],[0.03583092987537384,0.12964469194412231,0.990912914276123]],"file_name":"/home/jonas/Downloads/freiburg/rgbd_dataset_freiburg2_desk/rgb/1311868166.431171.png","t":[-0.104304239153862,-0.08693357557058334,0.08526549488306046]},{"R":[[0.99908447265625,0.0049076690338552,-0.0424981489777565],[-0.010558517649769783,0.9909542798995972,-0.13378407061100006],[0.0414571538567543,0.13411031663417816,0.9900988340377808]],"file_name":"/home/jonas/Downloads/freiburg/rgbd_dataset_freiburg2_desk/rgb/1311868166.463018.png","t":[-0.10621397197246552,-0.08886846899986267,0.08760632574558258]},{"R":[[0.9987260103225708,0.005334776826202869,-0.05017829313874245],[-0.012034677900373936,0.9908831119537354,-0.13418562710285187],[0.049004971981048584,0.13461855053901672,0.9896849989891052]],"file_name":"/home/jonas/Downloads/freiburg/rgbd_dataset_freiburg2_desk/rgb/1311868166.499195.png","t":[-0.10860482603311539,-0.09168213605880737,0.0888378843665123]},{"R":[[0.9985583424568176,0.004500715993344784,-0.053488101810216904],[-0.011711359955370426,0.9907392859458923,-0.13527195155620575],[0.052383944392204285,0.13570335507392883,0.9893636703491211]],"file_name":"/home/jonas/Downloads/freiburg/rgbd_dataset_freiburg2_desk/rgb/1311868166.531252.png","t":[-0.11114034056663513,-0.09388561546802521,0.08907382190227509]},{"R":[[0.9985257387161255,0.0020183920860290527,-0.054243046790361404],[-0.009309246204793453,0.9908701777458191,-0.13449755311012268],[0.053476352244615555,0.13480421900749207,0.9894281625747681]],"file_name":"/home/jonas/Downloads/freiburg/rgbd_dataset_freiburg2_desk/rgb/1311868166.563132.png","t":[-0.11359447240829468,-0.09535529464483261,0.09031084179878235]},{"R":[[0.9985772967338562,0.0017624334432184696,-0.05329397693276405],[-0.008800746873021126,0.9911943674087524,-0.13212208449840546],[0.05259183421730995,0.1324031502008438,0.9897997379302979]],"file_name":"/home/jonas/Downloads/freiburg/rgbd_dataset_freiburg2_desk/rgb/1311868166.599207.png","t":[-0.11789894849061966,-0.0985967367887497,0.09385847300291061]},{"R":[[0.9986628293991089,0.0027584561612457037,-0.051622893661260605],[-0.009507328271865845,0.9913433194160461,-0.13095040619373322],[0.05081479251384735,0.13126610219478607,0.9900439977645874]],"file_name":"/home/jonas/Downloads/freiburg/rgbd_dataset_freiburg2_desk/rgb/1311868166.631287.png","t":[-0.1209607720375061,-0.09961754083633423,0.09563083946704865]},{"R":[[0.9986862540245056,0.004419807810336351,-0.05105088651180267],[-0.01103990152478218,0.9914349913597107,-0.13013380765914917],[0.05003846809267998,0.13052643835544586,0.9901812672615051]],"file_name":"/home/jonas/Downloads/freiburg/rgbd_dataset_freiburg2_desk/rgb/1311868166.663284.png","t":[-0.12337502092123032,-0.09987998753786087,0.09758851677179337]},{"R":[[0.9987015128135681,0.007861570455133915,-0.05033401399850845],[-0.014239808544516563,0.9917177557945251,-0.12764447927474976],[0.04891364648938179,0.12819547951221466,0.990541934967041]],"file_name":"/home/jonas/Downloads/freiburg/rgbd_dataset_freiburg2_desk/rgb/1311868166.699270.png","t":[-0.12711264193058014,-0.10055149346590042,0.09975313395261765]},{"R":[[0.9987374544143677,0.009475376456975937,-0.049332208931446075],[-0.015624048188328743,0.9919341802597046,-0.12578746676445007],[0.04774242267012596,0.12639941275119781,0.9908298850059509]],"file_name":"/home/jonas/Downloads/freiburg/rgbd_dataset_freiburg2_desk/rgb/1311868166.731105.png","t":[-0.1308048516511917,-0.10063409060239792,0.10306928306818008]},{"R":[[0.9988253712654114,0.010362108238041401,-0.04733359068632126],[-0.016138454899191856,0.99223393201828,-0.12333448231220245],[0.04568798840045929,0.12395350635051727,0.9912356734275818]],"file_name":"/home/jonas/Downloads/freiburg/rgbd_dataset_freiburg2_desk/rgb/1311868166.763333.png","t":[-0.13382859528064728,-0.09999725967645645,0.10492385923862457]},{"R":[[0.9989926218986511,0.010434361174702644,-0.04364446550607681],[-0.015654107555747032,0.9925263524055481,-0.12102244049310684],[0.04205549135804176,0.1215837374329567,0.9916898608207703]],"file_name":"/home/jonas/Downloads/freiburg/rgbd_dataset_freiburg2_desk/rgb/1311868166.799225.png","t":[-0.13725854456424713,-0.09996727108955383,0.10934222489595413]},{"R":[[0.9991817474365234,0.009696125984191895,-0.03926669806241989],[-0.01427825354039669,0.9928930997848511,-0.11814980953931808],[0.0378420390188694,0.11861379444599152,0.992219090461731]],"file_name":"/home/jonas/Downloads/freiburg/rgbd_dataset_freiburg2_desk/rgb/1311868166.831229.png","t":[-0.14147982001304626,-0.10013695061206818,0.11072910577058792]},{"R":[[0.9994166493415833,0.006993272341787815,-0.03342881426215172],[-0.010814325883984566,0.9932453036308289,-0.11552855372428894],[0.03239509090781212,0.11582266539335251,0.9927414655685425]],"file_name":"/home/jonas/Downloads/freiburg/rgbd_dataset_freiburg2_desk/rgb/1311868166.863222.png","t":[-0.14578023552894592,-0.10142934322357178,0.11359992623329163]},{"R":[[0.9996615052223206,0.004571706987917423,-0.02561253495514393],[-0.0074200937524437904,0.9936528205871582,-0.11224552989006042],[0.024936813861131668,0.11239758133888245,0.9933503866195679]],"file_name":"/home/jonas/Downloads/freiburg/rgbd_dataset_freiburg2_desk/rgb/1311868166.899308.png","t":[-0.15317969024181366,-0.10327894985675812,0.11644640564918518]},{"R":[[0.9997662305831909,-0.0005045210127718747,-0.021615533158183098],[-0.0018449591007083654,0.9940907955169678,-0.10853618383407593],[0.021542562171816826,0.10855069011449814,0.9938574433326721]],"file_name":"/home/jonas/Downloads/freiburg/rgbd_dataset_freiburg2_desk/rgb/1311868166.931160.png","t":[-0.15732735395431519,-0.10486631840467453,0.11701098829507828]},{"R":[[0.9998577833175659,-0.006241060793399811,-0.015667933970689774],[0.004555614199489355,0.9944203495979309,-0.10539180785417557],[0.016238268464803696,0.10530544072389603,0.9943073391914368]],"file_name":"/home/jonas/Downloads/freiburg/rgbd_dataset_freiburg2_desk/rgb/1311868166.963312.png","t":[-0.16557414829730988,-0.10617686808109283,0.12015137076377869]},{"R":[[0.9998904466629028,-0.011972672306001186,-0.008705888874828815],[0.011020908132195473,0.9947047829627991,-0.10218077152967453],[0.009883166290819645,0.10207362473011017,0.9947277307510376]],"file_name":"/home/jonas/Downloads/freiburg/rgbd_dataset_freiburg2_desk/rgb/1311868166.999289.png","t":[-0.17223091423511505,-0.10772543400526047,0.12292012572288513]},{"R":[[0.9998195171356201,-0.018897373229265213,0.0019507630495354533],[0.018997760489583015,0.9947249293327332,-0.10080360621213913],[-3.554917930159718e-05,0.10082247853279114,0.9949044585227966]],"file_name":"/home/jonas/Downloads/freiburg/rgbd_dataset_freiburg2_desk/rgb/1311868167.031127.png","t":[-0.1811092495918274,-0.11157955229282379,0.12625131011009216]},{"R":[[0.9996225237846375,-0.024567224085330963,0.012300997041165829],[0.025678148493170738,0.994631290435791,-0.10024601221084595],[-0.009772189892828465,0.10052403807640076,0.9948866367340088]],"file_name":"/home/jonas/Downloads/freiburg/rgbd_dataset_freiburg2_desk/rgb/1311868167.063209.png","t":[-0.18766379356384277,-0.11373753100633621,0.1282195895910263]},{"R":[[0.9993125796318054,-0.027882447466254234,0.024433299899101257],[0.030151134356856346,0.9947275519371033,-0.09802068769931793],[-0.02157142013311386,0.09868999570608139,0.9948843717575073]],"file_name":"/home/jonas/Downloads/freiburg/rgbd_dataset_freiburg2_desk/rgb/1311868167.099303.png","t":[-0.20071682333946228,-0.11923165619373322,0.13283835351467133]},{"R":[[0.9989189505577087,-0.03315325081348419,0.032585982233285904],[0.03622386232018471,0.9944612383842468,-0.0986645370721817],[-0.029134448617696762,0.09973826259374619,0.9945870637893677]],"file_name":"/home/jonas/Downloads/freiburg/rgbd_dataset_freiburg2_desk/rgb/1311868167.131299.png","t":[-0.20574495196342468,-0.12003729492425919,0.13613875210285187]},{"R":[[0.9983158707618713,-0.038067810237407684,0.04377536475658417],[0.042186908423900604,0.9943522810935974,-0.09738454967737198],[-0.03982091695070267,0.09906729310750961,0.9942836165428162]],"file_name":"/home/jonas/Downloads/freiburg/rgbd_dataset_freiburg2_desk/rgb/1311868167.163230.png","t":[-0.21535299718379974,-0.12256982177495956,0.13831999897956848]},{"R":[[0.9975345134735107,-0.043740157037973404,0.054879359900951385],[0.04874181002378464,0.9944363832473755,-0.09338361769914627],[-0.05048941820859909,0.09582829475402832,0.9941165447235107]],"file_name":"/home/jonas/Downloads/freiburg/rgbd_dataset_freiburg2_desk/rgb/1311868167.199258.png","t":[-0.2232390195131302,-0.12443564087152481,0.14030511677265167]},{"R":[[0.9966566562652588,-0.04941694810986519,0.06506500393152237],[0.055092476308345795,0.9945480227470398,-0.08853847533464432],[-0.06033496931195259,0.09182705730199814,0.9939454197883606]],"file_name":"/home/jonas/Downloads/freiburg/rgbd_dataset_freiburg2_desk/rgb/1311868167.231267.png","t":[-0.22715750336647034,-0.12673813104629517,0.14594267308712006]},{"R":[[0.9952605962753296,-0.05572671443223953,0.07969222962856293],[0.06248755007982254,0.9944174885749817,-0.08502431958913803],[-0.07450921833515167,0.08960112929344177,0.9931867718696594]],"file_name":"/home/jonas/Downloads/freiburg/rgbd_dataset_freiburg2_desk/rgb/1311868167.263251.png","t":[-0.2393360733985901,-0.13074249029159546,0.15111273527145386]},{"R":[[0.9942806959152222,-0.061755407601594925,0.0871327593922615],[0.06903911381959915,0.9941371083259583,-0.08321689069271088],[-0.08148281276226044,0.0887565165758133,0.9927148818969727]],"file_name":"/home/jonas/Downloads/freiburg/rgbd_dataset_freiburg2_desk/rgb/1311868167.299141.png","t":[-0.24454523622989655,-0.13064166903495789,0.15371917188167572]},{"R":[[0.9933214783668518,-0.06529144942760468,0.09512889385223389],[0.0730379968881607,0.9940860867500305,-0.08036340028047562],[-0.08931927382946014,0.08677471429109573,0.9922158122062683]],"file_name":"/home/jonas/Downloads/freiburg/rgbd_dataset_freiburg2_desk/rgb/1311868167.331145.png","t":[-0.25553062558174133,-0.13472528755664825,0.1558331996202469]},{"R":[[0.9926084876060486,-0.06935789436101913,0.09958851337432861],[0.07745715230703354,0.9937885403633118,-0.07990425825119019],[-0.09342793375253677,0.08702749013900757,0.9918152093887329]],"file_name":"/home/jonas/Downloads/freiburg/rgbd_dataset_freiburg2_desk/rgb/1311868167.363275.png","t":[-0.2611205577850342,-0.13690084218978882,0.15782733261585236]},{"R":[[0.9922217726707458,-0.06995123624801636,0.10296960920095444],[0.07841739058494568,0.993656575679779,-0.08060571551322937],[-0.09667796641588211,0.08805336058139801,0.9914131164550781]],"file_name":"/home/jonas/Downloads/freiburg/rgbd_dataset_freiburg2_desk/rgb/1311868167.399226.png","t":[-0.2662341296672821,-0.1376640647649765,0.16007307171821594]},{"R":[[0.9918884634971619,-0.06897319108247757,0.10677081346511841],[0.0779159888625145,0.9935833811759949,-0.08198265731334686],[-0.10043109953403473,0.08963680267333984,0.9908980131149292]],"file_name":"/home/jonas/Downloads/freiburg/rgbd_dataset_freiburg2_desk/rgb/1311868167.431237.png","t":[-0.269491583108902,-0.13785450160503387,0.1604396402835846]},{"R":[[0.9914186596870422,-0.06718524545431137,0.112139031291008],[0.07669029384851456,0.9936179518699646,-0.08271624892950058],[-0.10586604475975037,0.09060640633106232,0.9902438521385193]],"file_name":"/home/jonas/Downloads/freiburg/rgbd_dataset_freiburg2_desk/rgb/1311868167.463303.png","t":[-0.2737904489040375,-0.13745811581611633,0.16233323514461517]},{"R":[[0.9906467795372009,-0.06784200668334961,0.11839106678962708],[0.0779241994023323,0.9935219883918762,-0.0827159658074379],[-0.11201250553131104,0.09116782993078232,0.9895158410072327]],"file_name":"/home/jonas/Downloads/freiburg/rgbd_dataset_freiburg2_desk/rgb/1311868167.499121.png","t":[-0.2782018482685089,-0.13761860132217407,0.16356150805950165]},{"R":[[0.9899380207061768,-0.07159212976694107,0.1220543310046196],[0.08177314698696136,0.9933906197547913,-0.08054934442043304],[-0.1154809296131134,0.08971963077783585,0.9892494678497314]],"file_name":"/home/jonas/Downloads/freiburg/rgbd_dataset_freiburg2_desk/rgb/1311868167.531321.png","t":[-0.281561940908432,-0.1384134441614151,0.16664502024650574]},{"R":[[0.98954838514328,-0.07302737981081009,0.12434235960245132],[0.08338385820388794,0.9932829141616821,-0.08022618293762207],[-0.11764843016862869,0.0897558331489563,0.9889907836914063]],"file_name":"/home/jonas/Downloads/freiburg/rgbd_dataset_freiburg2_desk/rgb/1311868167.563160.png","t":[-0.2868676781654358,-0.13829153776168823,0.17028890550136566]},{"R":[[0.9892542362213135,-0.071968212723732,0.12726595997810364],[0.08240482211112976,0.9934840202331543,-0.07873310893774033],[-0.1207704171538353,0.08837439119815826,0.9887388348579407]],"file_name":"/home/jonas/Downloads/freiburg/rgbd_dataset_freiburg2_desk/rgb/1311868167.599230.png","t":[-0.2931155264377594,-0.14053474366664886,0.17008422315120697]},{"R":[[0.9891207218170166,-0.07198076695203781,0.128292515873909],[0.08264603465795517,0.9933755993843079,-0.07984068989753723],[-0.12169566005468369,0.08957494795322418,0.9885173439979553]],"file_name":"/home/jonas/Downloads/freiburg/rgbd_dataset_freiburg2_desk/rgb/1311868167.631495.png","t":[-0.2937811017036438,-0.13867336511611938,0.167746901512146]},{"R":[[0.9885991811752319,-0.07263140380382538,0.131895050406456],[0.08371999859809875,0.9932272434234619,-0.08056431263685226],[-0.12515026330947876,0.0906880721449852,0.9879843592643738]],"file_name":"/home/jonas/Downloads/freiburg/rgbd_dataset_freiburg2_desk/rgb/1311868167.663360.png","t":[-0.29753899574279785,-0.13892394304275513,0.1698894202709198]},{"R":[[0.9883949756622314,-0.07287776470184326,0.1332826167345047],[0.08439269661903381,0.9929792881011963,-0.08288557082414627],[-0.12630636990070343,0.09317176043987274,0.9876060485839844]],"file_name":"/home/jonas/Downloads/freiburg/rgbd_dataset_freiburg2_desk/rgb/1311868167.699226.png","t":[-0.2973867952823639,-0.13903923332691193,0.1694113165140152]},{"R":[[0.9880921244621277,-0.07377328723669052,0.13502371311187744],[0.08606557548046112,0.9924323558807373,-0.087582528591156],[-0.12754066288471222,0.0981605052947998,0.9869639873504639]],"file_name":"/home/jonas/Downloads/freiburg/rgbd_dataset_freiburg2_desk/rgb/1311868167.731241.png","t":[-0.29788824915885925,-0.13875643908977509,0.17114099860191345]},{"R":[[0.9883235692977905,-0.0735161229968071,0.1334613561630249],[0.08609359711408615,0.9921178221702576,-0.0910501629114151],[-0.1257157325744629,0.10147718340158463,0.9868626594543457]],"file_name":"/home/jonas/Downloads/freiburg/rgbd_dataset_freiburg2_desk/rgb/1311868167.763281.png","t":[-0.2955855131149292,-0.13785354793071747,0.1704130917787552]},{"R":[[0.9880118370056152,-0.07295047491788864,0.13605454564094543],[0.0862131342291832,0.9918059706687927,-0.09427750110626221],[-0.12806211411952972,0.10487697273492813,0.9862053394317627]],"file_name":"/home/jonas/Downloads/freiburg/rgbd_dataset_freiburg2_desk/rgb/1311868167.799224.png","t":[-0.3010128438472748,-0.13901393115520477,0.17072908580303192]},{"R":[[0.987666666507721,-0.0738665983080864,0.1380515992641449],[0.0874091163277626,0.9916559457778931,-0.09475316107273102],[-0.12990060448646545,0.10565150529146194,0.9858821630477905]],"file_name":"/home/jonas/Downloads/freiburg/rgbd_dataset_freiburg2_desk/rgb/1311868167.831218.png","t":[-0.3068382740020752,-0.14045381546020508,0.170063778758049]},{"R":[[0.988000214099884,-0.07245203107595444,0.13640490174293518],[0.0859873816370964,0.9916506409645081,-0.09609954804182053],[-0.1283033937215805,0.10667547583580017,0.9859810471534729]],"file_name":"/home/jonas/Downloads/freiburg/rgbd_dataset_freiburg2_desk/rgb/1311868167.863098.png","t":[-0.30983367562294006,-0.13916830718517303,0.16762959957122803]},{"R":[[0.9885062575340271,-0.06826265901327133,0.13489080965518951],[0.08157245069742203,0.9920584559440613,-0.09573911130428314],[-0.12728416919708252,0.10564208775758743,0.986224353313446]],"file_name":"/home/jonas/Downloads/freiburg/rgbd_dataset_freiburg2_desk/rgb/1311868167.899376.png","t":[-0.3129902184009552,-0.13476446270942688,0.16540631651878357]},{"R":[[0.9885533452033997,-0.06325572729110718,0.13697077333927155],[0.07625740021467209,0.9928483366966248,-0.09185291081666946],[-0.1301809847354889,0.10124654322862625,0.9863072633743286]],"file_name":"/home/jonas/Downloads/freiburg/rgbd_dataset_freiburg2_desk/rgb/1311868167.931184.png","t":[-0.3176599144935608,-0.13123111426830292,0.16124559938907623]},{"R":[[0.9885937571525574,-0.05938608944416046,0.13840387761592865],[0.07209314405918121,0.9934476017951965,-0.08868151903152466],[-0.13223055005073547,0.09764797240495682,0.9863974452018738]],"file_name":"/home/jonas/Downloads/freiburg/rgbd_dataset_freiburg2_desk/rgb/1311868167.963366.png","t":[-0.3204592168331146,-0.13069376349449158,0.16294869780540466]},{"R":[[0.9886887669563293,-0.05445804446935654,0.1397458016872406],[0.06745313107967377,0.9936545491218567,-0.09000389277935028],[-0.1339576095342636,0.09841212630271912,0.9860884547233582]],"file_name":"/home/jonas/Downloads/freiburg/rgbd_dataset_freiburg2_desk/rgb/1311868167.999325.png","t":[-0.3240984082221985,-0.12718087434768677,0.16231411695480347]},{"R":[[0.9888291954994202,-0.051519472151994705,0.13986635208129883],[0.06465601176023483,0.9937440156936646,-0.0910625159740448],[-0.1342998594045639,0.09908847510814667,0.985974133014679]],"file_name":"/home/jonas/Downloads/freiburg/rgbd_dataset_freiburg2_desk/rgb/1311868168.031266.png","t":[-0.32613182067871094,-0.12476494163274765,0.16088445484638214]},{"R":[[0.9887233972549438,-0.04999058321118355,0.1411629021167755],[0.06350798904895782,0.9936447143554688,-0.09293488413095474],[-0.1356198936700821,0.1008518636226654,0.9856145977973938]],"file_name":"/home/jonas/Downloads/freiburg/rgbd_dataset_freiburg2_desk/rgb/1311868168.063183.png","t":[-0.33002570271492004,-0.12177232652902603,0.15956352651119232]},{"R":[[0.988923966884613,-0.050107669085264206,0.13970914483070374],[0.06315571814775467,0.9938845634460449,-0.0905807837843895],[-0.13431596755981445,0.09840093553066254,0.9860408306121826]],"file_name":"/home/jonas/Downloads/freiburg/rgbd_dataset_freiburg2_desk/rgb/1311868168.099296.png","t":[-0.3308703303337097,-0.12050695717334747,0.1562671959400177]},{"R":[[0.9887492656707764,-0.05243613198399544,0.14009039103984833],[0.06531575322151184,0.993889570236206,-0.08897954970598221],[-0.13456863164901733,0.09712857753038406,0.9861325025558472]],"file_name":"/home/jonas/Downloads/freiburg/rgbd_dataset_freiburg2_desk/rgb/1311868168.131162.png","t":[-0.33273938298225403,-0.11807253956794739,0.15489594638347626]},{"R":[[0.9883225560188293,-0.05452756583690643,0.1422858089208603],[0.06706321984529495,0.9941346645355225,-0.08484577387571335],[-0.136824831366539,0.09339713305234909,0.9861825108528137]],"file_name":"/home/jonas/Downloads/freiburg/rgbd_dataset_freiburg2_desk/rgb/1311868168.163282.png","t":[-0.3371974527835846,-0.11907723546028137,0.15323595702648163]},{"R":[[0.9879608750343323,-0.05861303582787514,0.14317062497138977],[0.07112161815166473,0.9939353466033936,-0.08387058973312378],[-0.13738644123077393,0.09304338693618774,0.986137866973877]],"file_name":"/home/jonas/Downloads/freiburg/rgbd_dataset_freiburg2_desk/rgb/1311868168.199247.png","t":[-0.33812060952186584,-0.1184033676981926,0.15163350105285645]},{"R":[[0.9877179265022278,-0.06254547834396362,0.14318281412124634],[0.07499086856842041,0.9937041401863098,-0.08323711901903152],[-0.1370752602815628,0.092952199280262,0.9861897826194763]],"file_name":"/home/jonas/Downloads/freiburg/rgbd_dataset_freiburg2_desk/rgb/1311868168.231293.png","t":[-0.3388197124004364,-0.118697889149189,0.14832282066345215]},{"R":[[0.9873164296150208,-0.0648433268070221,0.1449192464351654],[0.07769104093313217,0.9933624267578125,-0.08482460677623749],[-0.1384570300579071,0.09500765055418015,0.9858008027076721]],"file_name":"/home/jonas/Downloads/freiburg/rgbd_dataset_freiburg2_desk/rgb/1311868168.263256.png","t":[-0.33991962671279907,-0.11971006542444229,0.14484071731567383]},{"R":[[0.986954927444458,-0.06550278514623642,0.14706918597221375],[0.07907164096832275,0.9929423928260803,-0.08839141577482224],[-0.140241339802742,0.09886734932661057,0.9851688146591187]],"file_name":"/home/jonas/Downloads/freiburg/rgbd_dataset_freiburg2_desk/rgb/1311868168.299606.png","t":[-0.340477854013443,-0.1177561804652214,0.14103583991527557]},{"R":[[0.9864394664764404,-0.06653591990470886,0.15003368258476257],[0.08109895139932632,0.9923456311225891,-0.09312957525253296],[-0.1426888108253479,0.10403425991535187,0.9842848777770996]],"file_name":"/home/jonas/Downloads/freiburg/rgbd_dataset_freiburg2_desk/rgb/1311868168.331222.png","t":[-0.33925649523735046,-0.11445819586515427,0.1389557421207428]},{"R":[[0.9859227538108826,-0.06674601137638092,0.15330129861831665],[0.08203338086605072,0.9920281767845154,-0.09565902501344681],[-0.14569434523582458,0.10688823461532593,0.9835385680198669]],"file_name":"/home/jonas/Downloads/freiburg/rgbd_dataset_freiburg2_desk/rgb/1311868168.363180.png","t":[-0.33959847688674927,-0.11093299090862274,0.13497470319271088]},{"R":[[0.9853408336639404,-0.0694485753774643,0.1558215618133545],[0.08480696380138397,0.9919365048408508,-0.09417945891618729],[-0.14802446961402893,0.10601361840963364,0.9832852482795715]],"file_name":"/home/jonas/Downloads/freiburg/rgbd_dataset_freiburg2_desk/rgb/1311868168.399360.png","t":[-0.3395605981349945,-0.10574337095022202,0.12987037003040314]},{"R":[[0.9845103621482849,-0.07556381076574326,0.15820695459842682],[0.09020542353391647,0.9920717477798462,-0.08750218898057938],[-0.15034064650535583,0.10041794180870056,0.9835211634635925]],"file_name":"/home/jonas/Downloads/freiburg/rgbd_dataset_freiburg2_desk/rgb/1311868168.431214.png","t":[-0.3406691253185272,-0.10419927537441254,0.12725281715393066]},{"R":[[0.9841501712799072,-0.08005611598491669,0.15823861956596375],[0.09365195035934448,0.9923526644706726,-0.08040822297334671],[-