0 1 0 0 -0 0 1 0 -0 0 0 1 -0
1 1 0 0 -0 0 1 0 -0 0 0 1 -0
2 1 0 0 -0 0 1 0 -0 0 0 1 -0
3 1 0 0 -0 0 1 0 -0 0 0 1 -0
4 1 0 0 -0 0 1 0 -0 0 0 1 -0
5 1 0 0 -0 0 1 0 -0 0 0 1 -0
6 1 0 0 -0 0 1 0 -0 0 0 1 -0
7 1 0 0 -0 0 1 0 -0 0 0 1 -0
8 1 0 0 -0 0 1 0 -0 0 0 1 -0
9 1 0 0 -0 0 1 0 -0 0 0 1 -0
10 1 0 0 -0 0 1 0 -0 0 0 1 -0
11 1 0 0 -0 0 1 0 -0 0 0 1 -0
12 1 0 0 -0 0 1 0 -0 0 0 1 -0
13 1 0 0 -0 0 1 0 -0 0 0 1 -0
14 0.999583 0.0241407 -0.015838 0.921546 -0.0241907 0.999703 -0.00297466 -0.029356 0.0157614 0.00335678 0.99987 -0.387158
15 1 0 0 -0 0 1 0 -0 0 0 1 -0
16 1 0 0 -0 0 1 0 -0 0 0 1 -0
17 1 0 0 -0 0 1 0 -0 0 0 1 -0
18 1 0 0 -0 0 1 0 -0 0 0 1 -0
19 1 0 0 -0 0 1 0 -0 0 0 1 -0
20 1 0 0 -0 0 1 0 -0 0 0 1 -0
21 1 0 0 -0 0 1 0 -0 0 0 1 -0
22 1 0 0 -0 0 1 0 -0 0 0 1 -0
23 1 0 0 -0 0 1 0 -0 0 0 1 -0
24 1 0 0 -0 0 1 0 -0 0 0 1 -0
25 0.999704 0.0137469 -0.0200823 0.0246498 -0.0139682 0.999843 -0.0109221 0.00197934 0.019929 0.0111994 0.999739 -0.00844595
26 0.999696 0.0170777 -0.017761 0.025145 -0.01723 0.999816 -0.00846065 0.00188234 0.0176133 0.0087641 0.999806 -0.0102469
27 0.999618 0.0199189 -0.0191744 0.0269361 -0.0200189 0.999787 -0.0050397 0.00261592 0.0190699 0.00542163 0.999803 -0.0140014
28 0.9994 0.0221233 -0.0266505 0.0316662 -0.0220926 0.999755 0.00144468 0.00306506 0.0266759 -0.000855034 0.999644 -0.0170704
29 0.999194 0.0245336 -0.0317805 0.0335214 -0.0242586 0.999665 0.00901235 0.00364953 0.031991 -0.00823413 0.999454 -0.0219118
30 0.999092 0.0280682 -0.0320669 0.0330679 -0.0276574 0.99953 0.013186 0.00319847 0.032422 -0.0122872 0.999399 -0.0227626
31 0.999103 0.0295918 -0.0302885 0.0334188 -0.0291468 0.999462 0.0150278 0.00299545 0.0307169 -0.0141315 0.999428 -0.0264493
32 0.999208 0.0300089 -0.0261152 0.032116 -0.0294909 0.999365 0.0199961 0.00350213 0.0266987 -0.0192102 0.999459 -0.0291055
33 0.999444 0.0256015 -0.0213467 0.0299099 -0.024945 0.999224 0.0304745 0.00412496 0.0221103 -0.0299251 0.999308 -0.0301272
34 0.999512 0.0210123 -0.0231224 0.0319085 -0.0200772 0.999 0.039959 0.00498551 0.0239389 -0.0394752 0.998934 -0.0338662
35 0.999717 0.0172443 -0.0163579 0.021881 -0.0164182 0.998646 0.0493556 0.00405521 0.0171869 -0.0490731 0.998647 -0.0297749
36 0.999827 0.0140521 -0.0121654 0.0166635 -0.013346 0.998325 0.0562902 0.00264684 0.0129361 -0.0561181 0.99834 -0.0250732
37 0.999836 0.0160027 -0.00850199 0.0169702 -0.0154785 0.998167 0.0585063 0.00237442 0.00942266 -0.0583651 0.998251 -0.0257472
38 0.999719 0.0206452 -0.0116135 0.022226 -0.0199424 0.998136 0.057681 0.00174124 0.0127827 -0.0574332 0.998268 -0.0269806
39 0.99974 0.0217669 -0.00677507 0.0238005 -0.0213422 0.998119 0.057471 0.00134659 0.0080133 -0.0573115 0.998324 -0.0284891
40 0.999759 0.0219275 -0.00107715 0.0258937 -0.02184 0.998363 0.052858 0.0027174 0.00223443 -0.0528217 0.998601 -0.0325646
41 0.999703 0.0241146 0.00344305 0.0266949 -0.024258 0.998424 0.0506116 0.00316681 -0.00221715 -0.0506801 0.998712 -0.0351227
42 0.999749 0.0218409 -0.00498135 0.0421639 -0.0215434 0.998335 0.0535167 0.00354851 0.00614191 -0.0533959 0.998555 -0.0411513
43 0.999804 0.0196277 0.00252427 0.042364 -0.0197389 0.998211 0.0564425 0.00471099 -0.00141192 -0.0564813 0.998403 -0.043962
44 0.999756 0.0173506 -0.0136382 0.0663321 -0.0165578 0.99828 0.0562357 0.0104879 0.0145904 -0.0559962 0.998324 -0.0482257
45 0.999741 0.0185605 -0.0131547 0.0727389 -0.0177345 0.99802 0.0603425 0.0128345 0.0142487 -0.0600936 0.998091 -0.0524039
46 0.999763 0.0183469 -0.011716 0.0800534 -0.0175721 0.997851 0.0631242 0.0145842 0.012849 -0.0629034 0.997937 -0.05389
47 0.999819 0.0168303 -0.00887006 0.0860838 -0.0162707 0.998079 0.0597829 0.0181357 0.00985918 -0.0596278 0.998172 -0.05608
48 0.99988 0.0154228 -0.00141589 0.0855823 -0.0153207 0.998346 0.0554193 0.0220757 0.00226827 -0.0553909 0.998462 -0.0593155
49 0.999894 0.014229 0.00315109 0.0864873 -0.0143911 0.998132 0.0593732 0.0217542 -0.00230038 -0.0594123 0.998231 -0.062784
50 0.999942 0.00858508 0.0064501 0.0905306 -0.00894682 0.998258 0.0583212 0.0278017 -0.00593817 -0.0583755 0.998277 -0.0655482
51 0.999939 0.000782822 0.0109934 0.0918948 -0.00146946 0.998038 0.0625911 0.0319776 -0.0109228 -0.0626035 0.997979 -0.0685245
52 0.999886 -0.000266094 0.0151031 0.0910044 -0.000830249 0.997365 0.0725381 0.0331364 -0.0150826 -0.0725423 0.997251 -0.0712897
53 0.999897 -0.000656826 0.0143533 0.0932889 -0.000449556 0.997035 0.0769432 0.0354379 -0.0143613 -0.0769417 0.996932 -0.0740397
54 0.999849 0.00142146 0.0173448 0.0912784 -0.0028107 0.996764 0.0803367 0.0399696 -0.0171745 -0.0803733 0.996617 -0.0793566
55 0.99978 0.0021463 0.0208842 0.0904281 -0.00395036 0.996224 0.0867304 0.043934 -0.0206192 -0.0867937 0.996013 -0.0816113
56 0.999675 -0.00125297 0.0254766 0.0889177 -0.00109287 0.995772 0.0918565 0.0481205 -0.025484 -0.0918545 0.995446 -0.0844293
57 0.999574 -0.00488691 0.0287657 0.091417 0.00209483 0.99535 0.0963037 0.0553997 -0.0291026 -0.0962024 0.994936 -0.0869258
58 0.999371 -0.0120606 0.033357 0.0925045 0.00855269 0.994606 0.103375 0.0606558 -0.0344238 -0.103024 0.994083 -0.090002
59 0.999252 -0.0169627 0.0347646 0.0952869 0.0129735 0.993632 0.111921 0.0662536 -0.0364417 -0.111386 0.993109 -0.0927773
60 0.99925 -0.0173633 0.0346127 0.0959388 0.013053 0.992557 0.12108 0.0696424 -0.0364575 -0.120537 0.992039 -0.0956141
61 0.999296 -0.0154895 0.0341683 0.097718 0.0110441 0.991885 0.126654 0.0729625 -0.0358529 -0.126187 0.991358 -0.0974723
62 0.99928 -0.0124428 0.0358309 0.100092 0.00769765 0.991531 0.129645 0.075946 -0.0371406 -0.129276 0.990913 -0.099603
63 0.999084 -0.0105585 0.0414572 0.101547 0.00490767 0.990954 0.13411 0.0768369 -0.0424981 -0.133784 0.990099 -0.103142
64 0.998726 -0.0120347 0.049005 0.10301 0.00533478 0.990883 0.134619 0.0794664 -0.0501783 -0.134186 0.989685 -0.105674
65 0.998558 -0.0117114 0.0523839 0.105215 0.00450072 0.990739 0.135703 0.0814288 -0.0534881 -0.135272 0.989364 -0.106771
66 0.998526 -0.00930925 0.0534764 0.10771 0.00201839 0.99087 0.134804 0.0825397 -0.054243 -0.134498 0.989428 -0.108343
67 0.998577 -0.00880075 0.0525918 0.111927 0.00176243 0.991194 0.132403 0.0855092 -0.053294 -0.132122 0.9898 -0.112211
68 0.998663 -0.00950733 0.0508148 0.114992 0.00275846 0.991343 0.131266 0.0865358 -0.0516229 -0.13095 0.990044 -0.113968
69 0.998686 -0.0110399 0.0500385 0.117227 0.00441981 0.991435 0.130526 0.0868319 -0.0510509 -0.130134 0.990181 -0.115926
70 0.998702 -0.0142398 0.0489136 0.120636 0.00786157 0.991718 0.128195 0.0879301 -0.050334 -0.127644 0.990542 -0.118043
71 0.998737 -0.015624 0.0477424 0.124147 0.00947538 0.991934 0.126399 0.0880339 -0.0493322 -0.125787 0.99083 -0.121236
72 0.998825 -0.0161385 0.045688 0.127264 0.0103621 0.992234 0.123954 0.0876017 -0.0473336 -0.123334 0.991236 -0.122672
73 0.998993 -0.0156541 0.0420555 0.130957 0.0104344 0.992526 0.121584 0.0873581 -0.0436445 -0.121022 0.99169 -0.126522
74 0.999182 -0.0142783 0.037842 0.135744 0.00969613 0.992893 0.118614 0.0876631 -0.0392667 -0.11815 0.992219 -0.127254
75 0.999417 -0.0108143 0.0323951 0.140918 0.00699327 0.993245 0.115823 0.0886063 -0.0334288 -0.115529 0.992741 -0.129367
76 0.999662 -0.00742009 0.0249368 0.149458 0.00457171 0.993653 0.112398 0.0902354 -0.0256125 -0.112246 0.99335 -0.131188
77 0.999766 -0.00184496 0.0215426 0.154576 -0.000504521 0.994091 0.108551 0.0914656 -0.0216155 -0.108536 0.993857 -0.131075
78 0.999858 0.00455561 0.0162383 0.164083 -0.00624106 0.99442 0.105305 0.0918985 -0.0156679 -0.105392 0.994307 -0.133252
79 0.99989 0.0110209 0.00988317 0.172184 -0.0119727 0.994705 0.102074 0.092546 -0.00870589 -0.102181 0.994728 -0.134779
80 0.99982 0.0189978 -3.55492e-05 0.183201 -0.0188974 0.994725 0.100822 0.0948395 0.00195076 -0.100804 0.994904 -0.136502
81 0.999623 0.0256781 -0.00977219 0.191767 -0.0245672 0.994631 0.100524 0.0956274 0.012301 -0.100246 0.994887 -0.136657
82 0.999313 0.0301511 -0.0215714 0.207039 -0.0278824 0.994728 0.09869 0.0998967 0.0244333 -0.0980207 0.994884 -0.138942
83 0.998919 0.0362239 -0.0291344 0.213837 -0.0331533 0.994461 0.0997383 0.0989731 0.032586 -0.0986645 0.994587 -0.140541
84 0.998316 0.0421869 -0.0398209 0.225669 -0.0380678 0.994352 0.0990673 0.0999766 0.0437754 -0.0973845 0.994284 -0.140039
85 0.997535 0.0487418 -0.0504894 0.235838 -0.0437402 0.994436 0.0958283 0.100534 0.0548794 -0.0933836 0.994117 -0.138849
86 0.996657 0.0550925 -0.060335 0.242186 -0.0494169 0.994548 0.0918271 0.10142 0.065065 -0.0885385 0.993945 -0.1415
87 0.995261 0.0624876 -0.0745092 0.257631 -0.0557267 0.994417 0.0896011 0.103135 0.0796922 -0.0850243 0.993187 -0.142126
88 0.994281 0.0690391 -0.0814828 0.264691 -0.0617554 0.994137 0.0887565 0.10113 0.0871328 -0.0832169 0.992715 -0.142163
89 0.993321 0.073038 -0.0893193 0.277583 -0.0652914 0.994086 0.0867747 0.103722 0.0951289 -0.0803634 0.992216 -0.141139
90 0.992608 0.0774572 -0.0934279 0.28454 -0.0693579 0.993789 0.0870275 0.104204 0.0995885 -0.0799043 0.991815 -0.14147
91 0.992222 0.0784174 -0.096678 0.290434 -0.0699512 0.993657 0.0880534 0.104072 0.10297 -0.0806057 0.991413 -0.142381
92 0.991888 0.077916 -0.100431 0.29416 -0.0689732 0.993583 0.0896368 0.104001 0.106771 -0.0819827 0.990898 -0.141507
93 0.991419 0.0766903 -0.105866 0.299168 -0.0671852 0.993618 0.0906064 0.103478 0.112139 -0.0827162 0.990244 -0.141417
94 0.990647 0.0779242 -0.112013 0.304645 -0.067842 0.993522 0.0911678 0.102942 0.118391 -0.082716 0.989516 -0.140293
95 0.989938 0.0817731 -0.115481 0.309292 -0.0715921 0.993391 0.0897196 0.10239 0.122054 -0.0805493 0.989249 -0.141637
96 0.989548 0.0833839 -0.117648 0.315435 -0.0730274 0.993283 0.0897558 0.101129 0.124342 -0.0802262 0.988991 -0.143839
97 0.989254 0.0824048 -0.12077 0.322088 -0.0719682 0.993484 0.0883744 0.103493 0.127266 -0.0787331 0.988739 -0.14193
98 0.989121 0.082646 -0.121696 0.32246 -0.0719808 0.993376 0.0895749 0.101582 0.128293 -0.0798407 0.988517 -0.139203
99 0.988599 0.08372 -0.12515 0.327039 -0.0726314 0.993227 0.0906881 0.100965 0.131895 -0.0805643 0.987984 -0.139796
100 0.988395 0.0843927 -0.126306 0.327067 -0.0728778 0.992979 0.0931718 0.100606 0.133283 -0.0828856 0.987606 -0.139199
101 0.988092 0.0860656 -0.127541 0.328111 -0.0737733 0.992432 0.0981605 0.0989309 0.135024 -0.0875825 0.986964 -0.140841
102 0.988324 0.0860936 -0.125716 0.325426 -0.0735161 0.992118 0.101477 0.0977436 0.133461 -0.0910502 0.986863 -0.141277
103 0.988012 0.0862131 -0.128062 0.331253 -0.0729505 0.991806 0.104877 0.0980103 0.136055 -0.0942775 0.986205 -0.140526
104 0.987667 0.0874091 -0.129901 0.337422 -0.0738666 0.991656 0.105652 0.0986493 0.138052 -0.0947532 0.985882 -0.138612
105 0.988 0.0859874 -0.128303 0.33959 -0.072452 0.991651 0.106675 0.0976763 0.136405 -0.0960995 0.985981 -0.136391
106 0.988506 0.0815725 -0.127284 0.341439 -0.0682627 0.992058 0.105642 0.0948548 0.134891 -0.0957391 0.986224 -0.13381
107 0.988553 0.0762574 -0.130181 0.345022 -0.0632557 0.992848 0.101247 0.0938732 0.136971 -0.0918529 0.986307 -0.127582
108 0.988594 0.0720931 -0.132231 0.347773 -0.0593861 0.993448 0.097648 0.094895 0.138404 -0.0886815 0.986397 -0.12797
109 0.988689 0.0674531 -0.133958 0.350754 -0.054458 0.993655 0.0984121 0.0927504 0.139746 -0.0900039 0.986088 -0.126211
110 0.988829 0.064656 -0.1343 0.352162 -0.0515195 0.993744 0.0990885 0.0912405 0.139866 -0.0910625 0.985974 -0.124374
111 0.988723 0.063508 -0.13562 0.355678 -0.0499906 0.993645 0.100852 0.088408 0.141163 -0.0929349 0.985615 -0.121998
112 0.988924 0.0631557 -0.134316 0.355805 -0.0501077 0.993885 0.0984009 0.087814 0.139709 -0.0905808 0.986041 -0.118776
113 0.988749 0.0653158 -0.134569 0.357552 -0.0524361 0.99389 0.0971286 0.0848587 0.14009 -0.0889795 0.986133 -0.11664
114 0.988323 0.0670632 -0.136825 0.362212 -0.0545276 0.994135 0.0933971 0.0856805 0.142286 -0.0848458 0.986183 -0.113243
115 0.987961 0.0711216 -0.137386 0.363303 -0.058613 0.993935 0.0930434 0.0837585 0.143171 -0.0838706 0.986138 -0.111053
116 0.987718 0.0749909 -0.137075 0.363891 -0.0625455 0.993704 0.0929522 0.082972 0.143183 -0.0832371 0.98619 -0.107641
117 0.987316 0.077691 -0.138457 0.364963 -0.0648433 0.993362 0.0950077 0.083113 0.144919 -0.0848246 0.985801 -0.103678
118 0.986955 0.0790716 -0.140241 0.365127 -0.0655028 0.992942 0.0988673 0.080679 0.147069 -0.0883914 0.985169 -0.0992789
119 0.986439 0.081099 -0.142689 0.363766 -0.0665359 0.992346 0.104034 0.0765532 0.150034 -0.0931296 0.984285 -0.0965316
120 0.985923 0.0820334 -0.145694 0.363583 -0.066746 0.992028 0.106888 0.0729546 0.153301 -0.095659 0.983539 -0.0913037
121 0.985341 0.084807 -0.148024 0.362775 -0.0694486 0.991937 0.106014 0.0675407 0.155822 -0.0941795 0.983285 -0.0847476
122 0.98451 0.0902054 -0.150341 0.363923 -0.0755638 0.992072 0.100418 0.0648524 0.158207 -0.0875022 0.983521 -0.0803773
123 0.98415 0.093652 -0.150591 0.36382 -0.0800561 0.992353 0.0939531 0.0608704 0.158239 -0.0804082 0.984121 -0.0776626
124 0.983993 0.0925489 -0.152294 0.363384 -0.0800466 0.99305 0.0862831 0.0567503 0.159221 -0.0727113 0.984562 -0.0698109
125 0.983558 0.091775 -0.155537 0.363401 -0.0802227 0.993641 0.0790021 0.0532362 0.161798 -0.0652256 0.984666 -0.0675507
126 0.983007 0.0910391 -0.159401 0.363789 -0.0798285 0.993954 0.0753858 0.0508156 0.165301 -0.06138 0.984331 -0.0658238
127 0.982623 0.0884744 -0.163168 0.363056 -0.0768275 0.994115 0.076371 0.0474673 0.168965 -0.0625081 0.983638 -0.0601075
128 0.981994 0.0872434 -0.16756 0.364511 -0.0753754 0.994259 0.0759394 0.04422 0.173224 -0.0619421 0.982933 -0.0558022
129 0.98162 0.0894242 -0.168598 0.363525 -0.0777521 0.994176 0.074618 0.0413966 0.174289 -0.0601377 0.982857 -0.0523142
130 0.981557 0.0906684 -0.168299 0.363824 -0.0793646 0.994189 0.0727317 0.0405334 0.173915 -0.0580334 0.983049 -0.0481448
131 0.981774 0.0886008 -0.168135 0.364163 -0.0774427 0.994407 0.0718116 0.0390076 0.173557 -0.057482 0.983145 -0.0443071
132 0.981825 0.0876519 -0.168338 0.358553 -0.076417 0.994465 0.0721089 0.0383243 0.173727 -0.0579344 0.983088 -0.0406587
133 0.981127 0.0865702 -0.172903 0.359273 -0.0744549 0.994371 0.0753791 0.0362306 0.178455 -0.061083 0.98205 -0.037048
134 0.980519 0.0850675 -0.177046 0.35848 -0.0723451 0.994393 0.0771257 0.0349012 0.182614 -0.0628148 0.981176 -0.0332818
135 0.97939 0.0887557 -0.181431 0.356523 -0.0758722 0.994158 0.0767709 0.0317398 0.187185 -0.0614232 0.980403 -0.0289283
136 0.978017 0.0938516 -0.186213 0.357993 -0.080831 0.9938 0.0763405 0.0280272 0.192223 -0.0596105 0.979539 -0.0255862
137 0.977056 0.0983272 -0.188928 0.357924 -0.0859933 0.99366 0.0724268 0.026255 0.194852 -0.0545184 0.979316 -0.0228022
138 0.975418 0.103178 -0.194714 0.358786 -0.0912173 0.993406 0.0694476 0.0230011 0.200596 -0.0499792 0.978398 -0.0181485
139 0.973458 0.108181 -0.201682 0.360101 -0.0968801 0.993164 0.0651162 0.0205275 0.207347 -0.043849 0.977284 -0.0151611
140 0.971393 0.111045 -0.209916 0.361873 -0.0998968 0.993 0.0630202 0.0163286 0.215445 -0.0402474 0.975686 -0.0111418
141 0.96962 0.112176 -0.217379 0.362603 -0.101372 0.993021 0.0602693 0.0126003 0.222623 -0.0364021 0.974225 -0.00745432
142 0.967559 0.114149 -0.225387 0.363821 -0.104294 0.993014 0.0551982 0.00942185 0.230113 -0.029901 0.972704 -0.00349832
143 0.964858 0.117638 -0.23497 0.366564 -0.108491 0.992761 0.0515316 0.00513731 0.239331 -0.0242286 0.970636 -0.000594483
144 0.961889 0.122815 -0.244309 0.366884 -0.114278 0.992246 0.0488695 0.000912158 0.248417 -0.0190877 0.968465 0.00327359
145 0.958172 0.128913 -0.255516 0.367861 -0.121248 0.991574 0.0455978 -0.00197618 0.259242 -0.0127097 0.965729 0.00692267
146 0.953763 0.133913 -0.269077 0.370679 -0.126902 0.990967 0.0433657 -0.00627026 0.272454 -0.00721409 0.962142 0.0115628
147 0.949569 0.139819 -0.280658 0.370478 -0.133521 0.990175 0.0415369 -0.0103682 0.283708 -0.00196846 0.958909 0.0160501
148 0.945247 0.145056 -0.292349 0.372852 -0.139604 0.989418 0.0395413 -0.0136095 0.29499 0.00343685 0.955494 0.0200641
149 0.939836 0.15372 -0.305088 0.376046 -0.149444 0.98806 0.0374713 -0.0201172 0.307205 0.0103765 0.951587 0.0255694
150 0.934974 0.16239 -0.315362 0.3749 -0.160413 0.986518 0.032403 -0.0245182 0.316372 0.0202923 0.948418 0.0285359
151 0.928877 0.170652 -0.328733 0.377871 -0.170978 0.984873 0.0281478 -0.0295052 0.328563 0.0300603 0.944003 0.0321073
152 0.922586 0.176365 -0.343118 0.377969 -0.17869 0.983585 0.0251017 -0.0341335 0.341912 0.0381533 0.938957 0.0361554
153 0.916547 0.181219 -0.356512 0.38036 -0.185435 0.982396 0.0226305 -0.0396966 0.354337 0.0453681 0.934017 0.0397179
154 0.910137 0.190357 -0.367988 0.381559 -0.196586 0.980264 0.0208716 -0.0451816 0.364698 0.0533451 0.929596 0.0431843
155 0.905009 0.196786 -0.377139 0.385814 -0.205298 0.978535 0.0179403 -0.050563 0.372574 0.0611896 0.925983 0.0455684
156 0.900745 0.204727 -0.383075 0.386785 -0.216132 0.97627 0.0135441 -0.0557042 0.376757 0.070595 0.923618 0.0498613
157 0.897341 0.209335 -0.388534 0.389737 -0.224368 0.974481 0.00684208 -0.0598999 0.380051 0.0810348 0.921409 0.0540448
158 0.893157 0.213498 -0.39584 0.388839 -0.231459 0.972842 0.00244995 -0.0628213 0.385613 0.0894327 0.918316 0.0544607
159 0.887307 0.217428 -0.406709 0.391026 -0.238287 0.971195 -0.000659645 -0.0651087 0.39485 0.0974986 0.913558 0.0561625
160 0.88081 0.21894 -0.419809 0.392692 -0.241849 0.970313 -0.00138808 -0.0673712 0.407042 0.102753 0.907612 0.0584533
161 0.875463 0.22209 -0.429232 0.397387 -0.24663 0.969108 -0.00159875 -0.0702703 0.415617 0.107261 0.903193 0.0596043
162 0.8734 0.221854 -0.433535 0.398445 -0.247537 0.968874 -0.00288305 -0.0726359 0.419401 0.109834 0.901132 0.0641864
163 0.872771 0.217493 -0.436998 0.401942 -0.245008 0.969497 -0.00681257 -0.0755799 0.422187 0.113014 0.899436 0.0659729
164 0.870921 0.217454 -0.440693 0.402431 -0.246342 0.969144 -0.00862344 -0.0769739 0.42522 0.116072 0.897616 0.0672166
165 0.869077 0.217927 -0.444086 0.405867 -0.246892 0.969013 -0.00764275 -0.0790034 0.42866 0.116284 0.895952 0.0681474
166 0.867296 0.216127 -0.448427 0.409582 -0.245811 0.969283 -0.00825726 -0.0808671 0.432868 0.11739 0.893781 0.070178
167 0.867159 0.214451 -0.449495 0.41377 -0.243513 0.969872 -0.00706314 -0.082682 0.434438 0.115583 0.893255 0.0720865
168 0.868445 0.212117 -0.448117 0.416356 -0.240473 0.970634 -0.0065812 -0.0868281 0.433562 0.113475 0.89395 0.0743187
169 0.870919 0.203968 -0.447099 0.419627 -0.233844 0.9722 -0.0119909 -0.0898593 0.432224 0.114995 0.894404 0.0749303
170 0.873082 0.192833 -0.44782 0.423195 -0.223962 0.974449 -0.0170396 -0.0893338 0.433092 0.115172 0.893961 0.0746346
171 0.87319 0.187653 -0.449805 0.424211 -0.217883 0.975846 -0.0158583 -0.0909799 0.435965 0.111852 0.892986 0.0720273
172 0.871609 0.182279 -0.455051 0.426746 -0.213372 0.976816 -0.0174132 -0.0947324 0.441327 0.112273 0.890295 0.072598
173 0.870214 0.176122 -0.460117 0.431655 -0.209986 0.977434 -0.0230049 -0.0953794 0.445682 0.116637 0.88756 0.0709978
174 0.869603 0.172514 -0.462634 0.436167 -0.208015 0.977769 -0.0263956 -0.09582 0.447796 0.119189 0.886156 0.0692002
175 0.870443 0.168655 -0.462477 0.439784 -0.204513 0.97846 -0.0280977 -0.0958352 0.447777 0.11904 0.886186 0.0682741
176 0.87186 0.161829 -0.462245 0.442414 -0.197233 0.979929 -0.0289424 -0.0957339 0.448284 0.116404 0.88628 0.0650784
177 0.872587 0.15824 -0.462116 0.445301 -0.192464 0.980918 -0.0275272 -0.0947464 0.448942 0.11296 0.886392 0.061699
178 0.871353 0.161694 -0.463248 0.448647 -0.194644 0.980584 -0.0238511 -0.0952762 0.450397 0.110951 0.885908 0.0610498
179 0.870567 0.165156 -0.463504 0.453937 -0.198853 0.979726 -0.0243959 -0.093103 0.450078 0.113407 0.885759 0.0579618
180 0.870587 0.170304 -0.4616 0.455651 -0.203607 0.978785 -0.0228902 -0.0908327 0.447908 0.113913 0.886793 0.0544241
181 0.870007 0.176579 -0.460334 0.458568 -0.208778 0.977768 -0.0195168 -0.0890669 0.446653 0.113087 0.887531 0.0507708
182 0.868024 0.182268 -0.461858 0.461128 -0.2141 0.976665 -0.0169508 -0.0864308 0.447991 0.113597 0.886792 0.0478459
183 0.865127 0.188796 -0.464662 0.464272 -0.220054 0.975396 -0.013396 -0.0839625 0.4507 0.11384 0.885387 0.0437577
184 0.863342 0.192778 -0.466346 0.468575 -0.223196 0.97472 -0.0102713 -0.0822217 0.452576 0.112954 0.884543 0.0413144
185 0.86286 0.19438 -0.466572 0.471284 -0.22403 0.974547 -0.00830286 -0.0793378 0.453083 0.11169 0.884444 0.039104
186 0.862534 0.194277 -0.467217 0.474373 -0.223166 0.974758 -0.00666856 -0.0787274 0.454127 0.110019 0.884118 0.0362227
187 0.861689 0.194868 -0.468528 0.478983 -0.223487 0.974691 -0.00563606 -0.0765406 0.455571 0.109566 0.883431 0.0325286
188 0.860952 0.198064 -0.468542 0.482248 -0.225259 0.974297 -0.00205903 -0.0747481 0.456091 0.107316 0.883439 0.0303302
189 0.862107 0.197145 -0.466803 0.486243 -0.222844 0.974854 0.000155711 -0.073188 0.455096 0.10389 0.884361 0.0284344
190 0.863641 0.195841 -0.464511 0.490181 -0.219113 0.975691 0.00397281 -0.0714515 0.453997 0.0983494 0.885558 0.0248877
191 0.863427 0.196019 -0.464833 0.489636 -0.217079 0.976118 0.00840264 -0.0696278 0.455379 0.0936506 0.885359 0.0231945
192 0.862362 0.195481 -0.467032 0.493023 -0.214125 0.976714 0.013437 -0.0684454 0.458783 0.0884158 0.884138 0.0220077
193 0.861277 0.195494 -0.469026 0.497115 -0.212137 0.977079 0.0177046 -0.0700395 0.461736 0.0842493 0.883007 0.0206974
194 0.860588 0.196142 -0.470018 0.4995 -0.212267 0.977026 0.019067 -0.0695152 0.462959 0.0833604 0.882451 0.0173877
195 0.859811 0.19638 -0.471338 0.502754 -0.211945 0.977067 0.0204594 -0.06881 0.464547 0.0823067 0.881715 0.0162874
196 0.859698 0.19571 -0.471824 0.507571 -0.210208 0.9774 0.0224064 -0.0699792 0.465546 0.0799182 0.881408 0.015589
197 0.86048 0.194589 -0.47086 0.510099 -0.209371 0.977602 0.0213887 -0.0701216 0.464476 0.08018 0.881949 0.0145142
198 0.861239 0.20014 -0.467131 0.512937 -0.216535 0.97609 0.0189815 -0.0716686 0.459761 0.0848025 0.883985 0.0140464
199 0.861881 0.198597 -0.466604 0.514915 -0.218555 0.975756 0.0116028 -0.0691816 0.457596 0.0919783 0.88439 0.0148584
200 0.859587 0.197792 -0.471157 0.518048 -0.218387 0.975798 0.0112108 -0.0659026 0.461972 0.0932581 0.881978 0.0122242
201 0.85518 0.200731 -0.477885 0.521766 -0.219715 0.975424 0.0165358 -0.065153 0.46946 0.0908573 0.878267 0.0126446
202 0.85233 0.203718 -0.481698 0.524478 -0.221278 0.974989 0.0208032 -0.0659431 0.473888 0.0888582 0.87609 0.0113828
203 0.849907 0.204549 -0.48561 0.529386 -0.221482 0.974893 0.0230116 -0.0662408 0.478125 0.0879961 0.873873 0.011335
204 0.848691 0.206386 -0.486958 0.533413 -0.223035 0.974507 0.0243061 -0.0652124 0.479561 0.0879805 0.873087 0.0104359
205 0.84781 0.208532 -0.487579 0.53647 -0.225 0.974029 0.0253467 -0.0656894 0.480202 0.0882163 0.872711 0.0106795
206 0.846345 0.210819 -0.489137 0.53961 -0.227987 0.973342 0.0250308 -0.0644881 0.481375 0.0903321 0.871848 0.0107337
207 0.843552 0.213929 -0.4926 0.544504 -0.230901 0.972603 0.0269825 -0.0637553 0.484876 0.0909805 0.869838 0.0107267
208 0.840223 0.217546 -0.496688 0.547153 -0.234838 0.971622 0.0283005 -0.0630869 0.48875 0.0928624 0.867468 0.0123899
209 0.836837 0.220931 -0.500892 0.550589 -0.238051 0.970774 0.0304745 -0.062282 0.492986 0.0937358 0.864973 0.0118666
210 0.832424 0.227722 -0.505186 0.554215 -0.244606 0.969035 0.0337591 -0.0621412 0.49723 0.0954697 0.86235 0.0128542
211 0.827755 0.234886 -0.509559 0.558572 -0.252434 0.966957 0.0356607 -0.0613103 0.501097 0.0991117 0.859697 0.0124227
212 0.823409 0.2392 -0.514568 0.564089 -0.2573 0.965617 0.037142 -0.0611128 0.50576 0.101816 0.856645 0.0151083
213 0.82026 0.240368 -0.519035 0.568563 -0.258555 0.965233 0.0383954 -0.0596196 0.510219 0.102705 0.85389 0.0155932
214 0.81494 0.246947 -0.5243 0.573635 -0.263886 0.963565 0.0436743 -0.0597079 0.515982 0.102763 0.850413 0.0174577
215 0.810255 0.253796 -0.528275 0.579016 -0.27076 0.961516 0.0466503 -0.0599928 0.519784 0.105237 0.847791 0.016951
216 0.80699 0.258706 -0.530885 0.58591 -0.275271 0.960095 0.0494302 -0.0620563 0.522488 0.106247 0.846001 0.0177974
217 0.805021 0.261317 -0.532593 0.591399 -0.278348 0.959183 0.0498974 -0.0600492 0.523893 0.108078 0.8449 0.0189741
218 0.802676 0.264427 -0.534593 0.595764 -0.280739 0.958347 0.0525085 -0.0601376 0.52621 0.107934 0.843477 0.0205305
219 0.798776 0.267191 -0.539041 0.601896 -0.283389 0.957447 0.0546463 -0.0581497 0.530704 0.109108 0.840505 0.0222021
220 0.794565 0.274244 -0.541717 0.606198 -0.28871 0.955518 0.0602638 -0.0588275 0.534148 0.108516 0.838398 0.0227782
221 0.791039 0.278355 -0.544772 0.612233 -0.29202 0.954297 0.0635743 -0.0573777 0.53757 0.108795 0.836171 0.0259963
222 0.787957 0.283102 -0.546788 0.617456 -0.295698 0.952911 0.0672533 -0.0572111 0.54008 0.108692 0.834565 0.0297327
223 0.785176 0.287599 -0.548439 0.622895 -0.299107 0.95159 0.0707905 -0.0546214 0.542248 0.108459 0.833189 0.0317663
224 0.783273 0.294026 -0.547751 0.627235 -0.303084 0.94989 0.0764861 -0.0546103 0.542792 0.106105 0.833138 0.0340789
225 0.782994 0.296754 -0.546679 0.631815 -0.303409 0.949427 0.0808136 -0.0522523 0.543014 0.102591 0.833433 0.0369209
226 0.781069 0.300681 -0.547287 0.637683 -0.304263 0.948613 0.0869372 -0.0509013 0.545303 0.0986149 0.832418 0.0387275
227 0.77823 0.304648 -0.549133 0.642098 -0.305103 0.947729 0.0933882 -0.0503675 0.54888 0.0948648 0.830501 0.0424289
228 0.775805 0.308874 -0.550202 0.646564 -0.30685 0.946621 0.0987473 -0.0502572 0.551334 0.092221 0.829172 0.0443841
229 0.774089 0.313073 -0.550246 0.653735 -0.309005 0.945443 0.103217 -0.0498957 0.552541 0.0901301 0.828598 0.046375
230 0.773233 0.315558 -0.550031 0.659139 -0.309697 0.944831 0.106688 -0.0498956 0.553353 0.0878484 0.828301 0.0497946
231 0.773189 0.315057 -0.55038 0.661825 -0.307957 0.9452 0.108439 -0.046902 0.554384 0.0856499 0.827842 0.0528627
232 0.771219 0.316692 -0.552202 0.666803 -0.306419 0.945041 0.114037 -0.0457867 0.557968 0.0812575 0.825875 0.0545301
233 0.769606 0.319058 -0.553089 0.671757 -0.304818 0.944715 0.120828 -0.0464719 0.561063 0.0756017 0.824313 0.0569657
234 0.769507 0.321042 -0.552078 0.67256 -0.30324 0.944472 0.126559 -0.0458069 0.562054 0.0700245 0.824131 0.0576546
235 0.769669 0.324033 -0.550102 0.675383 -0.303183 0.943783 0.131733 -0.0453191 0.561863 0.0653908 0.824642 0.0592973
236 0.768804 0.326738 -0.549711 0.676969 -0.304127 0.942995 0.135159 -0.0445693 0.562536 0.0632713 0.824348 0.0630338
237 0.767858 0.330618 -0.548713 0.680708 -0.30641 0.941748 0.138651 -0.0436765 0.562589 0.0616671 0.824433 0.0656398
238 0.767688 0.333078 -0.547462 0.684137 -0.306932 0.941057 0.142142 -0.0418523 0.562537 0.0589129 0.82467 0.0676153
239 0.766321 0.336949 -0.547007 0.688472 -0.308369 0.939851 0.14693 -0.0397457 0.563613 0.0560849 0.824133 0.0697078
240 0.764308 0.343179 -0.54595 0.691571 -0.311121 0.937819 0.153947 -0.0387013 0.564834 0.0521935 0.823553 0.0721592
241 0.76329 0.348486 -0.54401 0.695333 -0.312943 0.9361 0.16057 -0.0388311 0.565204 0.047683 0.823572 0.0748181
242 0.763923 0.352853 -0.540292 0.700022 -0.31402 0.934713 0.166446 -0.0389225 0.563749 0.0425106 0.824851 0.0780887
243 0.764922 0.359033 -0.53478 0.702904 -0.318131 0.932496 0.171009 -0.0370278 0.560078 0.0393213 0.827506 0.0802123
244 0.765122 0.365965 -0.529771 0.704016 -0.322523 0.929942 0.176599 -0.0369567 0.557285 0.0357438 0.829552 0.0828348
245 0.765986 0.369837 -0.525819 0.706695 -0.324026 0.928556 0.18108 -0.0358632 0.555223 0.0316738 0.831098 0.0861724
246 0.767338 0.370374 -0.523465 0.712599 -0.32168 0.928516 0.185421 -0.0348433 0.55472 0.0261071 0.831627 0.08969
247 0.76824 0.373125 -0.520178 0.714649 -0.320487 0.927583 0.192037 -0.0344507 0.554162 0.0191795 0.832188 0.0921388
248 0.76824 0.37507 -0.518778 0.717759 -0.319392 0.926887 0.197151 -0.0325829 0.554794 0.0142338 0.831866 0.0968032
249 0.770412 0.376733 -0.514333 0.719988 -0.31769 0.926293 0.202619 -0.031148 0.552756 0.00729866 0.833311 0.0994101
250 0.773134 0.378256 -0.509103 0.718217 -0.314504 0.925698 0.210168 -0.0301636 0.550773 -0.00237324 0.834652 0.103215
251 0.775826 0.378344 -0.504926 0.721076 -0.309575 0.925578 0.217874 -0.0277706 0.549779 -0.0127195 0.835213 0.108617
252 0.778802 0.38028 -0.498853 0.720086 -0.306151 0.924561 0.226843 -0.0263803 0.547484 -0.0239417 0.836474 0.111181
253 0.78031 0.384561 -0.493182 0.720614 -0.306009 0.922524 0.235177 -0.025198 0.545412 -0.0325925 0.837534 0.118232
254 0.780037 0.390163 -0.489199 0.717779 -0.30688 0.919857 0.24431 -0.0261569 0.545314 -0.0404455 0.837255 0.122891
255 0.780976 0.391693 -0.48647 0.719073 -0.305324 0.91892 0.249725 -0.0248913 0.544843 -0.0464989 0.837248 0.128247
256 0.78001 0.395305 -0.485097 0.717887 -0.305805 0.91713 0.25565 -0.0246258 0.545956 -0.0510639 0.836256 0.133604
257 0.777946 0.399858 -0.484679 0.719017 -0.307136 0.914935 0.261841 -0.0260618 0.54815 -0.0548359 0.834581 0.138811
258 0.775752 0.404864 -0.484039 0.719695 -0.309466 0.912562 0.267323 -0.0285362 0.549945 -0.0575829 0.833213 0.144929
259 0.775422 0.40696 -0.482808 0.719048 -0.31203 0.911689 0.267323 -0.0288085 0.54896 -0.0566374 0.833927 0.149549
260 0.774352 0.410505 -0.481523 0.723138 -0.3156 0.910146 0.268386 -0.0305358 0.548431 -0.0558567 0.834328 0.15579
261 0.775172 0.412997 -0.47806 0.724172 -0.31779 0.908927 0.269928 -0.0330364 0.546001 -0.0573184 0.835821 0.160082
262 0.775272 0.41419 -0.476864 0.729427 -0.318695 0.908341 0.270833 -0.0344651 0.545331 -0.0579949 0.836212 0.168114
263 0.774681 0.415416 -0.476758 0.731394 -0.318211 0.907625 0.273787 -0.0358466 0.546453 -0.0603882 0.83531 0.172591
264 0.772743 0.420508 -0.475437 0.730497 -0.322372 0.905265 0.276715 -0.0377599 0.546758 -0.0605621 0.835098 0.177175
265 0.770352 0.425431 -0.474938 0.730076 -0.328604 0.903219 0.27607 -0.0403167 0.546422 -0.0566049 0.835595 0.184452
266 0.76693 0.430093 -0.476275 0.731275 -0.335583 0.901398 0.273615 -0.0443437 0.546993 -0.0500134 0.835642 0.18715
267 0.764352 0.432892 -0.477881 0.740276 -0.340663 0.900365 0.270725 -0.0485835 0.547462 -0.0441326 0.835666 0.193872
268 0.767489 0.427228 -0.477951 0.741057 -0.337164 0.903126 0.265866 -0.0506722 0.545235 -0.0429019 0.837185 0.197593
269 0.769487 0.421524 -0.479799 0.742646 -0.330874 0.90569 0.265043 -0.052812 0.546272 -0.0451946 0.836388 0.200256
270 0.768008 0.419742 -0.483715 0.748038 -0.3279 0.906494 0.26599 -0.0547581 0.550132 -0.045672 0.833828 0.206171
271 0.76604 0.419656 -0.4869 0.748515 -0.326892 0.906547 0.267047 -0.0578307 0.553466 -0.0454051 0.831633 0.209385
272 0.7636 0.420071 -0.490362 0.750815 -0.327843 0.906501 0.266035 -0.0604693 0.556268 -0.0423825 0.829922 0.21378
273 0.764397 0.418493 -0.490469 0.751281 -0.327338 0.907283 0.263984 -0.0627154 0.55547 -0.0412396 0.830513 0.216154
274 0.763812 0.415114 -0.494238 0.760835 -0.324389 0.908896 0.262067 -0.0656857 0.557999 -0.039844 0.828884 0.222192
275 0.764177 0.412691 -0.495701 0.762049 -0.321483 0.909955 0.261974 -0.066636 0.55918 -0.0408348 0.82804 0.223865
276 0.762012 0.413169 -0.498627 0.769085 -0.319256 0.909621 0.265831 -0.0701416 0.563395 -0.0433767 0.825048 0.229417
277 0.760297 0.413316 -0.501117 0.771119 -0.317317 0.909462 0.26868 -0.0727631 0.566796 -0.0452635 0.822613 0.234355
278 0.758703 0.413835 -0.503101 0.772776 -0.316958 0.909223 0.269909 -0.0735802 0.569129 -0.0453194 0.820999 0.23836
279 0.75727 0.414768 -0.504488 0.77218 -0.31819 0.908879 0.269616 -0.0740048 0.570348 -0.043649 0.820243 0.242054
280 0.754455 0.413831 -0.509452 0.776536 -0.316168 0.909339 0.270444 -0.0760746 0.575183 -0.0429656 0.816896 0.247449
281 0.749093 0.416041 -0.515528 0.777256 -0.317844 0.908492 0.271325 -0.0784118 0.581236 -0.0393902 0.812781 0.252204
282 0.743495 0.419237 -0.521014 0.777631 -0.320968 0.907203 0.27196 -0.0804736 0.586681 -0.0349722 0.809063 0.254249
283 0.737972 0.420273 -0.527985 0.780924 -0.323746 0.906968 0.269438 -0.0827747 0.592103 -0.027905 0.805379 0.258602
284 0.731248 0.420545 -0.537046 0.782632 -0.324999 0.907023 0.267742 -0.0854338 0.59971 -0.0212464 0.799935 0.262399
285 0.720801 0.42434 -0.54807 0.78619 -0.328823 0.905405 0.268548 -0.0896989 0.610181 -0.0133519 0.792149 0.265947
286 0.70878 0.431178 -0.558315 0.792795 -0.337752 0.902266 0.26803 -0.0931747 0.619317 -0.00140289 0.785139 0.27139
287 0.698862 0.437751 -0.565655 0.79446 -0.347054 0.899043 0.266973 -0.0976438 0.625416 0.00973537 0.780231 0.274286
288 0.686399 0.444107 -0.575869 0.801149 -0.357199 0.895657 0.264968 -0.102048 0.633455 0.0238268 0.773412 0.27975
289 0.675303 0.449178 -0.584982 0.804748 -0.368105 0.89257 0.260419 -0.103161 0.639112 0.0394728 0.7681 0.282383
290 0.663768 0.455581 -0.593176 0.809132 -0.376181 0.888821 0.261698 -0.108576 0.646452 0.0494347 0.761352 0.285769
291 0.65601 0.456715 -0.600884 0.812245 -0.37849 0.887861 0.261624 -0.111579 0.65299 0.0558008 0.755308 0.289568
292 0.647122 0.457009 -0.610226 0.825158 -0.37891 0.887354 0.262735 -0.115795 0.661559 0.0611988 0.747392 0.298158
293 0.640116 0.460196 -0.6152 0.829115 -0.382631 0.885337 0.264143 -0.11865 0.666217 0.0663121 0.742804 0.301112
294 0.633989 0.462461 -0.619829 0.831709 -0.386366 0.88371 0.264154 -0.122716 0.66991 0.07201 0.738942 0.306733
295 0.628745 0.462019 -0.625474 0.843729 -0.388638 0.883395 0.261867 -0.127438 0.673528 0.0784355 0.734988 0.31332
296 0.624815 0.463774 -0.628108 0.845858 -0.393173 0.881918 0.260067 -0.129725 0.674552 0.0844616 0.73338 0.315914
297 0.618845 0.465151 -0.632981 0.849988 -0.396449 0.88061 0.259529 -0.132989 0.678129 0.0903366 0.72937 0.321053
298 0.613799 0.466287 -0.637046 0.854729 -0.399271 0.879479 0.259036 -0.135696 0.681053 0.0953578 0.725998 0.32376
299 0.608496 0.466408 -0.642025 0.866226 -0.40034 0.878972 0.259108 -0.137954 0.685172 0.0993623 0.721572 0.32971
300 0.603345 0.468927 -0.645045 0.868807 -0.401297 0.877508 0.262566 -0.141647 0.689156 0.100437 0.717619 0.332979
301 0.598373 0.470478 -0.648537 0.87148 -0.403678 0.876225 0.2632 -0.142531 0.692094 0.104308 0.714231 0.336119
302 0.593376 0.471906 -0.652081 0.875877 -0.404348 0.875235 0.265454 -0.145394 0.695993 0.106153 0.710158 0.339463
303 0.590179 0.470989 -0.655635 0.877053 -0.403772 0.875496 0.26547 -0.145232 0.69904 0.108053 0.706872 0.341909
304 0.582909 0.472212 -0.661236 0.880723 -0.403992 0.874507 0.268379 -0.148366 0.704988 0.110694 0.700528 0.345131
305 0.576741 0.473486 -0.665718 0.882464 -0.405129 0.873412 0.270224 -0.149731 0.709394 0.113852 0.695556 0.347147
306 0.571913 0.473391 -0.669938 0.88468 -0.403921 0.87333 0.272292 -0.152471 0.713977 0.114874 0.690681 0.350385
307 0.569284 0.471438 -0.673544 0.885357 -0.401512 0.874338 0.27262 -0.15337 0.717428 0.115238 0.687035 0.35386
308 0.568042 0.468137 -0.676887 0.887762 -0.397631 0.876209 0.272298 -0.155258 0.720568 0.114475 0.68387 0.35673
309 0.568541 0.463344 -0.67976 0.887631 -0.39268 0.87894 0.27068 -0.156747 0.722886 0.113036 0.681659 0.360202
310 0.568601 0.459447 -0.68235 0.886943 -0.388769 0.881097 0.269308 -0.158826 0.724949 0.112148 0.679612 0.362159
311 0.566319 0.457152 -0.68578 0.886876 -0.387814 0.882007 0.267702 -0.16318 0.727243 0.11435 0.676787 0.366373
312 0.563827 0.45393 -0.689962 0.887313 -0.388572 0.882974 0.263378 -0.166645 0.728773 0.1196 0.674229 0.369223
313 0.563029 0.44888 -0.693906 0.887373 -0.388563 0.884825 0.257107 -0.168636 0.729395 0.124867 0.6726 0.371755
314 0.561784 0.443746 -0.698203 0.890453 -0.386572 0.886971 0.252677 -0.173218 0.73141 0.127955 0.669826 0.376845
315 0.560385 0.440787 -0.701195 0.889124 -0.387666 0.887745 0.24824 -0.177338 0.731904 0.13272 0.668358 0.379323
316 0.560318 0.436555 -0.703891 0.888782 -0.388387 0.889085 0.242245 -0.180691 0.731573 0.137648 0.667723 0.38174
317 0.56162 0.432114 -0.705592 0.88984 -0.38825 0.890704 0.236449 -0.186179 0.730647 0.141151 0.668006 0.385472
318 0.565648 0.426473 -0.705806 0.887363 -0.387966 0.892878 0.228585 -0.1896 0.727684 0.14453 0.670512 0.387311
319 0.567736 0.421573 -0.707073 0.884933 -0.388114 0.894544 0.221717 -0.191561 0.725978 0.148549 0.671483 0.389702
320 0.566677 0.420379 -0.708632 0.886983 -0.390412 0.89437 0.21836 -0.198742 0.725573 0.152919 0.67094 0.394231
321 0.566048 0.417474 -0.710848 0.88537 -0.393899 0.894456 0.211644 -0.202183 0.724178 0.160202 0.670747 0.396805
322 0.565096 0.414747 -0.713198 0.888675 -0.39556 0.894821 0.206949 -0.206684 0.724016 0.165167 0.669717 0.402602
323 0.565271 0.412521 -0.714349 0.883686 -0.398114 0.894877 0.201742 -0.212195 0.722478 0.170354 0.670079 0.403391
324 0.562667 0.408497 -0.718704 0.879019 -0.402664 0.894707 0.193292 -0.218365 0.721988 0.180637 0.667909 0.405911
325 0.559715 0.402209 -0.724532 0.87906 -0.411586 0.893778 0.178204 -0.227693 0.719246 0.198464 0.665805 0.408404
326 0.559419 0.38882 -0.732031 0.877485 -0.417729 0.895048 0.156178 -0.233362 0.715928 0.218422 0.663129 0.412147
327 0.561981 0.372797 -0.738377 0.874905 -0.419772 0.89772 0.133757 -0.235499 0.712719 0.234781 0.660991 0.41501
328 0.563941 0.355536 -0.745362 0.874759 -0.412546 0.903173 0.118679 -0.236822 0.715385 0.240568 0.656011 0.418006
329 0.56231 0.344349 -0.751819 0.873425 -0.403569 0.907824 0.11396 -0.238779 0.721762 0.23933 0.649447 0.419085
330 0.558869 0.334836 -0.75865 0.870675 -0.393201 0.912474 0.113071 -0.240179 0.730109 0.23511 0.641611 0.424202
331 0.556074 0.328439 -0.763485 0.866 -0.385984 0.91559 0.112745 -0.246399 0.736069 0.231998 0.635908 0.426309
332 0.554638 0.319808 -0.76818 0.864902 -0.380628 0.918453 0.107551 -0.25071 0.739932 0.232739 0.631136 0.430007
333 0.555233 0.308056 -0.77254 0.862788 -0.375526 0.921656 0.0976222 -0.253251 0.742089 0.235906 0.627417 0.435735
334 0.556416 0.29867 -0.775369 0.86113 -0.374635 0.923107 0.0867343 -0.256841 0.741654 0.24222 0.625523 0.43878
335 0.557948 0.288566 -0.77809 0.854662 -0.370221 0.925678 0.0778257 -0.257637 0.742719 0.244643 0.623313 0.439412
336 0.556392 0.27902 -0.782673 0.855322 -0.363833 0.928645 0.0724143 -0.258238 0.74703 0.244471 0.618207 0.442627
337 0.55186 0.274239 -0.787556 0.853529 -0.359845 0.930247 0.0717742 -0.26032 0.752305 0.243788 0.612049 0.445839
338 0.545617 0.271673 -0.792778 0.853165 -0.359262 0.930486 0.0716073 -0.265287 0.757122 0.245745 0.60529 0.451112
339 0.542234 0.26761 -0.796472 0.852673 -0.361023 0.930165 0.0667477 -0.269333 0.758713 0.251351 0.60098 0.456198
340 0.541668 0.262168 -0.798664 0.852568 -0.3627 0.930018 0.0592966 -0.272448 0.758317 0.257556 0.598849 0.460455
341 0.53967 0.257638 -0.801485 0.853487 -0.364508 0.929668 0.0534049 -0.27496 0.758874 0.263327 0.595625 0.462967
342 0.53556 0.253539 -0.805539 0.853285 -0.365717 0.929415 0.0493827 -0.276986 0.761201 0.268152 0.590481 0.467264
343 0.530211 0.25077 -0.809933 0.853758 -0.367483 0.928841 0.0470188 -0.280418 0.764089 0.272706 0.584635 0.467784
344 0.523568 0.248418 -0.814963 0.855575 -0.367784 0.928732 0.0468168 -0.282954 0.768513 0.275219 0.577618 0.471882
345 0.515919 0.246738 -0.820334 0.856661 -0.369562 0.928031 0.0467081 -0.286966 0.772821 0.279067 0.569974 0.476945
346 0.508428 0.243516 -0.825954 0.858703 -0.371384 0.927397 0.0448127 -0.289259 0.7769 0.283963 0.561953 0.481854
347 0.500508 0.241194 -0.831455 0.861795 -0.372474 0.926966 0.0446837 -0.292467 0.781508 0.287331 0.553792 0.48718
348 0.49222 0.242947 -0.835881 0.862336 -0.37768 0.924774 0.0463817 -0.295559 0.784269 0.292866 0.546948 0.490284
349 0.481577 0.24287 -0.842079 0.865725 -0.380053 0.923663 0.0490515 -0.298479 0.789711 0.296413 0.537119 0.494748
350 0.469402 0.246556 -0.847863 0.867906 -0.385659 0.921041 0.054324 -0.3013 0.794311 0.301486 0.527425 0.499695
351 0.456388 0.251927 -0.853371 0.872551 -0.394341 0.917015 0.0598192 -0.305452 0.797625 0.309219 0.51786 0.504933
352 0.444149 0.256942 -0.85832 0.874646 -0.402953 0.912925 0.0647744 -0.308181 0.800225 0.317093 0.50901 0.510819
353 0.433047 0.261686 -0.862549 0.876698 -0.410925 0.909018 0.0694765 -0.31089 0.802253 0.324356 0.501181 0.516271
354 0.420938 0.265956 -0.867225 0.88464 -0.419303 0.904828 0.073965 -0.315052 0.804361 0.332495 0.492393 0.521342
355 0.411598 0.268799 -0.870824 0.889045 -0.42352 0.902488 0.0783943 -0.317066 0.80698 0.336545 0.485305 0.527812
356 0.403278 0.27316 -0.873356 0.893069 -0.425869 0.900775 0.0850882 -0.319718 0.80994 0.337621 0.479593 0.533461
