[{"R":[[1.0,-2.680958232303965e-06,0.00014772251597605646],[2.678771352293552e-06,1.0,1.4805151295149699e-05],[-0.0001477225450798869,-1.4804754755459726e-05,1.0]],"file_name":"/home/jonas/Downloads/freiburg/rgbd_dataset_freiburg2_desk/rgb/1311868164.599061.png","t":[-2.1542458853218704e-05,-2.1554320483119227e-05,6.604574446100742e-05]},{"R":[[0.9997125267982483,-0.01609918475151062,0.01776847057044506],[0.015892697498202324,0.999805212020874,0.011701667681336403],[-0.01795339770615101,-0.011415914632380009,0.9997736215591431]],"file_name":"/home/jonas/Downloads/freiburg/rgbd_dataset_freiburg2_desk/rgb/1311868164.698987.png","t":[-0.021814480423927307,-0.003013097681105137,0.006094430573284626]},{"R":[[0.9996156692504883,0.004197280388325453,-0.027401769533753395],[-0.007488634902983904,0.9926069378852844,-0.12114208191633224],[0.026690717786550522,0.12130072712898254,0.9922568798065186]],"file_name":"/home/jonas/Downloads/freiburg/rgbd_dataset_freiburg2_desk/rgb/1311868165.899162.png","t":[-0.11698708683252335,-0.09451936930418015,0.0834989994764328]},{"R":[[0.9989147186279297,-0.00399342505261302,-0.0464048758149147],[-0.0020528219174593687,0.9915746450424194,-0.12952029705047607],[0.04653112590312958,0.12947499752044678,0.9904903173446655]],"file_name":"/home/jonas/Downloads/freiburg/rgbd_dataset_freiburg2_desk/rgb/1311868166.063111.png","t":[-0.12779805064201355,-0.1056012436747551,0.09070684015750885]},{"R":[[0.9998488426208496,-0.017234543338418007,-0.0022851498797535896],[0.016923898831009865,0.9949478507041931,-0.09895657002925873],[0.003979076165705919,0.09890294075012207,0.9950891137123108]],"file_name":"/home/jonas/Downloads/freiburg/rgbd_dataset_freiburg2_desk/rgb/1311868166.499195.png","t":[-0.18243218958377838,-0.11313193291425705,0.1194295585155487]},{"R":[[0.992605984210968,-0.07157646864652634,0.09803138673305511],[0.07992397993803024,0.9932510256767273,-0.08405078202486038],[-0.09135372191667557,0.09126436710357666,0.9916276335716248]],"file_name":"/home/jonas/Downloads/freiburg/rgbd_dataset_freiburg2_desk/rgb/1311868166.899308.png","t":[-0.2505178153514862,-0.12836343050003052,0.15084636211395264]},{"R":[[0.9878686666488647,-0.0742737427353859,0.13637785613536835],[0.08749352395534515,0.9917539358139038,-0.09364306181669235],[-0.1282980591058731,0.10443922877311707,0.9862210750579834]],"file_name":"/home/jonas/Downloads/freiburg/rgbd_dataset_freiburg2_desk/rgb/1311868167.299141.png","t":[-0.2924672067165375,-0.13527905941009521,0.16172756254673004]},{"R":[[0.9875706434249878,-0.06697417795658112,0.142192542552948],[0.08034664392471313,0.992651641368866,-0.0904826894402504],[-0.13508765399456024,0.10078273713588715,0.9856947660446167]],"file_name":"/home/jonas/Downloads/freiburg/rgbd_dataset_freiburg2_desk/rgb/1311868167.799224.png","t":[-0.32020333409309387,-0.1105554848909378,0.13473813235759735]},{"R":[[0.841265857219696,-0.22839367389678955,0.4900082051753998],[0.21117208898067474,0.9731979966163635,0.09106049686670303],[-0.4976726472377777,0.026869963854551315,0.866948664188385]],"file_name":"/home/jonas/Downloads/freiburg/rgbd_dataset_freiburg2_desk/rgb/1311868170.731397.png","t":[-0.5083078145980835,-0.055813275277614594,0.27353358268737793]},{"R":[[0.8315353989601135,-0.23865455389022827,0.5015903115272522],[0.22147339582443237,0.9705638885498047,0.09463207423686981],[-0.5094098448753357,0.03239898756146431,0.8599138855934143]],"file_name":"/home/jonas/Downloads/freiburg/rgbd_dataset_freiburg2_desk/rgb/1311868170.831309.png","t":[-0.5140122175216675,-0.0670895129442215,0.2852073311805725]},{"R":[[0.7765514850616455,-0.30212467908859253,0.5528910756111145],[0.29260537028312683,0.9500919580459595,0.10820052772760391],[-0.5579873919487,0.07775560766458511,0.8261985778808594]],"file_name":"/home/jonas/Downloads/freiburg/rgbd_dataset_freiburg2_desk/rgb/1311868171.331406.png","t":[-0.5636616945266724,-0.146132230758667,0.34306105971336365]},{"R":[[0.5664644241333008,-0.4026974141597748,0.7189943194389343],[0.4740118384361267,0.8729165196418762,0.11545346677303314],[-0.6741148829460144,0.27541154623031616,0.6853594779968262]],"file_name":"/home/jonas/Downloads/freiburg/rgbd_dataset_freiburg2_desk/rgb/1311868174.067656.png","t":[-0.8185057640075684,-0.32488560676574707,0.3977435231208801]},{"R":[[0.562190055847168,-0.3911519944667816,0.7286580204963684],[0.4223599433898926,0.8933072686195374,0.1536692976951599],[-0.7110235095024109,0.2213646024465561,0.6674153804779053]],"file_name":"/home/jonas/Downloads/freiburg/rgbd_dataset_freiburg2_desk/rgb/1311868174.531708.png","t":[-0.8554558753967285,-0.2522575557231903,0.4073368012905121]},{"R":[[0.5531894564628601,-0.36987513303756714,0.7464407682418823],[0.28952303528785706,0.925534725189209,0.24405312538146973],[-0.7811260223388672,0.08110415935516357,0.6190834045410156]],"file_name":"/home/jonas/Downloads/freiburg/rgbd_dataset_freiburg2_desk/rgb/1311868175.031665.png","t":[-0.8859257102012634,-0.11284926533699036,0.4119417369365692]},{"R":[[0.3456004858016968,-0.42771539092063904,0.8352363705635071],[0.3364396095275879,0.8873845934867859,0.31520938873291016],[-0.8759958148002625,0.17207007110118866,0.4505809545516968]],"file_name":"/home/jonas/Downloads/freiburg/rgbd_dataset_freiburg2_desk/rgb/1311868176.131691.png","t":[-0.9634108543395996,-0.20546512305736542,0.5904167890548706]},{"R":[[0.33576735854148865,-0.4206595718860626,0.8427964448928833],[0.3434942960739136,0.8878088593482971,0.30627936124801636],[-0.8770815134048462,0.1866571605205536,0.44259142875671387]],"file_name":"/home/jonas/Downloads/freiburg/rgbd_dataset_freiburg2_desk/rgb/1311868176.331871.png","t":[-0.981849193572998,-0.20820815861225128,0.596360981464386]},{"R":[[0.3365854322910309,-0.4223090708255768,0.8416444063186646],[0.35591286420822144,0.88454669713974,0.30150145292282104],[-0.8718006014823914,0.19807107746601105,0.4480307698249817]],"file_name":"/home/jonas/Downloads/freiburg/rgbd_dataset_freiburg2_desk/rgb/1311868176.567758.png","t":[-1.0065951347351074,-0.2191895842552185,0.5805321335792542]},{"R":[[0.33596062660217285,-0.4425780177116394,0.8314175605773926],[0.3766686022281647,0.8721964359283447,0.31208041310310364],[-0.8632793426513672,0.20832215249538422,0.4597288966178894]],"file_name":"/home/jonas/Downloads/freiburg/rgbd_dataset_freiburg2_desk/rgb/1311868176.831887.png","t":[-1.0368324518203735,-0.2384846806526184,0.5406688451766968]},{"R":[[0.23344306647777557,-0.4569149613380432,0.858331561088562],[0.43140819668769836,0.8397549390792847,0.3296946883201599],[-0.8714305758476257,0.29332634806632996,0.39315181970596313]],"file_name":"/home/jonas/Downloads/freiburg/rgbd_dataset_freiburg2_desk/rgb/1311868177.531751.png","t":[-1.0615766048431396,-0.32929542660713196,0.5947889089584351]},{"R":[[0.11713404208421707,-0.43850791454315186,0.8910614252090454],[0.5171225070953369,0.7929348945617676,0.3222399353981018],[-0.8478584289550781,0.4230426549911499,0.31964200735092163]],"file_name":"/home/jonas/Downloads/freiburg/rgbd_dataset_freiburg2_desk/rgb/1311868179.067847.png","t":[-1.0484075546264648,-0.5632562041282654,0.8581600785255432]},{"R":[[0.12160549312829971,-0.4408208131790161,0.8893194794654846],[0.5368509888648987,0.7828183770179749,0.3146210312843323],[-0.8348671197891235,0.4391723871231079,0.3318501114845276]],"file_name":"/home/jonas/Downloads/freiburg/rgbd_dataset_freiburg2_desk/rgb/1311868179.368133.png","t":[-1.0773597955703735,-0.6082544922828674,0.871999204158783]},{"R":[[0.036250870674848557,-0.4238855242729187,0.904990017414093],[0.5594088435173035,0.7590145468711853,0.3331044912338257],[-0.8280987739562988,0.49418410658836365,0.26464027166366577]],"file_name":"/home/jonas/Downloads/freiburg/rgbd_dataset_freiburg2_desk/rgb/1311868179.867839.png","t":[-1.0454704761505127,-0.698836088180542,0.9919852614402771]},{"R":[[0.0006810774211771786,-0.4090755879878998,0.912500262260437],[0.5795905590057373,0.7437651753425598,0.33299872279167175],[-0.8149075508117676,0.5286497473716736,0.23760291934013367]],"file_name":"/home/jonas/Downloads/freiburg/rgbd_dataset_freiburg2_desk/rgb/1311868180.268004.png","t":[-1.039933204650879,-0.7542890310287476,1.0337973833084106]},{"R":[[0.04634605348110199,-0.4193841516971588,0.9066250324249268],[0.5763545036315918,0.7525202035903931,0.31863588094711304],[-0.815884530544281,0.5077699422836304,0.2765902876853943]],"file_name":"/home/jonas/Downloads/freiburg/rgbd_dataset_freiburg2_desk/rgb/1311868181.000013.png","t":[-1.1480529308319092,-0.7247251272201538,0.9802855253219604]},{"R":[[0.04576907306909561,-0.42462271451950073,0.9042127728462219],[0.5797752737998962,0.7484034299850464,0.3221070468425751],[-0.8134899139404297,0.5094977021217346,0.28043949604034424]],"file_name":"/home/jonas/Downloads/freiburg/rgbd_dataset_freiburg2_desk/rgb/1311868181.100120.png","t":[-1.1539400815963745,-0.7272011041641235,0.9634267687797546]},{"R":[[0.06806883215904236,-0.42146193981170654,0.9042878150939941],[0.5644683837890625,0.7636383175849915,0.3134198784828186],[-0.8226433396339417,0.48910775780677795,0.2898818850517273]],"file_name":"/home/jonas/Downloads/freiburg/rgbd_dataset_freiburg2_desk/rgb/1311868181.700024.png","t":[-1.207012414932251,-0.6179889440536499,0.8702569603919983]},{"R":[[0.07707469165325165,-0.4167022109031677,0.9057697057723999],[0.5589297413825989,0.7703538537025452,0.30684271454811096],[-0.8256252408027649,0.48261183500289917,0.2922820746898651]],"file_name":"/home/jonas/Downloads/freiburg/rgbd_dataset_freiburg2_desk/rgb/1311868182.000232.png","t":[-1.2379462718963623,-0.5662349462509155,0.8227483034133911]},{"R":[[0.011838500387966633,-0.41595664620399475,0.9093073606491089],[0.49954134225845337,0.7902210354804993,0.35497772693634033],[-0.8662091493606567,0.4500342309474945,0.21714256703853607]],"file_name":"/home/jonas/Downloads/freiburg/rgbd_dataset_freiburg2_desk/rgb/1311868182.300234.png","t":[-1.2035804986953735,-0.4980178773403168,0.8885990381240845]},{"R":[[-0.02675171010196209,-0.41715529561042786,0.908441424369812],[0.48805707693099976,0.7876429557800293,0.3760570287704468],[-0.8724016547203064,0.45343145728111267,0.18252480030059814]],"file_name":"/home/jonas/Downloads/freiburg/rgbd_dataset_freiburg2_desk/rgb/1311868182.400284.png","t":[-1.178214192390442,-0.49749556183815,0.9175827503204346]},{"R":[[-0.2902732193470001,-0.3831225335597992,0.8769028186798096],[0.4596239924430847,0.7479212284088135,0.4789150655269623],[-0.8393374085426331,0.5420618057250977,-0.04100918024778366]],"file_name":"/home/jonas/Downloads/freiburg/rgbd_dataset_freiburg2_desk/rgb/1311868183.200276.png","t":[-0.9980228543281555,-0.48785045742988586,1.0809210538864136]},{"R":[[-0.27140772342681885,-0.40575090050697327,0.8727566003799438],[0.44581156969070435,0.7506516575813293,0.48762086033821106],[-0.8529887795448303,0.5214290618896484,-0.022844215855002403]],"file_name":"/home/jonas/Downloads/freiburg/rgbd_dataset_freiburg2_desk/rgb/1311868183.600217.png","t":[-1.0579091310501099,-0.4274264872074127,1.0065590143203735]},{"R":[[-0.2676323652267456,-0.4027646481990814,0.8753019571304321],[0.4321804940700531,0.7617491483688354,0.4826575517654419],[-0.8611578941345215,0.5074632167816162,-0.029801689088344574]],"file_name":"/home/jonas/Downloads/freiburg/rgbd_dataset_freiburg2_desk/rgb/1311868183.900249.png","t":[-1.0912595987319946,-0.37878385186195374,0.9746642112731934]},{"R":[[-0.2769084572792053,-0.3971567749977112,0.8749789595603943],[0.4223543405532837,0.7676023244857788,0.48208242654800415],[-0.8630982041358948,0.5030438899993896,-0.044814690947532654]],"file_name":"/home/jonas/Downloads/freiburg/rgbd_dataset_freiburg2_desk/rgb/1311868184.000440.png","t":[-1.0941405296325684,-0.3565685451030731,0.9767084121704102]},{"R":[[-0.36517155170440674,-0.38068389892578125,0.8495466709136963],[0.3793821632862091,0.7724969387054443,0.5092324614524841],[-0.8501287698745728,0.5082600712776184,-0.13766922056674957]],"file_name":"/home/jonas/Downloads/freiburg/rgbd_dataset_freiburg2_desk/rgb/1311868184.300643.png","t":[-1.0401594638824463,-0.3293399214744568,1.0471950769424438]},{"R":[[-0.46354150772094727,-0.3847455680370331,0.7981855273246765],[0.3144787549972534,0.7707318663597107,0.5541439056396484],[-0.828391432762146,0.5078811049461365,-0.2362719029188156]],"file_name":"/home/jonas/Downloads/freiburg/rgbd_dataset_freiburg2_desk/rgb/1311868184.800366.png","t":[-0.9976747035980225,-0.3010861873626709,1.1064726114273071]},{"R":[[-0.5367414951324463,-0.36755046248435974,0.7594835162162781],[0.25515735149383545,0.7872785329818726,0.5613263249397278],[-0.8042408227920532,0.49507495760917664,-0.3287818431854248]],"file_name":"/home/jonas/Downloads/freiburg/rgbd_dataset_freiburg2_desk/rgb/1311868185.768630.png","t":[-0.9985294342041016,-0.2548372447490692,1.138963222503662]},{"R":[[-0.6667771339416504,-0.3081074655056,0.6785852909088135],[0.2798784077167511,0.7403666377067566,0.6111671328544617],[-0.6907070875167847,0.5974336862564087,-0.40742695331573486]],"file_name":"/home/jonas/Downloads/freiburg/rgbd_dataset_freiburg2_desk/rgb/1311868186.436523.png","t":[-0.8285350799560547,-0.4016247093677521,1.298923134803772]},{"R":[[-0.6609916687011719,-0.31174248456954956,0.6825735569000244],[0.2807687819004059,0.7408036589622498,0.6102284789085388],[-0.6958871483802795,0.5950012803077698,-0.40213748812675476]],"file_name":"/home/jonas/Downloads/freiburg/rgbd_dataset_freiburg2_desk/rgb/1311868186.537052.png","t":[-0.836870551109314,-0.4054175019264221,1.3048665523529053]},{"R":[[-0.7583964467048645,-0.2588987648487091,0.5981690287590027],[0.3536662459373474,0.6074248552322388,0.7113052606582642],[-0.5474988222122192,0.751003623008728,-0.36910513043403625]],"file_name":"/home/jonas/Downloads/freiburg/rgbd_dataset_freiburg2_desk/rgb/1311868188.200610.png","t":[-0.733195424079895,-0.8532577157020569,1.4531511068344116]},{"R":[[-0.7586165070533752,-0.2541973292827606,0.59990394115448],[0.36848142743110657,0.5919619798660278,0.7168001532554626],[-0.5373290181159973,0.7648298740386963,-0.35540512204170227]],"file_name":"/home/jonas/Downloads/freiburg/rgbd_dataset_freiburg2_desk/rgb/1311868188.336811.png","t":[-0.7287123203277588,-0.8993644118309021,1.454140305519104]},{"R":[[-0.7555545568466187,-0.20854762196540833,0.6210033297538757],[0.42295411229133606,0.5686072707176208,0.7055463194847107],[-0.5002470016479492,0.7957346439361572,-0.34140774607658386]],"file_name":"/home/jonas/Downloads/freiburg/rgbd_dataset_freiburg2_desk/rgb/1311868188.537539.png","t":[-0.7140982747077942,-0.9621781706809998,1.4636480808258057]},{"R":[[-0.7379224896430969,-0.24981075525283813,0.626948893070221],[0.4340258240699768,0.5357194542884827,0.7243108749389648],[-0.5168094038963318,0.8065973520278931,-0.28689512610435486]],"file_name":"/home/jonas/Downloads/freiburg/rgbd_dataset_freiburg2_desk/rgb/1311868188.836521.png","t":[-0.7493582963943481,-1.0671148300170898,1.4356787204742432]},{"R":[[-0.7082471251487732,-0.2721168100833893,0.6514126658439636],[0.46474048495292664,0.5148683190345764,0.7203658223152161],[-0.5314154028892517,0.8129348754882813,-0.23819027841091156]],"file_name":"/home/jonas/Downloads/freiburg/rgbd_dataset_freiburg2_desk/rgb/1311868189.868685.png","t":[-0.9215644001960754,-1.18800950050354,1.4705437421798706]},{"R":[[-0.7028575539588928,-0.26368314027786255,0.6606531143188477],[0.46489089727401733,0.532681941986084,0.7071961164474487],[-0.5383936762809753,0.8041897416114807,-0.25181564688682556]],"file_name":"/home/jonas/Downloads/freiburg/rgbd_dataset_freiburg2_desk/rgb/1311868190.436649.png","t":[-0.9895161986351013,-1.1756370067596436,1.5257164239883423]},{"R":[[-0.6947184205055237,-0.27794432640075684,0.6634103059768677],[0.46600961685180664,0.5286456942558289,0.709484875202179],[-0.5479062795639038,0.8020477890968323,-0.23773518204689026]],"file_name":"/home/jonas/Downloads/freiburg/rgbd_dataset_freiburg2_desk/rgb/1311868191.436687.png","t":[-1.0587581396102905,-1.1757577657699585,1.5066626071929932]},{"R":[[-0.6896709203720093,-0.28427961468696594,0.6659873723983765],[0.46833354234695435,0.5263486504554749,0.7096624374389648],[-0.5522841215133667,0.8013377785682678,-0.22986967861652374]],"file_name":"/home/jonas/Downloads/freiburg/rgbd_dataset_freiburg2_desk/rgb/1311868191.570203.png","t":[-1.076935052871704,-1.1738333702087402,1.4869111776351929]},{"R":[[-0.6800076961517334,-0.290164977312088,0.6733452677726746],[0.4754618704319,0.5245798230171204,0.7062237858772278],[-0.558144748210907,0.8003875613212585,-0.21875596046447754]],"file_name":"/home/jonas/Downloads/freiburg/rgbd_dataset_freiburg2_desk/rgb/1311868191.771559.png","t":[-1.1069128513336182,-1.1602058410644531,1.4556704759597778]},{"R":[[-0.7821820974349976,-0.27042680978775024,0.5613024830818176],[0.30668002367019653,0.6170927286148071,0.7246681451797485],[-0.5423453450202942,0.738962709903717,-0.3997443914413452]],"file_name":"/home/jonas/Downloads/freiburg/rgbd_dataset_freiburg2_desk/rgb/1311868195.068954.png","t":[-0.9444683790206909,-0.8335388898849487,1.7060412168502808]},{"R":[[-0.7549687623977661,-0.2971916198730469,0.5845504999160767],[0.3303874731063843,0.5976199507713318,0.7305439710617065],[-0.5664505958557129,0.7446660399436951,-0.35299599170684814]],"file_name":"/home/jonas/Downloads/freiburg/rgbd_dataset_freiburg2_desk/rgb/1311868195.441781.png","t":[-1.055222749710083,-0.9103555679321289,1.6550487279891968]},{"R":[[-0.726514995098114,-0.2954680621623993,0.6203826069831848],[0.38112953305244446,0.5779616236686707,0.7215958833694458],[-0.5717658996582031,0.7606963515281677,-0.30728620290756226]],"file_name":"/home/jonas/Downloads/freiburg/rgbd_dataset_freiburg2_desk/rgb/1311868195.769034.png","t":[-1.135181188583374,-0.9700857400894165,1.6131421327590942]},{"R":[[-0.6452415585517883,-0.2811938524246216,0.7103473544120789],[0.4911888539791107,0.5594615936279297,0.6676348447799683],[-0.5851468443870544,0.7797003984451294,-0.22286859154701233]],"file_name":"/home/jonas/Downloads/freiburg/rgbd_dataset_freiburg2_desk/rgb/1311868196.410126.png","t":[-1.3537094593048096,-0.9973697066307068,1.518428921699524]},{"R":[[-0.6573881506919861,-0.28104937076568604,0.6991795897483826],[0.4789557158946991,0.5604776740074158,0.675622820854187],[-0.5817579030990601,0.7790225148200989,-0.23384115099906921]],"file_name":"/home/jonas/Downloads/freiburg/rgbd_dataset_freiburg2_desk/rgb/1311868196.610073.png","t":[-1.3513123989105225,-1.0206447839736938,1.5488317012786865]},{"R":[[-0.6724400520324707,-0.283923476934433,0.6835289597511292],[0.47328227758407593,0.5450809001922607,0.6920193433761597],[-0.5690590739250183,0.7888436317443848,-0.23215827345848083]],"file_name":"/home/jonas/Downloads/freiburg/rgbd_dataset_freiburg2_desk/rgb/1311868196.709665.png","t":[-1.3315156698226929,-1.0714789628982544,1.55201256275177]},{"R":[[-0.7409327626228333,-0.25007495284080505,0.6232825517654419],[0.4745981693267822,0.46166619658470154,0.7494137287139893],[-0.47515809535980225,0.8510739207267761,-0.2233785092830658]],"file_name":"/home/jonas/Downloads/freiburg/rgbd_dataset_freiburg2_desk/rgb/1311868197.505155.png","t":[-1.2496951818466187,-1.3230339288711548,1.5622994899749756]},{"R":[[-0.7617970705032349,-0.2517889440059662,0.5968815684318542],[0.4615057706832886,0.435658723115921,0.7727961540222168],[-0.4546181857585907,0.8641781210899353,-0.21568147838115692]],"file_name":"/home/jonas/Downloads/freiburg/rgbd_dataset_freiburg2_desk/rgb/1311868198.437155.png","t":[-1.2632858753204346,-1.3705072402954102,1.5109275579452515]},{"R":[[-0.7697052359580994,-0.2515339255332947,0.5867576003074646],[0.45275813341140747,0.4328886866569519,0.7794982194900513],[-0.4500710070133209,0.8656431436538696,-0.2193126678466797]],"file_name":"/home/jonas/Downloads/freiburg/rgbd_dataset_freiburg2_desk/rgb/1311868198.605102.png","t":[-1.2509856224060059,-1.3757816553115845,1.5092958211898804]},{"R":[[-0.9072333574295044,-0.13957363367080688,0.39679571986198425],[0.31840017437934875,0.38855576515197754,0.8646650910377502],[-0.27486172318458557,0.9107928276062012,-0.30807051062583923]],"file_name":"/home/jonas/Downloads/freiburg/rgbd_dataset_freiburg2_desk/rgb/1311868200.005247.png","t":[-0.8427313566207886,-1.5503934621810913,1.6878204345703125]},{"R":[[-0.9131290912628174,-0.14244244992733002,0.3819756507873535],[0.30462127923965454,0.384281188249588,0.8715124130249023],[-0.27092641592025757,0.9121612310409546,-0.30750733613967896]],"file_name":"/home/jonas/Downloads/freiburg/rgbd_dataset_freiburg2_desk/rgb/1311868200.105179.png","t":[-0.82680344581604,-1.5705022811889648,1.6894832849502563]},{"R":[[-0.921381413936615,-0.11390158534049988,0.3715949058532715],[0.3036653995513916,0.3857614994049072,0.8711919188499451],[-0.24257715046405792,0.9155405759811401,-0.32084548473358154]],"file_name":"/home/jonas/Downloads/freiburg/rgbd_dataset_freiburg2_desk/rgb/1311868200.505347.png","t":[-0.8137633800506592,-1.5805131196975708,1.7295793294906616]},{"R":[[-0.9364454746246338,-0.10900411754846573,0.3334486186504364],[0.2754143178462982,0.3603091835975647,0.8912487030029297],[-0.217294380068779,0.9264423251152039,-0.3073886036872864]],"file_name":"/home/jonas/Downloads/freiburg/rgbd_dataset_freiburg2_desk/rgb/1311868201.673519.png","t":[-0.7913318276405334,-1.6367619037628174,1.6895033121109009]},{"R":[[-0.9482273459434509,-0.10109499841928482,0.3010725975036621],[0.25174441933631897,0.33868998289108276,0.9065946340560913],[-0.19362245500087738,0.9354511499404907,-0.29570499062538147]],"file_name":"/home/jonas/Downloads/freiburg/rgbd_dataset_freiburg2_desk/rgb/1311868201.973324.png","t":[-0.7410892844200134,-1.6912239789962769,1.6660102605819702]},{"R":[[-0.9491497278213501,-0.1170617938041687,0.29225215315818787],[0.23907840251922607,0.33596304059028625,0.9110270738601685],[-0.20483238995075226,0.9345722794532776,-0.29089227318763733]],"file_name":"/home/jonas/Downloads/freiburg/rgbd_dataset_freiburg2_desk/rgb/1311868202.105342.png","t":[-0.7559029459953308,-1.7006455659866333,1.654657244682312]},{"R":[[-0.999668538570404,0.025634674355387688,0.0023747491650283337],[0.012152498587965965,0.38855603337287903,0.9213449358940125],[0.02269565500319004,0.9210684299468994,-0.3887387812137604]],"file_name":"/home/jonas/Downloads/freiburg/rgbd_dataset_freiburg2_desk/rgb/1311868204.337676.png","t":[-0.1421593427658081,-1.4439798593521118,1.924224853515625]},{"R":[[-0.9981111288070679,0.05779794976115227,-0.020822828635573387],[0.0027602319605648518,0.3807917833328247,0.9246566891670227],[0.06137242168188095,0.922852635383606,-0.3802320659160614]],"file_name":"/home/jonas/Downloads/freiburg/rgbd_dataset_freiburg2_desk/rgb/1311868204.437659.png","t":[-0.06593007594347,-1.4497369527816772,1.9179306030273438]},{"R":[[-0.9998093247413635,0.019523678347468376,0.0004406720690894872],[0.0085127679631114,0.41540899872779846,0.9095948934555054],[0.017575578764081,0.9094251990318298,-0.41549596190452576]],"file_name":"/home/jonas/Downloads/freiburg/rgbd_dataset_freiburg2_desk/rgb/1311868204.773695.png","t":[-0.18200121819972992,-1.3419586420059204,1.986186146736145]},{"R":[[-0.9989858269691467,-0.0014066857984289527,0.045004408806562424],[0.036277227103710175,0.5669056177139282,0.8229836225509644],[-0.02667093090713024,0.8237815499305725,-0.5662795901298523]],"file_name":"/home/jonas/Downloads/freiburg/rgbd_dataset_freiburg2_desk/rgb/1311868205.837631.png","t":[-0.32228726148605347,-0.8999781608581543,2.189640760421753]},{"R":[[-0.9962085485458374,0.026076503098011017,-0.08299755305051804],[-0.0583454966545105,0.5074032545089722,0.8597311973571777],[0.06453201174736023,0.861314058303833,-0.5039580464363098]],"file_name":"/home/jonas/Downloads/freiburg/rgbd_dataset_freiburg2_desk/rgb/1311868206.906005.png","t":[-0.08625618368387222,-1.1606181859970093,2.1073684692382813]},{"R":[[-0.9961690306663513,0.0331193171441555,-0.08093452453613281],[-0.054045192897319794,0.4944332540035248,0.867533802986145],[0.0687488466501236,0.868584394454956,-0.4907491207122803]],"file_name":"/home/jonas/Downloads/freiburg/rgbd_dataset_freiburg2_desk/rgb/1311868207.205787.png","t":[-0.11875440925359726,-1.223802089691162,2.085127830505371]},{"R":[[-0.997092068195343,0.0152967544272542,-0.0746549516916275],[-0.05835823342204094,0.4767243266105652,0.8771135807037354],[0.04900681972503662,0.8789197206497192,-0.4744453728199005]],"file_name":"/home/jonas/Downloads/freiburg/rgbd_dataset_freiburg2_desk/rgb/1311868207.473631.png","t":[-0.17761731147766113,-1.2904884815216064,2.055772542953491]},{"R":[[-0.9964032769203186,0.012881727889180183,-0.08375277370214462],[-0.06934770196676254,0.444034218788147,0.8933221697807312],[0.04869662970304489,0.8959172368049622,-0.441543847322464]],"file_name":"/home/jonas/Downloads/freiburg/rgbd_dataset_freiburg2_desk/rgb/1311868208.105716.png","t":[-0.2064913511276245,-1.4424254894256592,2.007803440093994]},{"R":[[-0.9964030981063843,0.029243579134345055,-0.07953434437513351],[-0.05959535762667656,0.4254235029220581,0.9030300378799438],[0.06024361029267311,0.9045217633247375,-0.42215049266815186]],"file_name":"/home/jonas/Downloads/freiburg/rgbd_dataset_freiburg2_desk/rgb/1311868208.237842.png","t":[-0.21216054260730743,-1.4942374229431152,1.979149580001831]},{"R":[[-0.9967319965362549,0.0285054761916399,-0.07558288425207138],[-0.05735298991203308,0.40918126702308655,0.9106488227844238],[0.056885577738285065,0.912007749080658,-0.40620917081832886]],"file_name":"/home/jonas/Downloads/freiburg/rgbd_dataset_freiburg2_desk/rgb/1311868208.337811.png","t":[-0.2289775311946869,-1.5360347032546997,1.9478528499603271]},{"R":[[-0.9713037610054016,0.10352236032485962,-0.21413099765777588],[-0.16480739414691925,0.356181800365448,0.9197679162025452],[0.17148610949516296,0.9286644458770752,-0.32889947295188904]],"file_name":"/home/jonas/Downloads/freiburg/rgbd_dataset_freiburg2_desk/rgb/1311868211.406119.png","t":[-0.06836079806089401,-1.739890217781067,1.745171308517456]},{"R":[[-0.9715560674667358,0.10079915076494217,-0.21428564190864563],[-0.16692772507667542,0.3503284454345703,0.9216317534446716],[0.16797004640102386,0.9311871528625488,-0.32353755831718445]],"file_name":"/home/jonas/Downloads/freiburg/rgbd_dataset_freiburg2_desk/rgb/1311868211.541927.png","t":[-0.09040069580078125,-1.7557390928268433,1.7375670671463013]},{"R":[[-0.9738940000534058,0.09507475793361664,-0.20613420009613037],[-0.16153739392757416,0.3477277457714081,0.9235751628875732],[0.1594872623682022,0.9327626824378967,-0.3232918381690979]],"file_name":"/home/jonas/Downloads/freiburg/rgbd_dataset_freiburg2_desk/rgb/1311868211.906024.png","t":[-0.1527271270751953,-1.769159197807312,1.7393139600753784]},{"R":[[-0.8076673746109009,0.2666325867176056,-0.5259091854095459],[-0.31806716322898865,0.5540115237236023,0.7693533301353455],[0.4964944124221802,0.7886559963226318,-0.36264994740486145]],"file_name":"/home/jonas/Downloads/freiburg/rgbd_dataset_freiburg2_desk/rgb/1311868216.806393.png","t":[0.499953031539917,-1.0827933549880981,1.9177535772323608]},{"R":[[-0.7800820469856262,0.29271233081817627,-0.5529841184616089],[-0.3058786988258362,0.5925861597061157,0.745171070098877],[0.5458114743232727,0.7504406571388245,-0.37273135781288147]],"file_name":"/home/jonas/Downloads/freiburg/rgbd_dataset_freiburg2_desk/rgb/1311868218.410500.png","t":[0.5728704929351807,-1.0416958332061768,1.9166430234909058]},{"R":[[-0.7689670324325562,0.2829417288303375,-0.5732658505439758],[-0.32775524258613586,0.595419704914093,0.7335202097892761],[0.5488772392272949,0.7519437074661255,-0.3651224672794342]],"file_name":"/home/jonas/Downloads/freiburg/rgbd_dataset_freiburg2_desk/rgb/1311868218.710423.png","t":[0.5871691703796387,-1.072255253791809,1.8960283994674683]},{"R":[[-0.7720749378204346,0.29150739312171936,-0.5647333264350891],[-0.31829649209976196,0.5917568206787109,0.7406154274940491],[0.5500797033309937,0.7515632510185242,-0.3640948235988617]],"file_name":"/home/jonas/Downloads/freiburg/rgbd_dataset_freiburg2_desk/rgb/1311868218.810331.png","t":[0.5709684491157532,-1.0971628427505493,1.8898662328720093]},{"R":[[-0.7041822075843811,0.4026171863079071,-0.5848305821418762],[-0.33491653203964233,0.5379359126091003,0.7735992670059204],[0.626065731048584,0.7406243085861206,-0.24396176636219025]],"file_name":"/home/jonas/Downloads/freiburg/rgbd_dataset_freiburg2_desk/rgb/1311868219.610673.png","t":[0.7473998665809631,-1.3275266885757446,1.695047378540039]},{"R":[[-0.6981576681137085,0.4102832078933716,-0.586722731590271],[-0.3435777723789215,0.5269755125045776,0.7773359417915344],[0.6281163692474365,0.74428790807724,-0.22694779932498932]],"file_name":"/home/jonas/Downloads/freiburg/rgbd_dataset_freiburg2_desk/rgb/1311868219.710785.png","t":[0.7601504921913147,-1.3644700050354004,1.664570689201355]},{"R":[[-0.6829215884208679,0.4104808568954468,-0.6042545437812805],[-0.36816415190696716,0.5210402607917786,0.7700468897819519],[0.630930483341217,0.7483465075492859,-0.20470531284809113]],"file_name":"/home/jonas/Downloads/freiburg/rgbd_dataset_freiburg2_desk/rgb/1311868219.910641.png","t":[0.8054913878440857,-1.4056826829910278,1.623694896697998]},{"R":[[-0.6880066394805908,0.39850538969039917,-0.6064984202384949],[-0.41958436369895935,0.4634515941143036,0.7804880142211914],[0.592111349105835,0.7914581894874573,-0.15165112912654877]],"file_name":"/home/jonas/Downloads/freiburg/rgbd_dataset_freiburg2_desk/rgb/1311868221.674631.png","t":[0.7389828562736511,-1.5965006351470947,1.538631796836853]},{"R":[[-0.5294591784477234,0.4704669415950775,-0.7059276700019836],[-0.4947677552700043,0.5047032237052917,0.7074457406997681],[0.6891137957572937,0.7238338589668274,-0.034447889775037766]],"file_name":"/home/jonas/Downloads/freiburg/rgbd_dataset_freiburg2_desk/rgb/1311868224.211401.png","t":[0.9334555268287659,-1.4814677238464355,1.3956671953201294]},{"R":[[-0.5158281326293945,0.46161797642707825,-0.7216856479644775],[-0.508583664894104,0.5128942728042603,0.6915794610977173],[0.689393937587738,0.7237736582756042,-0.029793938621878624]],"file_name":"/home/jonas/Downloads/freiburg/rgbd_dataset_freiburg2_desk/rgb/1311868224.474953.png","t":[0.9361399412155151,-1.4678491353988647,1.395482063293457]},{"R":[[-0.5075266361236572,0.4642599821090698,-0.725864589214325],[-0.5049848556518555,0.5223108530044556,0.6871547698974609],[0.6981453895568848,0.7152999639511108,-0.03064238466322422]],"file_name":"/home/jonas/Downloads/freiburg/rgbd_dataset_freiburg2_desk/rgb/1311868224.643090.png","t":[0.9384571313858032,-1.4486384391784668,1.4085379838943481]},{"R":[[-0.45129525661468506,0.49065694212913513,-0.7453779578208923],[-0.5252996683120728,0.5291570425033569,0.666373074054718],[0.7213826179504395,0.6922777891159058,0.018935849890112877]],"file_name":"/home/jonas/Downloads/freiburg/rgbd_dataset_freiburg2_desk/rgb/1311868225.510884.png","t":[0.9973362684249878,-1.4540185928344727,1.3639273643493652]},{"R":[[-0.44036564230918884,0.49461913108825684,-0.7492863535881042],[-0.5236074328422546,0.5364540219306946,0.6618552803993225],[0.7293239235877991,0.6837902069091797,0.022750338539481163]],"file_name":"/home/jonas/Downloads/freiburg/rgbd_dataset_freiburg2_desk/rgb/1311868226.444052.png","t":[0.9198729395866394,-1.4039101600646973,1.3578261137008667]},{"R":[[-0.3634105622768402,0.5255316495895386,-0.7692524194717407],[-0.5196195840835571,0.5710026025772095,0.6355718374252319],[0.7732582092285156,0.6306921243667603,0.06556817144155502]],"file_name":"/home/jonas/Downloads/freiburg/rgbd_dataset_freiburg2_desk/rgb/1311868227.210865.png","t":[0.9761521220207214,-1.2833775281906128,1.2981970310211182]},{"R":[[-0.29622986912727356,0.5323179364204407,-0.7930229902267456],[-0.5374968647956848,0.5934264659881592,0.5991178154945374],[0.7895219922065735,0.60372394323349,0.1103285551071167]],"file_name":"/home/jonas/Downloads/freiburg/rgbd_dataset_freiburg2_desk/rgb/1311868227.446682.png","t":[1.0787135362625122,-1.2346652746200562,1.2383315563201904]},{"R":[[-0.19107498228549957,0.5422061681747437,-0.8182315230369568],[-0.5561520457267761,0.6270755529403687,0.5454091429710388],[0.8088172078132629,0.559275209903717,0.18173061311244965]],"file_name":"/home/jonas/Downloads/freiburg/rgbd_dataset_freiburg2_desk/rgb/1311868227.844330.png","t":[1.2077980041503906,-1.1618678569793701,1.1539655923843384]},{"R":[[-0.16476081311702728,0.5334109663963318,-0.8296545147895813],[-0.5639608502388,0.6391414999961853,0.5229209065437317],[0.8091983795166016,0.554049551486969,0.1955174058675766]],"file_name":"/home/jonas/Downloads/freiburg/rgbd_dataset_freiburg2_desk/rgb/1311868228.079022.png","t":[1.2251001596450806,-1.136557698249817,1.1468337774276733]},{"R":[[-0.1321905553340912,0.5179170966148376,-0.8451553583145142],[-0.5768312811851501,0.6531988382339478,0.4905068278312683],[0.8060963749885559,0.5523524284362793,0.2124040573835373]],"file_name":"/home/jonas/Downloads/freiburg/rgbd_dataset_freiburg2_desk/rgb/1311868228.412437.png","t":[1.2400224208831787,-1.1063194274902344,1.1381710767745972]},{"R":[[-0.14067691564559937,0.5257779359817505,-0.8389085531234741],[-0.5754173398017883,0.6461097002029419,0.5014351010322571],[0.805670440196991,0.5532628893852234,0.21164904534816742]],"file_name":"/home/jonas/Downloads/freiburg/rgbd_dataset_freiburg2_desk/rgb/1311868228.545801.png","t":[1.2074300050735474,-1.1235805749893188,1.1417075395584106]},{"R":[[-0.14955659210681915,0.5512897968292236,-0.8207998275756836],[-0.5997312068939209,0.6094154715538025,0.5185896158218384],[0.7861013412475586,0.5698177814483643,0.23948359489440918]],"file_name":"/home/jonas/Downloads/freiburg/rgbd_dataset_freiburg2_desk/rgb/1311868228.944678.png","t":[1.1565898656845093,-1.1639659404754639,1.0831325054168701]},{"R":[[-0.15544600784778595,0.5455338358879089,-0.823546826839447],[-0.6056751012802124,0.6059603095054626,0.5157225131988525],[0.7803807854652405,0.5789688229560852,0.23622217774391174]],"file_name":"/home/jonas/Downloads/freiburg/rgbd_dataset_freiburg2_desk/rgb/1311868229.547820.png","t":[1.125269889831543,-1.0688787698745728,1.047611951828003]},{"R":[[-0.16355003416538239,0.5452188849449158,-0.8221847414970398],[-0.6097965836524963,0.599257230758667,0.5186895728111267],[0.7754995226860046,0.5861971378326416,0.23446409404277802]],"file_name":"/home/jonas/Downloads/freiburg/rgbd_dataset_freiburg2_desk/rgb/1311868229.647479.png","t":[1.1093302965164185,-1.0649609565734863,1.0415111780166626]},{"R":[[-0.18083856999874115,0.5347592234611511,-0.8254271745681763],[-0.5995694994926453,0.6053376197814941,0.5235291123390198],[0.7796241641044617,0.5895752310752869,0.2111569195985794]],"file_name":"/home/jonas/Downloads/freiburg/rgbd_dataset_freiburg2_desk/rgb/1311868229.748721.png","t":[1.080648422241211,-1.0351234674453735,1.071414589881897]},{"R":[[-0.20303761959075928,0.5689674019813538,-0.7969014048576355],[-0.5823651552200317,0.584094762802124,0.5654061436653137],[0.7871636152267456,0.5788863301277161,0.21275357902050018]],"file_name":"/home/jonas/Downloads/freiburg/rgbd_dataset_freiburg2_desk/rgb/1311868230.343265.png","t":[1.001397967338562,-0.9825010895729065,1.045944333076477]},{"R":[[-0.19378171861171722,0.5481866002082825,-0.8135970234870911],[-0.5998157858848572,0.5900496244430542,0.5404280424118042],[0.7763180136680603,0.5927334427833557,0.21447016298770905]],"file_name":"/home/jonas/Downloads/freiburg/rgbd_dataset_freiburg2_desk/rgb/1311868230.484314.png","t":[1.0085275173187256,-0.9546175003051758,1.0323536396026611]},{"R":[[-0.1785222589969635,0.49772709608078003,-0.8487623333930969],[-0.630903422832489,0.6040443778038025,0.48692020773887634],[0.7550435066223145,0.622413158416748,0.2061823606491089]],"file_name":"/home/jonas/Downloads/freiburg/rgbd_dataset_freiburg2_desk/rgb/1311868230.783163.png","t":[1.0128819942474365,-0.8848260641098022,1.0311635732650757]},{"R":[[-0.16550473868846893,0.478140264749527,-0.8625485897064209],[-0.6708976030349731,0.5864619016647339,0.4538269340991974],[0.7228447794914246,0.6537922620773315,0.22372093796730042]],"file_name":"/home/jonas/Downloads/freiburg/rgbd_dataset_freiburg2_desk/rgb/1311868231.083967.png","t":[1.0224862098693848,-0.8650522232055664,0.9790138006210327]},{"R":[[-0.15646369755268097,0.46650180220603943,-0.8705717325210571],[-0.6717027425765991,0.5959506630897522,0.4400661289691925],[0.7241094708442688,0.6536198258399963,0.22010588645935059]],"file_name":"/home/jonas/Downloads/freiburg/rgbd_dataset_freiburg2_desk/rgb/1311868231.180564.png","t":[1.0356014966964722,-0.8300184011459351,0.9815133213996887]},{"R":[[-0.15650920569896698,0.4621226489543915,-0.8728960752487183],[-0.65449458360672,0.613359808921814,0.4420708417892456],[0.7396903038024902,0.6404938697814941,0.20646032691001892]],"file_name":"/home/jonas/Downloads/freiburg/rgbd_dataset_freiburg2_desk/rgb/1311868232.779268.png","t":[1.09674072265625,-0.6469074487686157,0.985946774482727]},{"R":[[-0.1279805600643158,0.47995254397392273,-0.86790931224823],[-0.6427889466285706,0.6262868642807007,0.44112035632133484],[0.7552769780158997,0.6143373250961304,0.22835564613342285]],"file_name":"/home/jonas/Downloads/freiburg/rgbd_dataset_freiburg2_desk/rgb/1311868233.043607.png","t":[1.1213798522949219,-0.6452464461326599,0.9640251398086548]},{"R":[[-0.1093476340174675,0.480775386095047,-0.8699989318847656],[-0.6422774791717529,0.6338221430778503,0.43098628520965576],[0.7586321234703064,0.6059080362319946,0.2394842505455017]],"file_name":"/home/jonas/Downloads/freiburg/rgbd_dataset_freiburg2_desk/rgb/1311868233.243606.png","t":[1.1230928897857666,-0.6480478644371033,0.9547509551048279]},{"R":[[-0.09801935404539108,0.48685452342033386,-0.8679659366607666],[-0.6421559453010559,0.6353583931922913,0.42890027165412903],[0.760281503200531,0.5994099974632263,0.25035908818244934]],"file_name":"/home/jonas/Downloads/freiburg/rgbd_dataset_freiburg2_desk/rgb/1311868233.343465.png","t":[1.12504243850708,-0.658143162727356,0.9434911012649536]},{"R":[[-0.0896504670381546,0.4899987280368805,-0.8671009540557861],[-0.6422086358070374,0.6370056867599487,0.4263705313205719],[0.7612692713737488,0.595084011554718,0.25757354497909546]],"file_name":"/home/jonas/Downloads/freiburg/rgbd_dataset_freiburg2_desk/rgb/1311868233.543443.png","t":[1.105982780456543,-0.6723794937133789,0.9449377655982971]},{"R":[[-0.07489997148513794,0.47592195868492126,-0.87629234790802],[-0.6299596428871155,0.6586197018623352,0.4115470349788666],[0.7730076909065247,0.5828536748886108,0.2504810392856598]],"file_name":"/home/jonas/Downloads/freiburg/rgbd_dataset_freiburg2_desk/rgb/1311868233.679470.png","t":[1.104511022567749,-0.6409167051315308,0.9694830775260925]},{"R":[[-0.028019774705171585,0.45540937781333923,-0.8898410797119141],[-0.6067890524864197,0.6996684670448303,0.3771883249282837],[0.7943688631057739,0.5505145788192749,0.25673288106918335]],"file_name":"/home/jonas/Downloads/freiburg/rgbd_dataset_freiburg2_desk/rgb/1311868233.911537.png","t":[1.1339188814163208,-0.5832259058952332,0.9885962605476379]},{"R":[[0.002803405513986945,0.4481203556060791,-0.8939688205718994],[-0.6041861772537231,0.7131131887435913,0.3555680811405182],[0.7968382835388184,0.5391268134117126,0.272747278213501]],"file_name":"/home/jonas/Downloads/freiburg/rgbd_dataset_freiburg2_desk/rgb/1311868234.379573.png","t":[1.1227939128875732,-0.613399863243103,1.0078169107437134]},{"R":[[0.010552450083196163,0.44928109645843506,-0.8933281302452087],[-0.6074917316436768,0.7124906182289124,0.3511565625667572],[0.7942559123039246,0.5389838814735413,0.280453085899353]],"file_name":"/home/jonas/Downloads/freiburg/rgbd_dataset_freiburg2_desk/rgb/1311868234.511642.png","t":[1.120179295539856,-0.6327259540557861,1.0073692798614502]},{"R":[[0.012821502983570099,0.45211780071258545,-0.8918660879135132],[-0.6144714951515198,0.7072132229804993,0.3496772348880768],[0.788834810256958,0.5435429215431213,0.28688105940818787]],"file_name":"/home/jonas/Downloads/freiburg/rgbd_dataset_freiburg2_desk/rgb/1311868234.643547.png","t":[1.109401822090149,-0.6605684161186218,1.0041136741638184]},{"R":[[-0.