1.000000000 0.000000000 0.000000000 0.000000000 0.000000000 1.000000000 0.000000000 0.000000000 0.000000000 0.000000000 1.000000000 0.000000000
1.000000000 0.000000000 0.000000000 0.000000000 0.000000000 1.000000000 0.000000000 0.000000000 0.000000000 0.000000000 1.000000000 0.000000000
0.999998626 -0.001610659 -0.000392005 -0.023533004 0.001611304 0.999997338 0.001651695 -0.038422061 0.000389344 -0.001652324 0.999998559 2.649006361
0.999994550 -0.003225921 -0.000701724 -0.017177870 0.003226314 0.999994639 0.000558737 -0.056498557 0.000699917 -0.000560998 0.999999598 3.983950043
0.999993509 -0.003545265 -0.000642473 -0.023684690 0.003545722 0.999993460 0.000712430 -0.080021515 0.000639943 -0.000714704 0.999999540 5.308719153
0.999991852 -0.003960516 -0.000781796 -0.022782297 0.003961819 0.999990753 0.001672713 -0.102485224 0.000775164 -0.001675797 0.999998295 6.641602845
0.999985773 -0.005303660 -0.000570235 -0.030792279 0.005305196 0.999982211 0.002726143 -0.119034139 0.000555767 -0.002729130 0.999996121 7.991831445
0.999987502 -0.004926891 -0.000849705 -0.034520139 0.004929732 0.999982152 0.003375449 -0.142137361 0.000833059 -0.003379596 0.999993942 9.320607082
0.999990337 -0.004181225 -0.001357812 -0.042535892 0.004183264 0.999990122 0.001502069 -0.160042687 0.001351518 -0.001507734 0.999997950 10.666163948
0.999998274 -0.001438712 -0.001175661 -0.058304433 0.001437937 0.999998748 -0.000659892 -0.180495428 0.001176609 0.000658201 0.999999091 12.013131209
0.999997440 0.001993378 -0.001070605 -0.071158831 -0.001994959 0.999996918 -0.001477641 -0.205368088 0.001067656 0.001479773 0.999998335 13.363953897
0.999989519 0.004465500 -0.001010606 -0.081831986 -0.004467235 0.999988540 -0.001721479 -0.225400514 0.001002907 0.001725976 0.999998008 14.725790952
0.999985459 0.005332285 -0.000804848 -0.097263710 -0.005332904 0.999985484 -0.000769140 -0.251795826 0.000800735 0.000773421 0.999999380 16.083212899
0.999995516 0.002972281 -0.000364115 -0.098552373 -0.002971563 0.999993673 0.001955459 -0.272408116 0.000369925 -0.001954368 0.999998022 17.450727365
0.999999200 -0.001259794 -0.000111966 -0.106199163 0.001260211 0.999991961 0.003806666 -0.296666585 0.000107169 -0.003806804 0.999992748 18.818574287
0.999993383 -0.003582898 -0.000629844 -0.105694098 0.003583839 0.999992453 0.001500083 -0.315049522 0.000624465 -0.001502330 0.999998677 20.180475449
0.999989279 -0.004578543 -0.000691943 -0.109265751 0.004578180 0.999989382 -0.000524697 -0.337147572 0.000694338 0.000521523 0.999999623 21.542135127
0.999997725 -0.002133203 -0.000018382 -0.124511978 0.002133158 0.999995391 -0.002160269 -0.361026793 0.000022991 0.002160225 0.999997666 22.918252564
0.999999816 0.000451799 0.000405844 -0.133369058 -0.000451725 0.999999881 -0.000183922 -0.382290609 -0.000405927 0.000183738 0.999999901 24.308105130
0.999999023 0.000824098 0.001129328 -0.141851693 -0.000827956 0.999993809 0.003420078 -0.401298770 -0.001126503 -0.003421009 0.999993514 25.689066476
0.999998377 -0.001345754 0.001198249 -0.136711027 0.001339635 0.999986132 0.005093329 -0.412512659 -0.001205087 -0.005091715 0.999986311 27.083403872
0.999984376 -0.005441219 0.001281363 -0.144124366 0.005437118 0.999980155 0.003182484 -0.429447750 -0.001298654 -0.003175468 0.999994115 28.460261075
0.999983713 -0.005615419 0.001019792 -0.146830868 0.005614354 0.999983694 0.001044338 -0.450305002 -0.001025640 -0.001038595 0.999998935 29.838138829
0.999980894 -0.005936292 0.001724118 -0.152412149 0.005938921 0.999981203 -0.001524018 -0.469390801 -0.001715039 0.001534229 0.999997352 31.229502217
0.999993298 -0.002598394 0.002579161 -0.165553981 0.002604387 0.999993910 -0.002322974 -0.495619725 -0.002573109 0.002329676 0.999993976 32.623183682
0.999994304 -0.001776045 0.002870033 -0.160411660 0.001788547 0.999988898 -0.004359444 -0.524854274 -0.002862258 0.004364553 0.999986379 34.015457322
0.999995751 -0.001084862 0.002705725 -0.157609504 0.001094759 0.999992706 -0.003659229 -0.554380218 -0.002701735 0.003662176 0.999989644 35.414062022
0.999996038 -0.001177870 0.002556631 -0.162950596 0.001183825 0.999996587 -0.002329049 -0.582461999 -0.002553878 0.002332066 0.999994020 36.828018849
0.999997617 0.000104145 0.002180535 -0.167309914 -0.000102336 0.999999650 -0.000829982 -0.610259093 -0.002180620 0.000829757 0.999997278 38.236481158
0.999992392 0.003201823 0.002228122 -0.185386818 -0.003200600 0.999994726 -0.000552310 -0.634665976 -0.002229879 0.000545174 0.999997365 39.655267052
0.999979533 0.005829135 0.002637331 -0.197285294 -0.005826275 0.999982432 -0.001090917 -0.656578245 -0.002643644 0.001075529 0.999995927 41.070197515
0.999963782 0.008132330 0.002509982 -0.204278830 -0.008131253 0.999966844 -0.000439015 -0.685561630 -0.002513469 0.000418590 0.999996754 42.494074034
0.999956454 0.009089562 0.002114101 -0.207020786 -0.009088300 0.999958517 -0.000605888 -0.703828151 -0.002119521 0.000586648 0.999997582 43.921491998
0.999962673 0.008501465 0.001542199 -0.206034769 -0.008500206 0.999963535 -0.000821127 -0.727530981 -0.001549124 0.000807987 0.999998474 45.361888115
0.999970421 0.007668131 0.000598020 -0.200610763 -0.007667359 0.999969782 -0.001283171 -0.751962207 -0.000607842 0.001278548 0.999998998 46.795855992
0.999977423 0.006706468 -0.000419552 -0.210962555 -0.006706795 0.999977201 -0.000784531 -0.783014671 0.000414281 0.000787328 0.999999604 48.227645974
0.999973983 0.007093025 -0.001312504 -0.219578753 -0.007092713 0.999974817 0.000242028 -0.804387000 0.001314188 -0.000232713 0.999999109 49.647901197
0.999968502 0.007616860 -0.002231318 -0.226692867 -0.007616895 0.999970991 -0.000006933 -0.829243304 0.002231201 0.000023928 0.999997511 51.085411999
0.999963312 0.007882161 -0.003353536 -0.238119339 -0.007881054 0.999968885 0.000343070 -0.853650929 0.003356136 -0.000316628 0.999994318 52.528689676
0.999955855 0.008183098 -0.004617827 -0.248693741 -0.008177057 0.999965689 0.001325476 -0.878483898 0.004628515 -0.001287658 0.999988459 53.978169516
0.999963121 0.006725839 -0.005340312 -0.260429238 -0.006714648 0.999975229 0.002110716 -0.900684271 0.005354376 -0.002074780 0.999983513 55.427358143
0.999968655 0.005388389 -0.005801211 -0.273565317 -0.005374465 0.999982646 0.002413063 -0.925002698 0.005814113 -0.002381809 0.999980261 56.862740316
0.999975224 0.002999563 -0.006368195 -0.287912412 -0.002988764 0.999994081 0.001704608 -0.949572328 0.006373271 -0.001685532 0.999978270 58.313705073
0.999977038 0.001815528 -0.006528900 -0.303958493 -0.001803022 0.999996530 0.001920815 -0.970308850 0.006532364 -0.001908999 0.999976842 59.754231142
0.999980552 0.000338514 -0.006227497 -0.317919488 -0.000323060 0.999996866 0.002482529 -0.995563466 0.006228317 -0.002480468 0.999977527 61.186680177
0.999983220 -0.001051365 -0.005696918 -0.334982256 0.001069486 0.999994376 0.003178610 -1.016331196 0.005693544 -0.003184649 0.999978721 62.626010836
0.999981383 -0.002907545 -0.005364700 -0.343712710 0.002922602 0.999991806 0.002801109 -1.041641426 0.005356511 -0.002816736 0.999981687 64.068362946
0.999977814 -0.004661185 -0.004758690 -0.353204262 0.004670136 0.999987343 0.001871661 -1.062024317 0.004749906 -0.001893843 0.999986926 65.490987989
0.999984697 -0.003736996 -0.004079202 -0.371110448 0.003742266 0.999992172 0.001285097 -1.085450534 0.004074367 -0.001300343 0.999990854 66.927849907
0.999992867 -0.002009386 -0.003198225 -0.382611930 0.002012341 0.999997551 0.000921194 -1.108678539 0.003196366 -0.000927623 0.999994461 68.354054852
0.999995933 0.000851257 -0.002721969 -0.401067251 -0.000844921 0.999996932 0.002328354 -1.139682636 0.002723943 -0.002326044 0.999993585 69.765602282
0.999988461 0.004252764 -0.002234034 -0.409279724 -0.004244540 0.999984246 0.003673084 -1.167037832 0.002249620 -0.003663560 0.999990759 71.200123029
0.999963872 0.008345387 -0.001615035 -0.426749571 -0.008338542 0.999956416 0.004199459 -1.192496027 0.001650011 -0.004185840 0.999989878 72.587596798
0.999917997 0.012793471 -0.000572099 -0.452223212 -0.012791228 0.999911098 0.003765769 -1.212049709 0.000620225 -0.003758142 0.999992746 73.986670342
0.999874345 0.015852199 0.000049200 -0.469042736 -0.015852275 0.999869152 0.003222366 -1.238393970 0.000001888 -0.003222741 0.999994807 75.393593516
0.999840469 0.017827123 0.001109118 -0.485444487 -0.017830353 0.999836604 0.002974011 -1.259215535 -0.001055919 -0.002993313 0.999994963 76.795031380
0.999840656 0.017822386 0.001012269 -0.484981427 -0.017825943 0.999834550 0.003620538 -1.290233518 -0.000947575 -0.003638005 0.999992933 78.216173818
0.999853578 0.017082574 0.001003746 -0.488277478 -0.017085693 0.999848956 0.003185155 -1.308635644 -0.000949183 -0.003201838 0.999994424 79.620269798
0.999875339 0.015764129 0.000893327 -0.498011378 -0.015766230 0.999872836 0.002395467 -1.334515359 -0.000855451 -0.002409253 0.999996732 81.029906007
0.999887667 0.014973997 0.000657933 -0.505587277 -0.014975646 0.999884538 0.002576969 -1.358161060 -0.000619269 -0.002586532 0.999996463 82.416622143
0.999882725 0.015311073 0.000326991 -0.510598028 -0.015311944 0.999878697 0.002852213 -1.386284325 -0.000283281 -0.002856885 0.999995879 83.809298316
0.999882947 0.015300013 0.000045102 -0.529597570 -0.015300076 0.999880384 0.002264121 -1.405490188 -0.000010456 -0.002264546 0.999997436 85.208669161
0.999883260 0.015250395 -0.000944594 -0.537805700 -0.015247716 0.999879878 0.002781465 -1.430178559 0.000986899 -0.002766737 0.999995686 86.594359681
0.999892248 0.014563329 -0.001844256 -0.563850673 -0.014557001 0.999888264 0.003398930 -1.440552268 0.001893549 -0.003371717 0.999992523 88.003115710
0.999912019 0.012978424 -0.002741243 -0.575789434 -0.012966482 0.999906556 0.004330191 -1.469309253 0.002797186 -0.004294265 0.999986867 89.372225945
0.999932358 0.010916128 -0.004014628 -0.590524941 -0.010897704 0.999930117 0.004582667 -1.484575142 0.004064372 -0.004538607 0.999981441 90.770555502
0.999945430 0.009342036 -0.004675750 -0.612257312 -0.009321429 0.999946831 0.004409748 -1.502250497 0.004716697 -0.004365923 0.999979346 92.136782524
0.999959347 0.007647184 -0.004777599 -0.632483718 -0.007628263 0.999963039 0.003966154 -1.521875317 0.004807753 -0.003929548 0.999980722 93.524771753
0.999962460 0.006827197 -0.005335579 -0.633009646 -0.006807957 0.999970288 0.003615812 -1.546055315 0.005360107 -0.003579352 0.999979229 94.875100184
0.999957964 0.007409180 -0.005401339 -0.644714879 -0.007392900 0.999968088 0.003027787 -1.567204628 0.005423600 -0.002987728 0.999980829 96.237198546
0.999960038 0.006932278 -0.005644980 -0.651635901 -0.006917106 0.999972424 0.002702789 -1.592255960 0.005663560 -0.002663634 0.999980414 97.603085221
0.999953959 0.007720920 -0.005697991 -0.664297866 -0.007709142 0.999968108 0.002086127 -1.614416011 0.005713916 -0.002042104 0.999981590 98.958135903
0.999945623 0.008964483 -0.005328177 -0.682412755 -0.008951335 0.999956845 0.002486511 -1.635818593 0.005350238 -0.002438681 0.999982714 100.329452228
0.999937400 0.009921542 -0.005172938 -0.696706653 -0.009902722 0.999944301 0.003651150 -1.654206319 0.005208875 -0.003599695 0.999979955 101.684912127
0.999929300 0.010871160 -0.004818001 -0.714849093 -0.010845200 0.999926706 0.005381922 -1.679569373 0.004876156 -0.005329289 0.999973911 103.008979199
0.999938407 0.010226692 -0.004312337 -0.738912143 -0.010209298 0.999939736 0.004036546 -1.705018945 0.004353358 -0.003992271 0.999982555 104.345165373
0.999937266 0.010309364 -0.004379565 -0.740794484 -0.010302139 0.999945538 0.001669184 -1.725263651 0.004396535 -0.001623960 0.999989017 105.704957071
0.999937796 0.010064575 -0.004807047 -0.749533416 -0.010062780 0.999949290 0.000397299 -1.752333573 0.004810802 -0.000348902 0.999988367 107.049925829
0.999961573 0.007513660 -0.004516255 -0.766121218 -0.007505475 0.999970165 0.001826692 -1.779866613 0.004529845 -0.001792725 0.999988133 108.393945177
0.999980459 0.004952514 -0.003815012 -0.777730840 -0.004937610 0.999980181 0.003906122 -1.804244617 0.003834281 -0.003887209 0.999985094 109.740730092
0.999989595 0.003671724 -0.002706987 -0.796997978 -0.003659402 0.999982986 0.004542717 -1.829024029 0.002723621 -0.004532764 0.999986018 111.077190348
0.999994589 0.002670785 -0.001920706 -0.806538262 -0.002664964 0.999991867 0.003027147 -1.846567958 0.001928775 -0.003022012 0.999993574 112.415419074
0.999986666 0.005044389 -0.001105554 -0.819884918 -0.005043991 0.999987213 0.000362534 -1.864081422 0.001107369 -0.000356952 0.999999323 113.746461803
0.999976832 0.006803255 -0.000225727 -0.828064781 -0.006803628 0.999975417 -0.001695626 -1.888114341 0.000214186 0.001697122 0.999998537 115.085045132
0.999950445 0.009921808 0.000815677 -0.830288921 -0.009920574 0.999949661 -0.001502481 -1.916677469 -0.000830543 0.001494314 0.999998539 116.431980265
0.999938352 0.010898931 0.002122535 -0.838369719 -0.010899624 0.999940548 0.000315344 -1.936789181 -0.002118972 -0.000338459 0.999997698 117.801075382
0.999932799 0.011215029 0.002935993 -0.840212011 -0.011222034 0.999934197 0.002380498 -1.955892356 -0.002909102 -0.002413285 0.999992857 119.164429614
0.999937891 0.010476979 0.003800825 -0.845726193 -0.010487960 0.999940850 0.002880682 -1.974465041 -0.003770420 -0.002920366 0.999988628 120.500640305
0.999926404 0.010915647 0.005294925 -0.852739191 -0.010927448 0.999937863 0.002204945 -1.993887973 -0.005270527 -0.002262643 0.999983551 121.851347545
0.999904773 0.012334551 0.006189047 -0.847503418 -0.012345936 0.999922157 0.001804709 -2.013315630 -0.006166305 -0.001880946 0.999979219 123.204270177
0.999868898 0.014324996 0.007548546 -0.851877492 -0.014336206 0.999896204 0.001433037 -2.032567562 -0.007527234 -0.001541067 0.999970482 124.546636451
0.999847437 0.015100055 0.008780151 -0.856329608 -0.015103360 0.999885890 0.000310259 -2.054166503 -0.008774464 -0.000442822 0.999961406 125.905161549
0.999817612 0.016399731 0.009787354 -0.853731971 -0.016393908 0.999865383 -0.000674843 -2.072603603 -0.009797104 0.000514267 0.999951875 127.263634379
0.999824441 0.015508019 0.010516122 -0.843232023 -0.015502191 0.999879632 -0.000635481 -2.102779033 -0.010524711 0.000472347 0.999944502 128.638725832
0.999821803 0.015041124 0.011407348 -0.836979903 -0.015046651 0.999886713 0.000398840 -2.123516624 -0.011400057 -0.000570411 0.999934855 130.008477074
0.999829719 0.013936536 0.012095729 -0.832198962 -0.013953433 0.999901783 0.001313673 -2.149526009 -0.012076233 -0.001482227 0.999925981 131.381061450
0.999834809 0.013243458 0.012448515 -0.830552453 -0.013264736 0.999910694 0.001628250 -2.171408787 -0.012425840 -0.001793107 0.999921189 132.752994443
0.999867000 0.010897085 0.012134074 -0.807786865 -0.010920928 0.999938559 0.001900507 -2.198729762 -0.012112619 -0.002032769 0.999924573 134.112808367
0.999884044 0.009250896 0.012096290 -0.807613896 -0.009281685 0.999953820 0.002491662 -2.215207857 -0.012072682 -0.002603647 0.999923733 135.484333845
0.999900373 0.007835681 0.011740818 -0.805178259 -0.007862064 0.999966668 0.002202646 -2.235876728 -0.011723168 -0.002294733 0.999928648 136.825703563
0.999916784 0.007034575 0.010813844 -0.803291270 -0.007055982 0.999973219 0.001942755 -2.254172735 -0.010799888 -0.002018895 0.999939641 138.174134710
0.999938901 0.005266483 0.009718930 -0.795881797 -0.005293543 0.999982179 0.002760578 -2.273758529 -0.009704218 -0.002811857 0.999948960 139.552322511
0.999954557 0.003631663 0.008814465 -0.788322283 -0.003659693 0.999988291 0.003166010 -2.295746629 -0.008802863 -0.003198124 0.999956140 140.884479096
0.999964238 0.003494503 0.007701321 -0.788207303 -0.003517007 0.999989580 0.002910454 -2.310287274 -0.007691070 -0.002937436 0.999966109 142.235599374
0.999973965 0.003205277 0.006465017 -0.779984787 -0.003220776 0.999991961 0.002388396 -2.332009827 -0.006457309 -0.002409156 0.999976249 143.585982021
0.999981175 0.002654391 0.005532134 -0.782363464 -0.002667231 0.999993764 0.002314734 -2.358455107 -0.005525955 -0.002329446 0.999982019 144.951091950
0.999989332 0.000444298 0.004597643 -0.783523655 -0.000444258 0.999999901 -0.000009660 -2.383952878 -0.004597647 0.000007617 0.999989431 146.304533348
0.999982518 -0.004941138 0.003247852 -0.768014188 0.004942976 0.999987628 -0.000558171 -2.407966103 -0.003245054 0.000574215 0.999994570 147.670220775
0.999915894 -0.012773642 0.002244905 -0.760004928 0.012769503 0.999916758 0.001848305 -2.431961591 -0.002268328 -0.001819484 0.999995772 149.038148457
0.999811338 -0.019415999 0.000553839 -0.747534209 0.019414115 0.999806328 0.003224579 -2.451776051 -0.000616340 -0.003213219 0.999994648 150.389022196
0.999740847 -0.022756659 -0.000611735 -0.736354742 0.022756553 0.999741020 -0.000178709 -2.470946032 0.000615643 0.000164742 0.999999797 151.751295733
0.999765633 -0.021648961 0.000036309 -0.746493221 0.021648961 0.999760017 -0.003351184 -2.493414576 0.000036250 0.003351184 0.999994384 153.118847707
0.999831039 -0.018371267 0.000624343 -0.744001708 0.018374204 0.999818283 -0.005078266 -2.528464351 -0.000530935 0.005088880 0.999986911 154.483588475
0.999828090 -0.018478289 0.001530585 -0.751521726 0.018485607 0.999817054 -0.004913387 -2.563455491 -0.001439514 0.004940836 0.999986758 155.846502620
0.999763206 -0.021684631 0.001819245 -0.743948742 0.021687402 0.999763649 -0.001517658 -2.589731422 -0.001785905 0.001556754 0.999997194 157.220173035
0.999628268 -0.027203536 0.001814655 -0.734071994 0.027200961 0.999628965 0.001428605 -2.622097402 -0.001852845 -0.001378713 0.999997333 158.604089646
0.999525778 -0.030727898 0.002003810 -0.730087427 0.030722688 0.999524615 0.002580618 -2.639076174 -0.002082154 -0.002517832 0.999994663 159.960157355
0.999475196 -0.032342333 0.001818158 -0.726917921 0.032338091 0.999474304 0.002315883 -2.663452118 -0.001892104 -0.002255872 0.999995665 161.368939004
0.999522230 -0.030831679 0.002172275 -0.713170173 0.030824707 0.999519770 0.003172967 -2.683377307 -0.002269060 -0.003104492 0.999992607 162.754171829
0.999632530 -0.026892879 0.003402614 -0.719805012 0.026885070 0.999635838 0.002320293 -2.703160720 -0.003463774 -0.002227961 0.999991519 164.117272475
0.999719022 -0.023280292 0.004461491 -0.727602016 0.023279923 0.999728977 0.000134589 -2.723265483 -0.004463415 -0.000030688 0.999990038 165.488318640
0.999783487 -0.020214081 0.004936584 -0.728087638 0.020217220 0.999795439 -0.000586819 -2.743410863 -0.004923712 0.000686496 0.999987643 166.855083558
0.999814271 -0.018591736 0.005076416 -0.724044571 0.018589004 0.999827039 0.000584816 -2.765694173 -0.005086411 -0.000490342 0.999986944 168.266035055
0.999850667 -0.016578948 0.004876710 -0.726635579 0.016578921 0.999862559 0.000046068 -2.787270993 -0.004876804 0.000034790 0.999988108 169.629282324
0.999887908 -0.014292051 0.004461885 -0.725477954 0.014303903 0.999894220 -0.002635760 -2.813750544 -0.004423742 0.002699287 0.999986572 171.026512788
0.999940390 -0.010138968 0.004051773 -0.732284877 0.010160407 0.999934304 -0.005306092 -2.848575357 -0.003997708 0.005346943 0.999977714 172.403757274
0.999981677 -0.004835398 0.003642138 -0.739825322 0.004859830 0.999965548 -0.006729410 -2.875344604 -0.003609473 0.006746986 0.999970725 173.800849791
0.999993246 0.000204812 0.003669642 -0.739527610 -0.000183909 0.999983763 -0.005695548 -2.907593835 -0.003670749 0.005694835 0.999977047 175.205683122
0.999985245 0.003164402 0.004415456 -0.746792088 -0.003147427 0.999987650 -0.003846298 -2.937648871 -0.004427573 0.003832344 0.999982855 176.582350727
0.999981238 0.004026111 0.004616683 -0.754398849 -0.004018268 0.999990470 -0.001706928 -2.959870279 -0.004623511 0.001688345 0.999987886 177.985816314
0.999991241 0.001147761 0.004025074 -0.758386026 -0.001143609 0.999998812 -0.001033850 -2.979440639 -0.004026256 0.001029238 0.999991365 179.400009932
0.999997416 -0.000998062 0.002042545 -0.746836172 0.000999823 0.999999129 -0.000861202 -3.006451007 -0.002041684 0.000863242 0.999997543 180.810182877
0.999998727 -0.001587117 -0.000166483 -0.750097639 0.001586236 0.999985403 -0.005165003 -3.033515181 0.000174678 0.005164733 0.999986647 182.215624637
0.999998804 -0.000044096 -0.001545968 -0.751586400 0.000029775 0.999957105 -0.009262115 -3.066611478 0.001546311 0.009262058 0.999955911 183.606503672
0.999985992 0.004732401 -0.002370547 -0.766535069 -0.004755537 0.999940172 -0.009850775 -3.102479286 0.002323788 0.009861910 0.999948670 185.038789107
0.999962074 0.008346016 -0.002488925 -0.789090238 -0.008368726 0.999922127 -0.009257674 -3.126034439 0.002411466 0.009278152 0.999954049 186.481879127
0.999942279 0.010527911 -0.002145127 -0.809171987 -0.010540235 0.999927529 -0.005817257 -3.159423975 0.002083728 0.005839532 0.999980779 187.900976849
0.999933095 0.011414591 -0.001874382 -0.820150725 -0.011422094 0.999926595 -0.004042389 -3.184992962 0.001828102 0.004063528 0.999990073 189.336856565
0.999939786 0.010763539 -0.002137927 -0.817614063 -0.010770189 0.999937121 -0.003123749 -3.210340496 0.002104170 0.003146587 0.999992836 190.796381599
0.999956204 0.009112786 -0.002132491 -0.826192328 -0.009118349 0.999955011 -0.002613778 -3.236514841 0.002108576 0.002633108 0.999994310 192.227719794
0.999977404 0.006432752 -0.001952161 -0.836737392 -0.006436963 0.999976952 -0.002158797 -3.262365425 0.001938229 0.002171314 0.999995764 193.679578363
0.999990597 0.003919931 -0.001854885 -0.841811924 -0.003924082 0.999989793 -0.002239482 -3.288924781 0.001846088 0.002246740 0.999995772 195.108535630
0.999998705 0.000690878 -0.001453814 -0.846161724 -0.000692297 0.999999284 -0.000975901 -3.321640998 0.001453139 0.000976906 0.999998467 196.523959439
0.999993216 -0.003581877 -0.000859103 -0.852690786 0.003582383 0.999993411 0.000587668 -3.347346554 0.000856992 -0.000590742 0.999999458 197.975742662
0.999977601 -0.006625291 -0.000950675 -0.855923891 0.006625932 0.999977822 0.000672789 -3.377901516 0.000946197 -0.000679073 0.999999322 199.425356284
0.999990430 -0.004335372 -0.000586872 -0.858219540 0.004333135 0.999983536 -0.003761776 -3.404789299 0.000603171 0.003759197 0.999992752 200.843928038
0.999995014 0.003156564 -0.000087300 -0.875970747 -0.003157218 0.999955191 -0.008924552 -3.429784083 0.000059125 0.008924783 0.999960172 202.287365759
0.999923691 0.012290002 0.001251912 -0.888282005 -0.012278242 0.999884080 -0.009003991 -3.459313750 -0.001362426 0.008987933 0.999958680 203.708433635
0.999787556 0.020433951 0.002701029 -0.914558490 -0.020419004 0.999776656 -0.005450046 -3.489810762 -0.002811792 0.005393736 0.999981501 205.148537602
0.999769802 0.021188356 0.003376013 -0.915047180 -0.021177186 0.999770256 -0.003310842 -3.522034922 -0.003445388 0.003238585 0.999988820 206.593977231
0.999808446 0.019351794 0.002929008 -0.914446428 -0.019343636 0.999809006 -0.002788412 -3.552203449 -0.002982409 0.002731221 0.999991823 208.050972870
0.999873382 0.015834056 0.001582217 -0.910450178 -0.015829675 0.999870938 -0.002743908 -3.584821933 -0.001625459 0.002718514 0.999994984 209.519864246
0.999902918 0.013912944 0.000764776 -0.913503046 -0.013910274 0.999897492 -0.003392693 -3.611531460 -0.000811900 0.003381726 0.999993952 210.982882020
0.999899592 0.014170578 -0.000021088 -0.912480861 -0.014170555 0.999892256 -0.003830358 -3.643992863 -0.000033192 0.003830272 0.999992664 212.460374330
0.999882920 0.015298985 -0.000295379 -0.918574362 -0.015299941 0.999876596 -0.003564238 -3.676137754 0.000240813 0.003568340 0.999993604 213.945301837
0.999863522 0.016512082 -0.000536588 -0.927404423 -0.016513402 0.999860376 -0.002556604 -3.709917553 0.000494299 0.002565116 0.999996588 215.424647818
0.999868995 0.016173909 -0.000631033 -0.942709900 -0.016175786 0.999864382 -0.003092051 -3.739582304 0.000580936 0.003101854 0.999995020 216.906864259
0.999868522 0.016181215 -0.001052166 -0.951086777 -0.016185487 0.999860240 -0.004186980 -3.768080586 0.000984269 0.004203459 0.999990681 218.368849391
0.999874098 0.015842318 -0.000900006 -0.966865109 -0.015846323 0.999863706 -0.004632949 -3.797642083 0.000826486 0.004646627 0.999988863 219.848462852
0.999864414 0.016420256 -0.001236468 -0.977324431 -0.016426099 0.999853207 -0.004873144 -3.827218373 0.001156268 0.004892793 0.999987362 221.334770572
0.999857047 0.016853924 -0.001352990 -0.994814673 -0.016860754 0.999844294 -0.005206016 -3.855581011 0.001265038 0.005228084 0.999985533 222.818984340
0.999854229 0.017013455 -0.001436625 -1.004311558 -0.017020861 0.999841032 -0.005310407 -3.889951499 0.001346048 0.005334085 0.999984868 224.288034455
0.999833414 0.018139634 -0.002024534 -1.006979741 -0.018150957 0.999818884 -0.005722024 -3.916840708 0.001920372 0.005757818 0.999981580 225.790901838
0.999837652 0.017872345 -0.002291249 -1.019876547 -0.017885798 0.999822082 -0.005991896 -3.945950945 0.002183752 0.006031905 0.999979423 227.287960242
0.999830532 0.018236584 -0.002516705 -1.032420111 -0.018251082 0.999816243 -0.005863212 -3.981254707 0.002409318 0.005908151 0.999979644 228.798445140
0.999845998 0.017319208 -0.002832790 -1.039906484 -0.017335326 0.999833095 -0.005767816 -4.020198372 0.002732423 0.005816035 0.999979354 230.308881584
0.999867796 0.016047892 -0.002618349 -1.057590247 -0.016063867 0.999851753 -0.006198798 -4.049220468 0.002518483 0.006240040 0.999977359 231.810465032
0.999887647 0.014826431 -0.002206829 -1.073831824 -0.014839123 0.999872778 -0.005850446 -4.085178525 0.002119807 0.005882536 0.999980451 233.338021491
0.999903667 0.013703474 -0.002207043 -1.082810514 -0.013714766 0.999892503 -0.005185322 -4.116123065 0.002135749 0.005215092 0.999984121 234.854761512
0.999903249 0.013763659 -0.002013533 -1.103919927 -0.013773371 0.999893178 -0.004891530 -4.149067746 0.001945993 0.004918790 0.999986009 236.364914219
0.999903527 0.013669488 -0.002466239 -1.096995663 -0.013681774 0.999893719 -0.005035780 -4.186140961 0.002397140 0.005069037 0.999984279 237.910777293
0.999896990 0.014166416 -0.002307018 -1.111392279 -0.014179421 0.999883095 -0.005721953 -4.219168650 0.002225688 0.005754076 0.999980968 239.437653759
0.999874936 0.015747506 -0.001458602 -1.138188920 -0.015755262 0.999860928 -0.005467792 -4.244615945 0.001372295 0.005490089 0.999983988 240.983074203
0.999873137 0.015908763 -0.000788729 -1.151852203 -0.015911174 0.999868447 -0.003150021 -4.279515190 0.000738512 0.003162171 0.999994728 242.510192497
0.999877743 0.015633020 -0.000327776 -1.168496454 -0.015633811 0.999874484 -0.002569243 -4.315604229 0.000287570 0.002574053 0.999996646 244.076233819
0.999868545 0.016210651 0.000327140 -1.181941659 -0.016209104 0.999859473 -0.004277667 -4.347746384 -0.000396438 0.004271802 0.999990797 245.600544655
0.999867403 0.016270939 0.000658635 -1.183941762 -0.016267084 0.999852625 -0.005487289 -4.379643897 -0.000747821 0.005475847 0.999984728 247.109455234
0.999858668 0.016796739 0.000716721 -1.192127318 -0.016792976 0.999846645 -0.004968181 -4.413278182 -0.000800060 0.004955442 0.999987402 248.661663329
0.999859328 0.016734553 0.001130489 -1.211872433 -0.016729872 0.999851923 -0.004030230 -4.444494024 -0.001197766 0.004010750 0.999991240 250.197700877
0.999855415 0.016984885 0.000813886 -1.219420077 -0.016981775 0.999849003 -0.003686521 -4.473945433 -0.000876378 0.003672167 0.999992874 251.740198582
0.999847697 0.017447445 0.000412709 -1.218147442 -0.017445835 0.999841229 -0.003627737 -4.504988567 -0.000475938 0.003619984 0.999993335 253.283427172
0.999820232 0.018960593 -0.000019238 -1.209089259 -0.018960554 0.999814859 -0.003277997 -4.540065854 -0.000042919 0.003277772 0.999994627 254.826866661
0.999792373 0.020376672 0.000050712 -1.214030313 -0.020376378 0.999786510 -0.003425985 -4.569068331 -0.000120511 0.003424240 0.999994130 256.385053087
0.999781292 0.020913255 0.000058464 -1.218452853 -0.020912964 0.999776246 -0.003178887 -4.600528315 -0.000124932 0.003176969 0.999994946 257.938854689
0.999804222 0.019786773 0.000026651 -1.221131714 -0.019786590 0.999799237 -0.003158624 -4.631903135 -0.000089145 0.003157478 0.999995011 259.488436413
0.999836317 0.018087114 0.000443204 -1.234694519 -0.018085982 0.999833465 -0.002437234 -4.661475237 -0.000487213 0.002428819 0.999996932 261.026036391
0.999876980 0.015671274 0.000660816 -1.237485018 -0.015670170 0.999875864 -0.001644021 -4.693498447 -0.000686498 0.001633464 0.999998430 262.582284662
0.999900982 0.014070505 0.000219202 -1.240467025 -0.014069979 0.999898503 -0.002240432 -4.726354928 -0.000250703 0.002237126 0.999997466 264.145715747
0.999918315 0.012778160 -0.000287894 -1.241935388 -0.012778960 0.999913932 -0.002971110 -4.758042324 0.000249904 0.002974546 0.999995545 265.701433620
0.999937337 0.011190666 0.000301746 -1.247786578 -0.011190228 0.999936386 -0.001415168 -4.784301681 -0.000317564 0.001411703 0.999998953 267.254872350
0.999956395 0.009301732 0.000828060 -1.257382470 -0.009301816 0.999956732 0.000098321 -4.808628669 -0.000827110 -0.000106019 0.999999652 268.814818176
0.999963977 0.008427014 0.001014616 -1.262345665 -0.008426324 0.999964265 -0.000682024 -4.833297710 -0.001020327 0.000673450 0.999999253 270.363456581
0.999965880 0.008126819 0.001480923 -1.266525860 -0.008124116 0.999965340 -0.001821660 -4.856935062 -0.001495676 0.001809567 0.999997244 271.917657810
0.999960617 0.008605397 0.002170810 -1.276796555 -0.008601462 0.999961358 -0.001815653 -4.896063367 -0.002186351 0.001796909 0.999995995 273.477441038
0.999939797 0.010579523 0.002911497 -1.279771139 -0.010574257 0.999942438 -0.001818358 -4.924499992 -0.002930567 0.001787462 0.999994108 275.045620590
0.999920979 0.011974459 0.003827329 -1.288165147 -0.011967284 0.999926599 -0.001892144 -4.959022488 -0.003849706 0.001846192 0.999990886 276.594183716
0.999905769 0.012907073 0.004675624 -1.294588612 -0.012897910 0.999914849 -0.001984637 -4.988533295 -0.004700842 0.001924144 0.999987100 278.146676530
0.999892610 0.013627325 0.005391174 -1.292572344 -0.013615804 0.999904950 -0.002167965 -5.020777732 -0.005420205 0.002094327 0.999983117 279.714451089
0.999887060 0.013765034 0.006032462 -1.285985128 -0.013748518 0.999901645 -0.002770861 -5.052503161 -0.006070009 0.002687611 0.999977966 281.286592754
0.999889364 0.013151554 0.006949492 -1.283285250 -0.013127635 0.999907786 -0.003476315 -5.082045436 -0.006994571 0.003384700 0.999969809 282.842829609
0.999892075 0.012495295 0.007726983 -1.275961052 -0.012471459 0.999917344 -0.003125277 -5.113134379 -0.007765396 0.003028573 0.999965263 284.436624108
0.999903891 0.011064223 0.008354181 -1.278503964 -0.011045453 0.999936376 -0.002289583 -5.138410281 -0.008378982 0.002197087 0.999962482 286.028992717
0.999909549 0.010124695 0.008853460 -1.275523847 -0.010107978 0.999947049 -0.001930890 -5.173283171 -0.008872541 0.001841225 0.999958943 287.589066202
0.999919411 0.009421768 0.008508969 -1.254464828 -0.009387135 0.999947531 -0.004100944 -5.213632920 -0.008547161 0.004020739 0.999955389 289.147869879
0.999932625 0.008457256 0.007951158 -1.240324608 -0.008406600 0.999944293 -0.006382860 -5.249424467 -0.008004696 0.006315587 0.999948018 290.726983056
0.999935581 0.008761475 0.007215974 -1.232189789 -0.008714852 0.999941111 -0.006467258 -5.285625123 -0.007272212 0.006403955 0.999953051 292.289230238
0.999951578 0.007613369 0.006235304 -1.224437014 -0.007573006 0.999950384 -0.006471480 -5.320239778 -0.006284264 0.006423946 0.999959620 293.849755269
0.999954115 0.007857701 0.005479546 -1.221237082 -0.007818111 0.999943450 -0.007209275 -5.354379155 -0.005535885 0.007166105 0.999959000 295.405429999
0.999954921 0.008036631 0.005056618 -1.218747756 -0.007999214 0.999940796 -0.007376751 -5.395566356 -0.005115602 0.007335969 0.999960006 296.972831532
0.999959631 0.007699728 0.004631374 -1.233965032 -0.007667125 0.999945989 -0.007016758 -5.421909723 -0.004685151 0.006980965 0.999964657 298.576336949
0.999971188 0.006682928 0.003600227 -1.236086359 -0.006657091 0.999952341 -0.007141315 -5.447983984 -0.003647781 0.007117142 0.999968019 300.164826908
0.999978559 0.006007655 0.002605525 -1.232690316 -0.005992501 0.999965310 -0.005785281 -5.480625184 -0.002640190 0.005769543 0.999979871 301.737577068
0.999965857 0.008011257 0.002025979 -1.244774937 -0.008002158 0.999958035 -0.004460144 -5.514399814 -0.002061625 0.004443780 0.999988001 303.337651100
0.999962839 0.008141948 0.002833769 -1.252073324 -0.008128760 0.999956220 -0.004634868 -5.541717739 -0.002871381 0.004611661 0.999985244 304.931000842
0.999958768 0.008378491 0.003501939 -1.256596037 -0.008361846 0.999953799 -0.004741142 -5.586393813 -0.003541501 0.004711663 0.999982629 306.552693440
0.999966574 0.007289944 0.003702273 -1.236341743 -0.007270949 0.999960466 -0.005118475 -5.609229373 -0.003739440 0.005091385 0.999980047 308.178703672
0.999976182 0.005705705 0.003883356 -1.228006295 -0.005682069 0.999965431 -0.006070491 -5.646897818 -0.003917858 0.006048281 0.999974034 309.784217088
0.999984269 0.004124271 0.003801525 -1.213216650 -0.004093099 0.999958237 -0.008171357 -5.677511049 -0.003835067 0.008155668 0.999959388 311.421364577
0.999987200 0.003460663 0.003690983 -1.213875791 -0.003426263 0.999951015 -0.009285902 -5.711717239 -0.003722937 0.009273137 0.999950073 313.022852174
0.999989641 0.004258359 0.001607869 -1.221111282 -0.004241967 0.999940359 -0.010064020 -5.755999871 -0.001650629 0.010057095 0.999948064 314.654723526
0.999986104 0.005245328 -0.000527454 -1.229606462 -0.005250071 0.999941703 -0.009435474 -5.792938566 0.000477931 0.009438113 0.999955346 316.290879899
0.999979428 0.006365641 -0.000789299 -1.234194687 -0.006370214 0.999962112 -0.005932574 -5.839916977 0.000751504 0.005937480 0.999982091 317.928603603
0.999987733 0.004906384 -0.000679298 -1.230157065 -0.004908339 0.999983729 -0.002906979 -5.875986183 0.000665024 0.002910277 0.999995544 319.578058416
0.999990811 0.004252244 -0.000544148 -1.232301224 -0.004253471 0.999988371 -0.002272685 -5.903590935 0.000534477 0.002274979 0.999997269 321.228366713
0.999995323 0.003055815 -0.000127404 -1.241952118 -0.003056237 0.999989360 -0.003455266 -5.938247233 0.000116844 0.003455640 0.999994022 322.853634788
0.999997338 0.002248144 0.000519073 -1.257945075 -0.002246333 0.999991475 -0.003464545 -5.970986942 -0.000526857 0.003463370 0.999993864 324.507306374
0.999997741 0.002067854 0.000491632 -1.260570209 -0.002066319 0.999993053 -0.003102243 -6.006689989 -0.000498043 0.003101220 0.999995067 326.145596114
0.999996542 0.002421293 0.001026645 -1.267764597 -0.002417811 0.999991364 -0.003380237 -6.034548884 -0.001034821 0.003377743 0.999993760 327.795480433
0.999991039 0.003898226 0.001651051 -1.286543367 -0.003890927 0.999982743 -0.004401540 -6.066990086 -0.001668181 0.004395076 0.999988950 329.420990265
0.999986272 0.004719541 0.002276552 -1.283020118 -0.004707991 0.999976154 -0.005052325 -6.106080823 -0.002300343 0.005041538 0.999984646 331.066056888
0.999990517 0.003314003 0.002825591 -1.281837386 -0.003305777 0.999990299 -0.002911075 -6.150843428 -0.002835210 0.002901706 0.999991771 332.716199528
0.999993556 0.002051692 0.002945870 -1.277256783 -0.002046248 0.999996196 -0.001849779 -6.189423853 -0.002949654 0.001843739 0.999993950 334.354983871
0.999995600 0.000939599 0.002813795 -1.286478104 -0.000930578 0.999994428 -0.003205797 -6.220857953 -0.002816791 0.003203165 0.999990903 335.975985043
0.999995253 0.001722417 0.002554951 -1.276971697 -0.001715129 0.999994462 -0.002851910 -6.261311468 -0.002559849 0.002847515 0.999992669 337.610770721
0.999990818 0.003540422 0.002414224 -1.284273635 -0.003528807 0.999982262 -0.004798213 -6.297720117 -0.002431169 0.004789650 0.999985574 339.217513493
0.999985018 0.005176707 0.001779200 -1.293310054 -0.005162464 0.999955322 -0.007918577 -6.332378553 -0.001820112 0.007909274 0.999967065 340.837572239
0.999978624 0.006406529 0.001306739 -1.309485444 -0.006396953 0.999953577 -0.007205751 -6.377772929 -0.001352842 0.007197237 0.999973184 342.440173537
0.999974116 0.007189008 0.000292307 -1.323517610 -0.007187980 0.999968459 -0.003378401 -6.426536093 -0.000316586 0.003376212 0.999994250 344.077412358
0.999963258 0.008526256 -0.000886105 -1.331387917 -0.008526974 0.999963317 -0.000809292 -6.456754573 0.000879172 0.000816818 0.999999280 345.723595723
0.999957916 0.008902743 -0.002215151 -1.341587680 -0.008907375 0.999958144 -0.002090284 -6.487468725 0.002196449 0.002109927 0.999995362 347.341790644
0.999959166 0.008247783 -0.003693233 -1.355760929 -0.008260468 0.999959990 -0.003432693 -6.522251890 0.003664773 0.003463060 0.999987288 348.884732787
0.999959269 0.006867871 -0.005855938 -1.364595991 -0.006879859 0.999974274 -0.002029504 -6.556770016 0.005841849 0.002069710 0.999980794 350.499062147
0.999963628 0.005387326 -0.006612101 -1.385859381 -0.005397075 0.999984373 -0.001457537 -6.591879676 0.006604146 0.001493170 0.999977078 352.129638989
0.999961296 0.005507482 -0.006861072 -1.414863239 -0.005524530 0.999981694 -0.002468226 -6.622454992 0.006847353 0.002506035 0.999973416 353.743679820
0.999960642 0.004735754 -0.007502465 -1.426861839 -0.004760980 0.999983061 -0.003348120 -6.656635499 0.007486482 0.003383707 0.999966251 355.354065424
0.999959390 0.004242673 -0.007950988 -1.447759675 -0.004270227 0.999984925 -0.003451769 -6.694869491 0.007936224 0.003485582 0.999962433 356.967519939
0.999964691 0.003927165 -0.007429271 -1.476832834 -0.003954187 0.999985608 -0.003625948 -6.729967183 0.007414925 0.003655197 0.999965829 358.583533807
0.999961893 0.003090710 -0.008164529 -1.479860183 -0.003125607 0.999986020 -0.004264920 -6.768550889 0.008151233 0.004290277 0.999957575 360.196306011
0.999964976 0.003085146 -0.007780019 -1.509936635 -0.003124822 0.999982149 -0.005092828 -6.801133166 0.007764168 0.005116961 0.999956766 361.786381882
0.999966738 0.002849629 -0.007642150 -1.530249478 -0.002886510 0.999984221 -0.004819256 -6.843765586 0.007628296 0.004841155 0.999959185 363.408344941
0.999968268 0.003399053 -0.007204759 -1.556554259 -0.003440270 0.999977745 -0.005716139 -6.876897259 0.007185169 0.005740744 0.999957708 365.003148900
0.999972433 0.001881019 -0.007182907 -1.570314906 -0.001930341 0.999974567 -0.006865837 -6.918533379 0.007169810 0.006879513 0.999950632 366.582896276
0.999976020 0.000564926 -0.006902264 -1.588698186 -0.000601216 0.999986002 -0.005256755 -6.948799207 0.006899198 0.005260778 0.999962362 368.171342784
0.999975801 -0.000956052 -0.006890855 -1.608201241 0.000925542 0.999989762 -0.004429361 -6.987167083 0.006895019 0.004422876 0.999966448 369.776814440
0.999979123 -0.001295326 -0.006330537 -1.634746960 0.001261007 0.999984505 -0.005422155 -7.021160484 0.006337463 0.005414059 0.999965262 371.376736659
0.999981173 -0.000036824 -0.006136164 -1.648779995 0.000000061 0.999982054 -0.005991024 -7.057983501 0.006136275 0.005990911 0.999963227 372.997156618
0.999978295 0.001555899 -0.006402316 -1.655384943 -0.001588260 0.999985974 -0.005052668 -7.095274993 0.006394365 0.005062727 0.999966740 374.609244178
0.999976308 0.003325642 -0.006026905 -1.670863373 -0.003350373 0.999985991 -0.004097858 -7.132841213 0.006013192 0.004117953 0.999973442 376.217589759
0.999977153 0.003379519 -0.005854253 -1.687527219 -0.003404703 0.999984971 -0.004297135 -7.167565307 0.005839643 0.004316969 0.999973631 377.825971022
0.999977712 0.003869179 -0.005441054 -1.705310484 -0.003899326 0.999977046 -0.005541031 -7.196913344 0.005419490 0.005562124 0.999969846 379.446183367
0.999981219 0.003716023 -0.004873615 -1.731936924 -0.003743720 0.999976825 -0.005686375 -7.234054873 0.004852371 0.005704514 0.999971956 381.057032380
0.999982518 0.004103052 -0.004257871 -1.739680904 -0.004127040 0.999975577 -0.005640245 -7.273483736 0.004234625 0.005657719 0.999975029 382.672399783
0.999977635 0.005157303 -0.004258076 -1.746185758 -0.005179820 0.999972570 -0.005294163 -7.309838840 0.004230656 0.005316101 0.999976920 384.279889230
0.999967183 0.006978603 -0.004114905 -1.756391786 -0.006998723 0.999963526 -0.004895454 -7.341546381 0.004080591 0.004924092 0.999979551 385.906793267
0.999955888 0.008487945 -0.004022169 -1.756902700 -0.008511211 0.999946940 -0.005803095 -7.372330918 0.003972700 0.005837073 0.999975073 387.506603166
