[{"R":[[1.0,0.0,0.0],[0.0,1.0,0.0],[0.0,0.0,1.0]],"file_name":"/home/jonas/Downloads/freiburg/rgbd_dataset_freiburg3_walking_xyz//rgb/1341846313.592026.png","t":[0.0,0.0,0.0]},{"R":[[0.9999034404754639,0.01148736011236906,0.007816420868039131],[-0.011469650082290173,0.9999315738677979,-0.002306811511516571],[-0.007842385210096836,0.002216937253251672,0.9999668002128601]],"file_name":"/home/jonas/Downloads/freiburg/rgbd_dataset_freiburg3_walking_xyz//rgb/1341846313.654184.png","t":[-0.011010509915649891,0.001295594614930451,0.003416443010792136]},{"R":[[0.9998892545700073,0.00970916822552681,0.011276916600763798],[-0.009718390181660652,0.999952495098114,0.0007632644847035408],[-0.011268970556557178,-0.0008727734675630927,0.9999361038208008]],"file_name":"/home/jonas/Downloads/freiburg/rgbd_dataset_freiburg3_walking_xyz//rgb/1341846313.686156.png","t":[-0.015427754260599613,-0.000728913233615458,0.0030926463659852743]},{"R":[[0.9998418092727661,0.011567143723368645,0.013509317301213741],[-0.011588227935135365,0.9999317526817322,0.001483479980379343],[-0.013491235673427582,-0.001639794441871345,0.9999076724052429]],"file_name":"/home/jonas/Downloads/freiburg/rgbd_dataset_freiburg3_walking_xyz//rgb/1341846313.721918.png","t":[-0.021135933697223663,-0.004430464003235102,0.00571909686550498]},{"R":[[0.999796450138092,0.014231850393116474,0.014298819936811924],[-0.014231137000024319,0.9998987317085266,-0.00015165121294558048],[-0.014299529604613781,-5.186811540625058e-05,0.9998977780342102]],"file_name":"/home/jonas/Downloads/freiburg/rgbd_dataset_freiburg3_walking_xyz//rgb/1341846313.753994.png","t":[-0.026191340759396553,-0.0022856902796775103,0.0019548730924725533]},{"R":[[0.9998453259468079,0.010235033929347992,0.014301946386694908],[-0.010283919051289558,0.9999415278434753,0.003348731901496649],[-0.014266835525631905,-0.003495293902233243,0.9998921155929565]],"file_name":"/home/jonas/Downloads/freiburg/rgbd_dataset_freiburg3_walking_xyz//rgb/1341846313.789969.png","t":[-0.028294995427131653,-0.0063379984349012375,0.0005943200085312128]},{"R":[[0.9999325275421143,0.0064919800497591496,0.009631010703742504],[-0.006531016435474157,0.999970555305481,0.004027297254651785],[-0.00960458256304264,-0.004089925903826952,0.9999455213546753]],"file_name":"/home/jonas/Downloads/freiburg/rgbd_dataset_freiburg3_walking_xyz//rgb/1341846313.822075.png","t":[-0.02627446874976158,-0.009493590332567692,-0.0005008578300476074]},{"R":[[0.9999896287918091,0.0028116253670305014,0.003583611687645316],[-0.002832955913618207,0.999978244304657,0.005961120128631592],[-0.0035667731426656246,-0.005971210543066263,0.9999758005142212]],"file_name":"/home/jonas/Downloads/freiburg/rgbd_dataset_freiburg3_walking_xyz//rgb/1341846313.853928.png","t":[-0.02764805033802986,-0.019871195778250694,-0.001065239543095231]},{"R":[[0.9999685287475586,0.0038726713974028826,-0.006924196146428585],[-0.003846886334940791,0.9999856352806091,0.003733371151611209],[0.006938554812222719,-0.00370661704801023,0.9999690651893616]],"file_name":"/home/jonas/Downloads/freiburg/rgbd_dataset_freiburg3_walking_xyz//rgb/1341846313.890011.png","t":[-0.013504219241440296,-0.01619706116616726,0.0008137074764817953]},{"R":[[0.9998937845230103,0.003849991364404559,-0.014056605286896229],[-0.003840924007818103,0.9999923706054688,0.0006719871307723224],[0.01405908539891243,-0.0006179253687150776,0.9999009966850281]],"file_name":"/home/jonas/Downloads/freiburg/rgbd_dataset_freiburg3_walking_xyz//rgb/1341846313.922055.png","t":[0.00037477636942639947,-0.019073452800512314,0.0028939926996827126]},{"R":[[0.9995089769363403,0.0010608037700876594,-0.031315878033638],[-0.0010938865598291159,0.9999988675117493,-0.0010393058182671666],[0.03131474182009697,0.0010730514768511057,0.9995089769363403]],"file_name":"/home/jonas/Downloads/freiburg/rgbd_dataset_freiburg3_walking_xyz//rgb/1341846313.957927.png","t":[0.0168171226978302,-0.02540743164718151,0.0020882952958345413]},{"R":[[0.9988030195236206,0.005267942324280739,-0.04862929880619049],[-0.005761781707406044,0.9999331831932068,-0.010020588524639606],[0.04857326298952103,0.010288785211741924,0.9987666010856628]],"file_name":"/home/jonas/Downloads/freiburg/rgbd_dataset_freiburg3_walking_xyz//rgb/1341846313.990058.png","t":[0.02877282351255417,-0.006495143286883831,-0.008681186474859715]},{"R":[[0.9979982376098633,0.008102718740701675,-0.06272073090076447],[-0.009011431597173214,0.9998583197593689,-0.01421893760561943],[0.0625966340303421,0.014755678363144398,0.9979298114776611]],"file_name":"/home/jonas/Downloads/freiburg/rgbd_dataset_freiburg3_walking_xyz//rgb/1341846314.022042.png","t":[0.05686812102794647,-0.008646130561828613,-0.004274053033441305]},{"R":[[0.9971352219581604,0.011404436081647873,-0.07477514445781708],[-0.012929481454193592,0.9997175335884094,-0.019942816346883774],[0.0745265856385231,0.02085248753428459,0.9970009922981262]],"file_name":"/home/jonas/Downloads/freiburg/rgbd_dataset_freiburg3_walking_xyz//rgb/1341846314.057816.png","t":[0.06779921799898148,-0.009060287848114967,-0.007658251095563173]},{"R":[[0.9954683184623718,0.009071812964975834,-0.09466006606817245],[-0.010722888633608818,0.9997988939285278,-0.016948089003562927],[0.0944872722029686,0.017886314541101456,0.9953653812408447]],"file_name":"/home/jonas/Downloads/freiburg/rgbd_dataset_freiburg3_walking_xyz//rgb/1341846314.089801.png","t":[0.08821775764226913,-0.012101560831069946,-0.010843073017895222]},{"R":[[0.9939787983894348,0.013535489328205585,-0.10873333364725113],[-0.01614343747496605,0.9996019005775452,-0.02314040996134281],[0.10837683081626892,0.024756407365202904,0.9938015937805176]],"file_name":"/home/jonas/Downloads/freiburg/rgbd_dataset_freiburg3_walking_xyz//rgb/1341846314.122037.png","t":[0.10409460216760635,-0.005758101120591164,-0.00622373353689909]},{"R":[[0.991996169090271,0.015665331855416298,-0.12529242038726807],[-0.019018592312932014,0.9994910359382629,-0.025612184777855873],[0.12482742965221405,0.027790075168013573,0.9917892217636108]],"file_name":"/home/jonas/Downloads/freiburg/rgbd_dataset_freiburg3_walking_xyz//rgb/1341846314.157989.png","t":[0.12519536912441254,-0.006965920329093933,0.0006670432630926371]},{"R":[[0.9904375672340393,0.01582525297999382,-0.13705085217952728],[-0.019225899130105972,0.9995383620262146,-0.02352488972246647],[0.1366153061389923,0.025934861972928047,0.9902846217155457]],"file_name":"/home/jonas/Downloads/freiburg/rgbd_dataset_freiburg3_walking_xyz//rgb/1341846314.190094.png","t":[0.13195087015628815,-0.01152896974235773,0.0013692056527361274]},{"R":[[0.9890246391296387,0.019939396530389786,-0.14639912545681],[-0.024488039314746857,0.9992696642875671,-0.029333777725696564],[0.14570730924606323,0.032596856355667114,0.9887905716896057]],"file_name":"/home/jonas/Downloads/freiburg/rgbd_dataset_freiburg3_walking_xyz//rgb/1341846314.225969.png","t":[0.14376571774482727,-0.011738591827452183,0.004092036280781031]},{"R":[[0.9877959489822388,0.024323003366589546,-0.15384253859519958],[-0.029290704056620598,0.9991174340248108,-0.03010677732527256],[0.15297448635101318,0.034245509654283524,0.9876366257667542]],"file_name":"/home/jonas/Downloads/freiburg/rgbd_dataset_freiburg3_walking_xyz//rgb/1341846314.257923.png","t":[0.14833037555217743,-0.01681068353354931,0.003806140273809433]},{"R":[[0.9866746068000793,0.020649127662181854,-0.16139031946659088],[-0.025156715884804726,0.9993470311164856,-0.025936182588338852],[0.1607493758201599,0.029650622978806496,0.9865497946739197]],"file_name":"/home/jonas/Downloads/freiburg/rgbd_dataset_freiburg3_walking_xyz//rgb/1341846314.290052.png","t":[0.1585557460784912,-0.021165065467357635,0.007731324527412653]},{"R":[[0.9854170083999634,0.01540285162627697,-0.16945825517177582],[-0.019990723580121994,0.9994774460792542,-0.025400927290320396],[0.16897845268249512,0.028418097645044327,0.9852100014686584]],"file_name":"/home/jonas/Downloads/freiburg/rgbd_dataset_freiburg3_walking_xyz//rgb/1341846314.325981.png","t":[0.16860638558864594,-0.030893966555595398,0.01269580703228712]},{"R":[[0.9839324951171875,0.013578531332314014,-0.17802368104457855],[-0.018532251939177513,0.9994851350784302,-0.026192836463451385],[0.17757636308670044,0.02907116338610649,0.9836775660514832]],"file_name":"/home/jonas/Downloads/freiburg/rgbd_dataset_freiburg3_walking_xyz//rgb/1341846314.357905.png","t":[0.17025186121463776,-0.032120946794748306,0.004966681357473135]},{"R":[[0.9824718236923218,0.01406027004122734,-0.18587999045848846],[-0.019491206854581833,0.9994338750839233,-0.027422277256846428],[0.1853892058134079,0.03056464157998562,0.9821897149085999]],"file_name":"/home/jonas/Downloads/freiburg/rgbd_dataset_freiburg3_walking_xyz//rgb/1341846314.389899.png","t":[0.17431266605854034,-0.01961928978562355,0.0060058473609387875]},{"R":[[0.9808872938156128,0.007393406238406897,-0.1944362074136734],[-0.012763798236846924,0.9995704293251038,-0.02638200856745243],[0.19415763020515442,0.02835952118039131,0.980560302734375]],"file_name":"/home/jonas/Downloads/freiburg/rgbd_dataset_freiburg3_walking_xyz//rgb/1341846314.427905.png","t":[0.18249623477458954,-0.02716386690735817,0.013484390452504158]},{"R":[[0.9760431051254272,-0.005109728779643774,-0.21751727163791656],[-0.00020928666344843805,0.9997016787528992,-0.02442324347794056],[0.21757718920707703,0.02388366125524044,0.9757508635520935]],"file_name":"/home/jonas/Downloads/freiburg/rgbd_dataset_freiburg3_walking_xyz//rgb/1341846314.493987.png","t":[0.18319328129291534,-0.02514009177684784,0.023797623813152313]},{"R":[[0.9736261367797852,-0.008885880000889301,-0.2279762178659439],[0.003611504565924406,0.9997163414955139,-0.023542383685708046],[0.22812074422836304,0.02209814265370369,0.9733820557594299]],"file_name":"/home/jonas/Downloads/freiburg/rgbd_dataset_freiburg3_walking_xyz//rgb/1341846314.526085.png","t":[0.19598765671253204,-0.029157619923353195,0.03903687372803688]},{"R":[[0.9718721508979797,-0.00909281987696886,-0.2353334128856659],[0.0034222444519400597,0.9996941685676575,-0.02449313923716545],[0.23548415303230286,0.022998832166194916,0.9716060161590576]],"file_name":"/home/jonas/Downloads/freiburg/rgbd_dataset_freiburg3_walking_xyz//rgb/1341846314.558292.png","t":[0.19441162049770355,-0.03296422213315964,0.039438825100660324]},{"R":[[0.9697355031967163,-0.009936550632119179,-0.24395553767681122],[0.0046739340759813786,0.9997439384460449,-0.022141437977552414],[0.24411308765411377,0.020331107079982758,0.9695336222648621]],"file_name":"/home/jonas/Downloads/freiburg/rgbd_dataset_freiburg3_walking_xyz//rgb/1341846314.594085.png","t":[0.18578268587589264,-0.030379708856344223,0.031198618933558464]},{"R":[[0.9656648635864258,-0.007064918056130409,-0.2596948444843292],[0.0013205513823777437,0.9997507333755493,-0.022287491708993912],[0.25978758931159973,0.021179309114813805,0.9654334783554077]],"file_name":"/home/jonas/Downloads/freiburg/rgbd_dataset_freiburg3_walking_xyz//rgb/1341846314.626096.png","t":[0.2063111811876297,-0.030341219156980515,0.05420944467186928]},{"R":[[0.9588085412979126,-0.012433805502951145,-0.2837808132171631],[0.0070299929939210415,0.9997742176055908,-0.020052731037139893],[0.283966064453125,0.01723175309598446,0.9586794972419739]],"file_name":"/home/jonas/Downloads/freiburg/rgbd_dataset_freiburg3_walking_xyz//rgb/1341846314.658455.png","t":[0.2575109601020813,-0.04664803296327591,0.09098982065916061]},{"R":[[0.958441436290741,-0.014361441135406494,-0.2849276065826416],[0.009383823722600937,0.999778687953949,-0.018827300518751144],[0.2851349413394928,0.015371154993772507,0.9583641290664673]],"file_name":"/home/jonas/Downloads/freiburg/rgbd_dataset_freiburg3_walking_xyz//rgb/1341846314.694004.png","t":[0.23066338896751404,-0.04638226330280304,0.06743654608726501]},{"R":[[0.9546990990638733,-0.005502314772456884,-0.2975219488143921],[0.002705932594835758,0.9999482035636902,-0.009809959679841995],[0.29756054282188416,0.008560486137866974,0.9546645879745483]],"file_name":"/home/jonas/Downloads/freiburg/rgbd_dataset_freiburg3_walking_xyz//rgb/1341846314.725910.png","t":[0.24956844747066498,-0.04277906194329262,0.07289910316467285]},{"R":[[0.9541935920715332,0.004977887962013483,-0.29914844036102295],[-0.00522458553314209,0.9999863505363464,-2.4891154680517502e-05],[0.2991442382335663,0.0015866776229813695,0.9542065858840942]],"file_name":"/home/jonas/Downloads/freiburg/rgbd_dataset_freiburg3_walking_xyz//rgb/1341846314.761942.png","t":[0.2489941567182541,-0.0467153824865818,0.07965223491191864]},{"R":[[0.951295793056488,0.005185694899410009,-0.3082360029220581],[-0.001738412887789309,0.9999328255653381,0.011457460932433605],[0.3082747161388397,-0.010363592766225338,0.9512408971786499]],"file_name":"/home/jonas/Downloads/freiburg/rgbd_dataset_freiburg3_walking_xyz//rgb/1341846314.794030.png","t":[0.2539220154285431,-0.0607854425907135,0.08832738548517227]},{"R":[[0.9474585056304932,0.008896376006305218,-0.3197548985481262],[-0.004345620051026344,0.9998788833618164,0.014942709356546402],[0.3198491036891937,-0.012768063694238663,0.9473824501037598]],"file_name":"/home/jonas/Downloads/freiburg/rgbd_dataset_freiburg3_walking_xyz//rgb/1341846314.826092.png","t":[0.255756676197052,-0.059476472437381744,0.0985352173447609]},{"R":[[0.9439401626586914,0.01168662030249834,-0.32990965247154236],[-0.00639069639146328,0.999832808971405,0.01713266223669052],[0.33005470037460327,-0.014063856564462185,0.9438570141792297]],"file_name":"/home/jonas/Downloads/freiburg/rgbd_dataset_freiburg3_walking_xyz//rgb/1341846314.862145.png","t":[0.2593281865119934,-0.06419124454259872,0.11117099225521088]},{"R":[[0.9378916025161743,0.012683505192399025,-0.3466965854167938],[-0.005505580920726061,0.9997497797012329,0.02168089896440506],[0.3468848168849945,-0.01842556521296501,0.9377267360687256]],"file_name":"/home/jonas/Downloads/freiburg/rgbd_dataset_freiburg3_walking_xyz//rgb/1341846314.894072.png","t":[0.2763115167617798,-0.07529685646295547,0.12665969133377075]},{"R":[[0.9346817135810852,0.0204535610973835,-0.35489675402641296],[-0.01292779203504324,0.9996387362480164,0.023564036935567856],[0.3552505075931549,-0.017436843365430832,0.9346084594726563]],"file_name":"/home/jonas/Downloads/freiburg/rgbd_dataset_freiburg3_walking_xyz//rgb/1341846314.925969.png","t":[0.27990180253982544,-0.0781392753124237,0.12996314465999603]},{"R":[[0.9330499768257141,0.02883385866880417,-0.3585894703865051],[-0.0244267750531435,0.9995601773262024,0.016815263777971268],[0.35891661047935486,-0.006930296774953604,0.9333438873291016]],"file_name":"/home/jonas/Downloads/freiburg/rgbd_dataset_freiburg3_walking_xyz//rgb/1341846314.961937.png","t":[0.28391075134277344,-0.07576325535774231,0.13867199420928955]},{"R":[[0.9272887110710144,0.029569730162620544,-0.37317734956741333],[-0.025439953431487083,0.9995484948158264,0.015987567603588104],[0.3734816014766693,-0.005331476218998432,0.9276222586631775]],"file_name":"/home/jonas/Downloads/freiburg/rgbd_dataset_freiburg3_walking_xyz//rgb/1341846314.994564.png","t":[0.31273365020751953,-0.08995557576417923,0.15984375774860382]},{"R":[[0.9211747050285339,0.023874180391430855,-0.38841623067855835],[-0.018043238669633865,0.9996631741523743,0.01865309290587902],[0.3887307345867157,-0.010174470953643322,0.9212952256202698]],"file_name":"/home/jonas/Downloads/freiburg/rgbd_dataset_freiburg3_walking_xyz//rgb/1341846315.029900.png","t":[0.3265600800514221,-0.0981794074177742,0.17432479560375214]},{"R":[[0.9173166155815125,0.030570436269044876,-0.39698314666748047],[-0.02433123253285885,0.9994887113571167,0.02074486017227173],[0.39741435647010803,-0.009370516985654831,0.9175914525985718]],"file_name":"/home/jonas/Downloads/freiburg/rgbd_dataset_freiburg3_walking_xyz//rgb/1341846315.061965.png","t":[0.3371209502220154,-0.10350547730922699,0.18319115042686462]},{"R":[[0.9172996282577515,0.03197440505027771,-0.3969118595123291],[-0.024655260145664215,0.9994190335273743,0.023530585691332817],[0.39743363857269287,-0.011798631399869919,0.917555034160614]],"file_name":"/home/jonas/Downloads/freiburg/rgbd_dataset_freiburg3_walking_xyz//rgb/1341846315.094388.png","t":[0.3393525779247284,-0.11068011075258255,0.18483120203018188]},{"R":[[0.913902997970581,0.027319185435771942,-0.405012309551239],[-0.014255547896027565,0.9992772936820984,0.03523659706115723],[0.405682235956192,-0.026429159566760063,0.9136319756507874]],"file_name":"/home/jonas/Downloads/freiburg/rgbd_dataset_freiburg3_walking_xyz//rgb/1341846315.129851.png","t":[0.35445642471313477,-0.13204917311668396,0.19474342465400696]},{"R":[[0.9103809595108032,0.036896705627441406,-0.4121227264404297],[-0.028056951239705086,0.9992284774780273,0.027481433004140854],[0.4128187596797943,-0.013455665670335293,0.910713791847229]],"file_name":"/home/jonas/Downloads/freiburg/rgbd_dataset_freiburg3_walking_xyz//rgb/1341846315.161941.png","t":[0.36978673934936523,-0.12454245239496231,0.21450279653072357]},{"R":[[0.9117540121078491,0.02676454931497574,-0.4098637104034424],[-0.022494113072752953,0.9996308088302612,0.015238163992762566],[0.41012024879455566,-0.00467393733561039,0.9120194911956787]],"file_name":"/home/jonas/Downloads/freiburg/rgbd_dataset_freiburg3_walking_xyz//rgb/1341846315.197984.png","t":[0.373849481344223,-0.1329163908958435,0.20844204723834991]},{"R":[[0.9096428155899048,0.017774121835827827,-0.415010929107666],[-0.013989013619720936,0.9998282194137573,0.01215886976569891],[0.4151557385921478,-0.005254634656012058,0.9097352027893066]],"file_name":"/home/jonas/Downloads/freiburg/rgbd_dataset_freiburg3_walking_xyz//rgb/1341846315.230076.png","t":[0.3869009017944336,-0.14660771191120148,0.21818743646144867]},{"R":[[0.9115944504737854,0.023416506126523018,-0.41042324900627136],[-0.024342335760593414,0.9996992945671082,0.0029704140033572912],[0.4103693962097168,0.007282847538590431,0.9118903279304504]],"file_name":"/home/jonas/Downloads/freiburg/rgbd_dataset_freiburg3_walking_xyz//rgb/1341846315.262069.png","t":[0.38540491461753845,-0.13687831163406372,0.21524587273597717]},{"R":[[0.9109166860580444,0.027107683941721916,-0.4116989076137543],[-0.025659402832388878,0.9996297955513,0.009045618586242199],[0.41179171204566956,0.0023241436574608088,0.9112750291824341]],"file_name":"/home/jonas/Downloads/freiburg/rgbd_dataset_freiburg3_walking_xyz//rgb/1341846315.298000.png","t":[0.4048500061035156,-0.15888744592666626,0.22011448442935944]},{"R":[[0.9100838899612427,0.02858656458556652,-0.4134369492530823],[-0.018061790615320206,0.9994061589241028,0.029343880712985992],[0.4140302836894989,-0.019237982109189034,0.9100598096847534]],"file_name":"/home/jonas/Downloads/freiburg/rgbd_dataset_freiburg3_walking_xyz//rgb/1341846315.329931.png","t":[0.41101062297821045,-0.19033803045749664,0.23354075849056244]},{"R":[[0.9068906307220459,0.03417845815420151,-0.4199776351451874],[-0.017872463911771774,0.9989280104637146,0.042700961232185364],[0.4209868907928467,-0.031219065189361572,0.9065293073654175]],"file_name":"/home/jonas/Downloads/freiburg/rgbd_dataset_freiburg3_walking_xyz//rgb/1341846315.361981.png","t":[0.42860332131385803,-0.1992775946855545,0.25144797563552856]},{"R":[[0.9049316048622131,0.041857507079839706,-0.42349350452423096],[-0.020462315529584885,0.9982797503471375,0.05494417995214462],[0.4250648319721222,-0.041055064648389816,0.9042313694953918]],"file_name":"/home/jonas/Downloads/freiburg/rgbd_dataset_freiburg3_walking_xyz//rgb/1341846315.397962.png","t":[0.4342091679573059,-0.21192540228366852,0.2527555227279663]},{"R":[[0.8980792164802551,0.04735393077135086,-0.4372771382331848],[-0.021289926022291183,0.9977023005485535,0.06431867182254791],[0.43931815028190613,-0.04845366254448891,0.8970238566398621]],"file_name":"/home/jonas/Downloads/freiburg/rgbd_dataset_freiburg3_walking_xyz//rgb/1341846315.429923.png","t":[0.45783182978630066,-0.2203083485364914,0.2680754065513611]},{"R":[[0.8909436464309692,0.049776654690504074,-0.45137760043144226],[-0.021032044664025307,0.9974307417869568,0.06848014146089554],[0.4536266326904297,-0.051518552005290985,0.8897014856338501]],"file_name":"/home/jonas/Downloads/freiburg/rgbd_dataset_freiburg3_walking_xyz//rgb/1341846315.466047.png","t":[0.4713958203792572,-0.2274698168039322,0.2812875211238861]},{"R":[[0.8879852294921875,0.058179426938295364,-0.45617690682411194],[-0.028973402455449104,0.997072160243988,0.07076450437307358],[0.45895832777023315,-0.049620840698480606,0.8870710134506226]],"file_name":"/home/jonas/Downloads/freiburg/rgbd_dataset_freiburg3_walking_xyz//rgb/1341846315.497883.png","t":[0.4672622084617615,-0.2324775755405426,0.2840937674045563]},{"R":[[0.882860541343689,0.060828328132629395,-0.4656793177127838],[-0.031610194593667984,0.9970245361328125,0.07030576467514038],[0.4685702919960022,-0.047349970787763596,0.8821563720703125]],"file_name":"/home/jonas/Downloads/freiburg/rgbd_dataset_freiburg3_walking_xyz//rgb/1341846315.530008.png","t":[0.4833565056324005,-0.22980962693691254,0.29030272364616394]},{"R":[[0.8796767592430115,0.06350064277648926,-0.4713135361671448],[-0.03497004136443138,0.9969995617866516,0.06905759125947952],[0.4742845892906189,-0.044266507029533386,0.8792579770088196]],"file_name":"/home/jonas/Downloads/freiburg/rgbd_dataset_freiburg3_walking_xyz//rgb/1341846315.566108.png","t":[0.48959293961524963,-0.2303992658853531,0.29656982421875]},{"R":[[0.8793089389801025,0.06205270066857338,-0.4721919894218445],[-0.03327373415231705,0.9970570802688599,0.06906553357839584],[0.47508805990219116,-0.04501835256814957,0.8787859082221985]],"file_name":"/home/jonas/Downloads/freiburg/rgbd_dataset_freiburg3_walking_xyz//rgb/1341846315.597986.png","t":[0.48358672857284546,-0.23084121942520142,0.290503591299057]},{"R":[[0.8757269978523254,0.060226164758205414,-0.47903549671173096],[-0.030134722590446472,0.9970729947090149,0.07026638835668564],[0.4818652272224426,-0.04709856957197189,0.8749786615371704]],"file_name":"/home/jonas/Downloads/freiburg/rgbd_dataset_freiburg3_walking_xyz//rgb/1341846315.630109.png","t":[0.4942503869533539,-0.23411917686462402,0.2986946702003479]},{"R":[[0.8710002899169922,0.05879760906100273,-0.4877513349056244],[-0.02843504399061203,0.9971814155578613,0.06943076848983765],[0.4904589354991913,-0.04660498723387718,0.8702172040939331]],"file_name":"/home/jonas/Downloads/freiburg/rgbd_dataset_freiburg3_walking_xyz//rgb/1341846315.666042.png","t":[0.5073996782302856,-0.23911960422992706,0.3113113045692444]},{"R":[[0.8669946193695068,0.0528251938521862,-0.49550968408584595],[-0.028399668633937836,0.9979871511459351,0.056702226400375366],[0.49750760197639465,-0.03508821502327919,0.8667497038841248]],"file_name":"/home/jonas/Downloads/freiburg/rgbd_dataset_freiburg3_walking_xyz//rgb/1341846315.698114.png","t":[0.5085870027542114,-0.24051125347614288,0.31544145941734314]},{"R":[[0.8654659390449524,0.0575215145945549,-0.4976544976234436],[-0.0353105254471302,0.9979198575019836,0.05393661931157112],[0.49972182512283325,-0.02910786308348179,0.8656967282295227]],"file_name":"/home/jonas/Downloads/freiburg/rgbd_dataset_freiburg3_walking_xyz//rgb/1341846315.733985.png","t":[0.5012537837028503,-0.23746590316295624,0.31122174859046936]},{"R":[[0.864582896232605,0.058482542634010315,-0.49907535314559937],[-0.035329725593328476,0.997821033000946,0.05572231858968735],[0.5012466907501221,-0.030544370412826538,0.8647651672363281]],"file_name":"/home/jonas/Downloads/freiburg/rgbd_dataset_freiburg3_walking_xyz//rgb/1341846315.766041.png","t":[0.5193722248077393,-0.2409081608057022,0.321995347738266]},{"R":[[0.8673937916755676,0.056334879249334335,-0.4944232404232025],[-0.034072306007146835,0.9979630708694458,0.05393359065055847],[0.49645447731018066,-0.029935523867607117,0.8675464391708374]],"file_name":"/home/jonas/Downloads/freiburg/rgbd_dataset_freiburg3_walking_xyz//rgb/1341846315.798188.png","t":[0.508766233921051,-0.24392691254615784,0.3157638609409332]},{"R":[[0.8666259050369263,0.05419846996665001,-0.4960061013698578],[-0.028159592300653458,0.9978113174438477,0.05982993543148041],[0.4981631934642792,-0.03788284584879875,0.8662553429603577]],"file_name":"/home/jonas/Downloads/freiburg/rgbd_dataset_freiburg3_walking_xyz//rgb/1341846315.834140.png","t":[0.5023425817489624,-0.2519088685512543,0.3149586617946625]},{"R":[[0.8660783767700195,0.053555794060230255,-0.49703121185302734],[-0.0247500017285347,0.9976192712783813,0.06436789035797119],[0.499295175075531,-0.04344611614942551,0.8653419613838196]],"file_name":"/home/jonas/Downloads/freiburg/rgbd_dataset_freiburg3_walking_xyz//rgb/1341846315.866751.png","t":[0.5002633929252625,-0.250903844833374,0.3175314962863922]},{"R":[[0.8657755851745605,0.05379096791148186,-0.49753308296203613],[-0.02424110844731331,0.9975470900535583,0.06566731631755829],[0.4998449683189392,-0.04479240998625755,0.8649558424949646]],"file_name":"/home/jonas/Downloads/freiburg/rgbd_dataset_freiburg3_walking_xyz//rgb/1341846315.898492.png","t":[0.501124382019043,-0.2479817271232605,0.31890106201171875]},{"R":[[0.8654166460037231,0.05407872423529625,-0.49812600016593933],[-0.019955916330218315,0.9970898032188416,0.07357808947563171],[0.5006553530693054,-0.05373514071106911,0.8639772534370422]],"file_name":"/home/jonas/Downloads/freiburg/rgbd_dataset_freiburg3_walking_xyz//rgb/1341846315.936901.png","t":[0.4963254928588867,-0.25221505761146545,0.32066237926483154]},{"R":[[0.8667295575141907,0.05277344584465027,-0.4959787130355835],[-0.017303237691521645,0.9969696402549744,0.07584256678819656],[0.4984782040119171,-0.05715295299887657,0.8650162220001221]],"file_name":"/home/jonas/Downloads/freiburg/rgbd_dataset_freiburg3_walking_xyz//rgb/1341846315.966572.png","t":[0.4856497049331665,-0.2412593811750412,0.31897300481796265]},{"R":[[0.8665024638175964,0.05224462226033211,-0.49643126130104065],[-0.012065070681273937,0.9964092969894409,0.08380337059497833],[0.49902698397636414,-0.06662634760141373,0.8640214204788208]],"file_name":"/home/jonas/Downloads/freiburg/rgbd_dataset_freiburg3_walking_xyz//rgb/1341846316.034204.png","t":[0.49565449357032776,-0.24137109518051147,0.33538639545440674]},{"R":[[0.8661617636680603,0.05462493374943733,-0.4967694580554962],[-0.011789229698479176,0.995965301990509,0.08896110206842422],[0.49962466955184937,-0.07119817286729813,0.8633110523223877]],"file_name":"/home/jonas/Downloads/freiburg/rgbd_dataset_freiburg3_walking_xyz//rgb/1341846316.066113.png","t":[0.5037089586257935,-0.2427089810371399,0.3339534103870392]},{"R":[[0.8705326914787292,0.059812769293785095,-0.4884621202945709],[-0.016346393153071404,0.9955529570579529,0.09277425706386566],[0.4918390214443207,-0.07277843356132507,0.8676391243934631]],"file_name":"/home/jonas/Downloads/freiburg/rgbd_dataset_freiburg3_walking_xyz//rgb/1341846316.101867.png","t":[0.49387794733047485,-0.24591480195522308,0.3296579420566559]},{"R":[[0.8746112585067749,0.05249323695898056,-0.48197466135025024],[-0.016212308779358864,0.9967318773269653,0.07913738489151001],[0.4845536947250366,-0.06140052527189255,0.8726039528846741]],"file_name":"/home/jonas/Downloads/freiburg/rgbd_dataset_freiburg3_walking_xyz//rgb/1341846316.134066.png","t":[0.49846670031547546,-0.21711596846580505,0.3241118788719177]},{"R":[[0.8755529522895813,0.03948438540101051,-0.48150599002838135],[-0.003539892379194498,0.9971522688865662,0.07533152401447296],[0.4831092059612274,-0.06425225734710693,0.8731993436813354]],"file_name":"/home/jonas/Downloads/freiburg/rgbd_dataset_freiburg3_walking_xyz//rgb/1341846316.202049.png","t":[0.5369327664375305,-0.20868997275829315,0.31630805134773254]},{"R":[[0.8794373273849487,0.03751292824745178,-0.4745343029499054],[-0.0025812997482717037,0.9972510933876038,0.07405095547437668],[0.47600772976875305,-0.06389825791120529,0.8771166801452637]],"file_name":"/home/jonas/Downloads/freiburg/rgbd_dataset_freiburg3_walking_xyz//rgb/1341846316.233979.png","t":[0.5282292366027832,-0.20663221180438995,0.30683183670043945]},{"R":[[0.8782363533973694,0.03125368431210518,-0.47720444202423096],[0.0017425401601940393,0.9976464509963989,0.06854607164859772],[0.47822362184524536,-0.06103119999170303,0.8761149048805237]],"file_name":"/home/jonas/Downloads/freiburg/rgbd_dataset_freiburg3_walking_xyz//rgb/1341846316.270052.png","t":[0.5331935286521912,-0.2004433274269104,0.3122639060020447]},{"R":[[0.8743113279342651,0.02851087972521782,-0.48452743887901306],[0.005903968121856451,0.9975746870040894,0.06935342401266098],[0.48532962799072266,-0.06349711865186691,0.8720225095748901]],"file_name":"/home/jonas/Downloads/freiburg/rgbd_dataset_freiburg3_walking_xyz//rgb/1341846316.301915.png","t":[0.5550312399864197,-0.1996927708387375,0.3187106251716614]},{"R":[[0.8750433325767517,0.03308872506022453,-0.4829122722148895],[0.0033844001591205597,0.9972181916236877,0.07446109503507614],[0.4840327203273773,-0.06679105758666992,0.8724971413612366]],"file_name":"/home/jonas/Downloads/freiburg/rgbd_dataset_freiburg3_walking_xyz//rgb/1341846316.334208.png","t":[0.5609356760978699,-0.20374695956707,0.3198855519294739]},{"R":[[0.8800604343414307,0.034440960735082626,-0.4736110270023346],[0.0031295400112867355,0.9969240427017212,0.07831153273582458],[0.4748513400554657,-0.07040107250213623,0.8772456049919128]],"file_name":"/home/jonas/Downloads/freiburg/rgbd_dataset_freiburg3_walking_xyz//rgb/1341846316.370006.png","t":[0.547821044921875,-0.19956782460212708,0.3150394856929779]},{"R":[[0.8831111788749695,0.03925200551748276,-0.4675189256668091],[-0.001384833944030106,0.9967077970504761,0.08106584846973419],[0.4691617488861084,-0.070942722260952,0.8802581429481506]],"file_name":"/home/jonas/Downloads/freiburg/rgbd_dataset_freiburg3_walking_xyz//rgb/1341846316.401994.png","t":[0.540764570236206,-0.1977890431880951,0.30501821637153625]},{"R":[[0.8897562623023987,0.04355130344629288,-0.4543534219264984],[-0.005403401795774698,0.9963727593421936,0.08492425084114075],[0.4564039409160614,-0.07310683280229568,0.8867642283439636]],"file_name":"/home/jonas/Downloads/freiburg/rgbd_dataset_freiburg3_walking_xyz//rgb/1341846316.438069.png","t":[0.5130128264427185,-0.19382734596729279,0.2820730209350586]},{"R":[[0.8937671780586243,0.05454934015870094,-0.4452017545700073],[-0.00732856709510088,0.9942205548286438,0.10710658878087997],[0.4484713077545166,-0.09246566891670227,0.8890014290809631]],"file_name":"/home/jonas/Downloads/freiburg/rgbd_dataset_freiburg3_walking_xyz//rgb/1341846316.470076.png","t":[0.496599406003952,-0.22339174151420593,0.2845766842365265]},{"R":[[0.9021509289741516,0.05785517022013664,-0.42752373218536377],[-0.01327806618064642,0.9942213296890259,0.10652514547109604],[0.4312162399291992,-0.09042506664991379,0.8977059125900269]],"file_name":"/home/jonas/Downloads/freiburg/rgbd_dataset_freiburg3_walking_xyz//rgb/1341846316.502034.png","t":[0.4691048860549927,-0.2202340066432953,0.2603113055229187]},{"R":[[0.909278929233551,0.052345745265483856,-0.4128822386264801],[-0.012380857951939106,0.9950219392776489,0.09888415038585663],[0.4160030484199524,-0.08480143547058105,0.9054005742073059]],"file_name":"/home/jonas/Downloads/freiburg/rgbd_dataset_freiburg3_walking_xyz//rgb/1341846316.537975.png","t":[0.4472980201244354,-0.21537305414676666,0.2407456487417221]},{"R":[[0.9173434972763062,0.04422887787222862,-0.3956320881843567],[-0.005216133780777454,0.9950591921806335,0.09914606809616089],[0.39806246757507324,-0.08888732641935349,0.9130417704582214]],"file_name":"/home/jonas/Downloads/freiburg/rgbd_dataset_freiburg3_walking_xyz//rgb/1341846316.570121.png","t":[0.4068123996257782,-0.21788786351680756,0.23018912971019745]},{"R":[[0.9224328398704529,0.0405135378241539,-0.384026437997818],[-0.0023992389906197786,0.995063304901123,0.09921295940876007],[0.3861500918865204,-0.09059592336416245,0.9179763197898865]],"file_name":"/home/jonas/Downloads/freiburg/rgbd_dataset_freiburg3_walking_xyz//rgb/1341846316.601885.png","t":[0.3839361071586609,-0.20871321856975555,0.2129344344139099]},{"R":[[0.9283618330955505,0.04458628594875336,-0.3689937889575958],[-0.005726887844502926,0.9943768978118896,0.10574418306350708],[0.3716336190700531,-0.09605567157268524,0.9233968257904053]],"file_name":"/home/jonas/Downloads/freiburg/rgbd_dataset_freiburg3_walking_xyz//rgb/1341846316.638009.png","t":[0.35492753982543945,-0.2092975378036499,0.2028074562549591]},{"R":[[0.9339631795883179,0.042183708399534225,-0.35487082600593567],[-0.0035016187466681004,0.9940414428710938,0.10894659906625748],[0.357352077960968,-0.10050948709249496,0.9285458326339722]],"file_name":"/home/jonas/Downloads/freiburg/rgbd_dataset_freiburg3_walking_xyz//rgb/1341846316.669925.png","t":[0.3270658850669861,-0.2037268877029419,0.18945762515068054]},{"R":[[0.9367298483848572,0.04142283648252487,-0.34759366512298584],[-0.00041595680522732437,0.9931049942970276,0.11722763627767563],[0.3500528931617737,-0.10966604202985764,0.9302883148193359]],"file_name":"/home/jonas/Downloads/freiburg/rgbd_dataset_freiburg3_walking_xyz//rgb/1341846316.705941.png","t":[0.3126786947250366,-0.20258134603500366,0.1770293116569519]},{"R":[[0.9410550594329834,0.044061992317438126,-0.3353712856769562],[-0.004275517538189888,0.9929497241973877,0.1184592992067337],[0.3382263779640198,-0.11004283279180527,0.9346087574958801]],"file_name":"/home/jonas/Downloads/freiburg/rgbd_dataset_freiburg3_walking_xyz//rgb/1341846316.738062.png","t":[0.28924745321273804,-0.19324514269828796,0.17698660492897034]},{"R":[[0.9462026953697205,0.043480873107910156,-0.32063987851142883],[-0.0069902995601296425,0.993445873260498,0.11408954113721848],[0.32349908351898193,-0.1057104617357254,0.9403051137924194]],"file_name":"/home/jonas/Downloads/freiburg/rgbd_dataset_freiburg3_walking_xyz//rgb/1341846316.770433.png","t":[0.26126524806022644,-0.18940305709838867,0.167192280292511]},{"R":[[0.9479532241821289,0.04065871238708496,-0.3158029615879059],[-0.0056676981039345264,0.9938112497329712,0.1109374389052391],[0.3183591067790985,-0.10337363183498383,0.942317008972168]],"file_name":"/home/jonas/Downloads/freiburg/rgbd_dataset_freiburg3_walking_xyz//rgb/1341846316.805932.png","t":[0.2539055049419403,-0.1747775822877884,0.15341933071613312]},{"R":[[0.9530878067016602,0.04314352944493294,-0.2996034622192383],[-0.010133174248039722,0.9937830567359924,0.1108715608716011],[0.30252423882484436,-0.10263440012931824,0.9475997090339661]],"file_name":"/home/jonas/Downloads/freiburg/rgbd_dataset_freiburg3_walking_xyz//rgb/1341846316.838029.png","t":[0.22678901255130768,-0.16884145140647888,0.13369858264923096]},{"R":[[0.9558236598968506,0.046934179961681366,-0.2901693880558014],[-0.014365115202963352,0.9934490919113159,0.11336895823478699],[0.29358938336372375,-0.10419241338968277,0.9502363801002502]],"file_name":"/home/jonas/Downloads/freiburg/rgbd_dataset_freiburg3_walking_xyz//rgb/1341846316.870034.png","t":[0.22695307433605194,-0.1705179065465927,0.12572772800922394]},{"R":[[0.9601461887359619,0.04774467274546623,-0.27539020776748657],[-0.019621293991804123,0.9943850040435791,0.10398798435926437],[0.2788087725639343,-0.09444015473127365,0.9556917548179626]],"file_name":"/home/jonas/Downloads/freiburg/rgbd_dataset_freiburg3_walking_xyz//rgb/1341846316.906344.png","t":[0.21088692545890808,-0.1396619826555252,0.11886385083198547]},{"R":[[0.961358904838562,0.043559540063142776,-0.27183014154434204],[-0.01734832115471363,0.9950259327888489,0.09809400886297226],[0.2747509479522705,-0.0895877555012703,0.9573327302932739]],"file_name":"/home/jonas/Downloads/freiburg/rgbd_dataset_freiburg3_walking_xyz//rgb/1341846316.937940.png","t":[0.2123788595199585,-0.1268414556980133,0.12107496708631516]},{"R":[[0.9641963243484497,0.045126475393772125,-0.26132166385650635],[-0.01885915733873844,0.9945884943008423,0.10216659307479858],[0.2645179331302643,-0.09358035027980804,0.9598296880722046]],"file_name":"/home/jonas/Downloads/freiburg/rgbd_dataset_freiburg3_walking_xyz//rgb/1341846316.973994.png","t":[0.20002758502960205,-0.14160829782485962,0.1118488609790802]},{"R":[[0.9665220975875854,0.04722835123538971,-0.25219932198524475],[-0.0233931727707386,0.9950399994850159,0.0966857448220253],[0.2555147409439087,-0.08754916489124298,0.9628329873085022]],"file_name":"/home/jonas/Downloads/freiburg/rgbd_dataset_freiburg3_walking_xyz//rgb/1341846317.005913.png","t":[0.19788993895053864,-0.13306358456611633,0.10633371770381927]},{"R":[[0.9692354798316956,0.04533834755420685,-0.24192367494106293],[-0.025028003379702568,0.9959481358528137,0.08637688308954239],[0.24485962092876434,-0.07766467332839966,0.9664429426193237]],"file_name":"/home/jonas/Downloads/freiburg/rgbd_dataset_freiburg3_walking_xyz//rgb/1341846317.037936.png","t":[0.18855153024196625,-0.10424203425645828,0.08926335722208023]},{"R":[[0.9707096219062805,0.047963179647922516,-0.23541957139968872],[-0.027553441002964973,0.995629608631134,0.0892328992486],[0.23867058753967285,-0.0801326110959053,0.9677887558937073]],"file_name":"/home/jonas/Downloads/freiburg/rgbd_dataset_freiburg3_walking_xyz//rgb/1341846317.073972.png","t":[0.18686190247535706,-0.10339868813753128,0.08462318032979965]},{"R":[[0.9726572036743164,0.05857188254594803,-0.2247381955385208],[-0.03861783444881439,0.9949930906295776,0.092181496322155],[0.22901219129562378,-0.08098209649324417,0.9700491428375244]],"file_name":"/home/jonas/Downloads/freiburg/rgbd_dataset_freiburg3_walking_xyz//rgb/1341846317.106113.png","t":[0.17282454669475555,-0.09565979987382889,0.07709087431430817]},{"R":[[0.9777883887290955,0.06592516601085663,-0.19895657896995544],[-0.047544367611408234,0.9942651391029358,0.09579357504844666],[0.20413079857826233,-0.08420658111572266,0.975315272808075]],"file_name":"/home/jonas/Downloads/freiburg/rgbd_dataset_freiburg3_walking_xyz//rgb/1341846317.137887.png","t":[0.14841045439243317,-0.08799808472394943,0.06799666583538055]},{"R":[[0.9805115461349487,0.06875001639127731,-0.18403951823711395],[-0.0513443648815155,0.9938876628875732,0.09772930294275284],[0.18963350355625153,-0.08637531846761703,0.9780482649803162]],"file_name":"/home/jonas/Downloads/freiburg/rgbd_dataset_freiburg3_walking_xyz//rgb/1341846317.173970.png","t":[0.14938995242118835,-0.0890447199344635,0.07449951767921448]},{"R":[[0.9811920523643494,0.07435428351163864,-0.1781391203403473],[-0.05739285796880722,0.993475615978241,0.09855080395936966],[0.18430453538894653,-0.08647335320711136,0.979057788848877]],"file_name":"/home/jonas/Downloads/freiburg/rgbd_dataset_freiburg3_walking_xyz//rgb/1341846317.205887.png","t":[0.15500383079051971,-0.09075558185577393,0.07216805219650269]},{"R":[[0.984226405620575,0.07547741383314133,-0.1600048542022705],[-0.059924688190221786,0.9931915998458862,0.09989740699529648],[0.16645547747612,-0.08873341977596283,0.9820483326911926]],"file_name":"/home/jonas/Downloads/freiburg/rgbd_dataset_freiburg3_walking_xyz//rgb/1341846317.248131.png","t":[0.12889395654201508,-0.08671370893716812,0.08186371624469757]},{"R":[[0.985310971736908,0.08702855557203293,-0.14692962169647217],[-0.07161535322666168,0.9916631579399109,0.10712352395057678],[0.15502749383449554,-0.09502756595611572,0.983329176902771]],"file_name":"/home/jonas/Downloads/freiburg/rgbd_dataset_freiburg3_walking_xyz//rgb/1341846317.306289.png","t":[0.1429426670074463,-0.09456934779882431,0.09820108115673065]},{"R":[[0.9851032495498657,0.08830399811267853,-0.14756007492542267],[-0.0712953507900238,0.9905893802642822,0.11683187633752823],[0.15648816525936127,-0.10457111150026321,0.9821285009384155]],"file_name":"/home/jonas/Downloads/freiburg/rgbd_dataset_freiburg3_walking_xyz//rgb/1341846317.348137.png","t":[0.14559344947338104,-0.10876785963773727,0.11062756180763245]},{"R":[[0.9849539995193481,0.09984023123979568,-0.14105860888957977],[-0.08283466845750809,0.9891065955162048,0.12168203294277191],[0.15167076885700226,-0.1081666648387909,0.9824947714805603]],"file_name":"/home/jonas/Downloads/freiburg/rgbd_dataset_freiburg3_walking_xyz//rgb/1341846317.410120.png","t":[0.15000130236148834,-0.11256849765777588,0.1293567568063736]},{"R":[[0.9838575720