0 1 0 0 -0 0 1 0 -0 0 0 1 -0
1 0.999903 -0.0114697 -0.00784239 0.0110511 0.0114874 0.999932 0.00221694 -0.0011766 0.00781642 -0.00230681 0.999967 -0.00332728
2 0.999889 -0.00971839 -0.011269 0.0154538 0.00970917 0.999952 -0.000872773 0.000881368 0.0112769 0.000763264 0.999936 -0.00291791
3 0.999842 -0.0115882 -0.0134912 0.0211584 0.0115671 0.999932 -0.00163979 0.00468402 0.0135093 0.00148348 0.999908 -0.00542646
4 0.999796 -0.0142311 -0.0142995 0.0261814 0.0142319 0.999899 -5.18681e-05 0.00265831 0.0142988 -0.000151651 0.999898 -0.00158051
5 0.999845 -0.0102839 -0.0142668 0.0282339 0.010235 0.999942 -0.00349529 0.00662931 0.0143019 0.00334873 0.999892 -0.000168358
6 0.999933 -0.00653102 -0.00960458 0.0262059 0.00649198 0.999971 -0.00408993 0.00966184 0.00963101 0.0040273 0.999946 0.000792114
7 0.99999 -0.00283296 -0.00356677 0.0275877 0.00281163 0.999978 -0.00597121 0.0199421 0.00358361 0.00596112 0.999976 0.00128275
8 0.999969 -0.00384689 0.00693855 0.0134358 0.00387267 0.999986 -0.00370662 0.0162521 -0.0069242 0.00373337 0.999969 -0.000846719
9 0.999894 -0.00384092 0.0140591 -0.000488683 0.00384999 0.999992 -0.000617925 0.0190737 -0.0140566 0.000671987 0.999901 -0.00287562
10 0.999509 -0.00109389 0.0313147 -0.0169021 0.0010608 0.999999 0.00107305 0.0253873 -0.0313159 -0.00103931 0.999509 -0.00158703
11 0.998803 -0.00576178 0.0485733 -0.0283541 0.00526794 0.999933 0.0102888 0.00643245 -0.0486293 -0.0100206 0.998767 0.0100046
12 0.997998 -0.00901143 0.0625966 -0.0565647 0.00810272 0.999858 0.0147557 0.00824719 -0.0627207 -0.0142189 0.99793 0.00770908
13 0.997135 -0.0129295 0.0745266 -0.0671514 0.0114044 0.999718 0.0208525 0.00844421 -0.0747751 -0.0199428 0.997001 0.0125243
14 0.995468 -0.0107229 0.0944873 -0.0869232 0.00907181 0.999799 0.0178863 0.0114928 -0.0946601 -0.0169481 0.995365 0.0189384
15 0.993979 -0.0161434 0.108377 -0.102886 0.0135355 0.999602 0.0247564 0.00450091 -0.108733 -0.0231404 0.993802 0.0173705
16 0.991996 -0.0190186 0.124827 -0.124409 0.0156653 0.999491 0.0277901 0.00498261 -0.125292 -0.0256122 0.991789 0.0148461
17 0.990438 -0.0192259 0.136615 -0.131098 0.0158253 0.999538 0.0259349 0.00939998 -0.137051 -0.0235249 0.990285 0.0164569
18 0.989025 -0.024488 0.145707 -0.143072 0.0199394 0.99927 0.0325969 0.00873003 -0.146399 -0.0293338 0.988791 0.0166567
19 0.987796 -0.0292907 0.152974 -0.147595 0.024323 0.999117 0.0342455 0.0130577 -0.153843 -0.0301068 0.987637 0.0185543
20 0.986675 -0.0251567 0.160749 -0.158218 0.0206491 0.999347 0.0296506 0.017648 -0.16139 -0.0259362 0.98655 0.0174131
21 0.985417 -0.0199907 0.168978 -0.168911 0.0154029 0.999477 0.0284181 0.02792 -0.169458 -0.0254009 0.98521 0.015279
22 0.983932 -0.0185323 0.177576 -0.168994 0.0135785 0.999485 0.0290712 0.0296483 -0.178024 -0.0261928 0.983678 0.0245819
23 0.982472 -0.0194912 0.185389 -0.172753 0.0140603 0.999434 0.0305646 0.0169737 -0.18588 -0.0274223 0.98219 0.0259643
24 0.980887 -0.0127638 0.194158 -0.181973 0.00739341 0.99957 0.0283595 0.0254205 -0.194436 -0.026382 0.98056 0.021545
25 0.976043 -0.000209287 0.217577 -0.183988 -0.00510973 0.999702 0.0238837 0.0255003 -0.217517 -0.0244232 0.975751 0.0160131
26 0.973626 0.0036115 0.228121 -0.199619 -0.00888588 0.999716 0.0220981 0.0300282 -0.227976 -0.0235424 0.973382 0.00599629
27 0.971872 0.00342224 0.235484 -0.198118 -0.00909282 0.999694 0.0229988 0.0338148 -0.235333 -0.0244931 0.971606 0.00662515
28 0.969736 0.00467393 0.244113 -0.187634 -0.00993655 0.999744 0.0203311 0.0315837 -0.243956 -0.0221414 0.969534 0.014402
29 0.965665 0.00132055 0.259788 -0.21327 -0.00706492 0.999751 0.0211793 0.0306431 -0.259695 -0.0222875 0.965433 0.000566108
30 0.958809 0.00702999 0.283966 -0.272414 -0.0124338 0.999774 0.0172318 0.0482714 -0.283781 -0.0200527 0.958679 -0.0150888
31 0.958441 0.00938382 0.285135 -0.239871 -0.0143614 0.999779 0.0153712 0.0486481 -0.284928 -0.0188273 0.958364 0.000220348
32 0.954699 0.00270593 0.297561 -0.259839 -0.00550231 0.999948 0.00856049 0.043526 -0.297522 -0.00980996 0.954665 0.00423824
33 0.954194 -0.00522459 0.299144 -0.26166 0.00497789 0.999986 0.00158668 0.0453489 -0.299148 -2.48912e-05 0.954207 -0.00151964
34 0.951296 -0.00173841 0.308275 -0.26889 0.00518569 0.999933 -0.0103636 0.06038 -0.308236 0.0114575 0.951241 -0.00505627
35 0.947459 -0.00434562 0.319849 -0.274094 0.00889638 0.999879 -0.0127681 0.0584521 -0.319755 0.0149427 0.947382 -0.0106823
36 0.94394 -0.0063907 0.330055 -0.281893 0.0116866 0.999833 -0.0140639 0.0627133 -0.32991 0.0171327 0.943857 -0.0182749
37 0.937892 -0.00550558 0.346885 -0.303501 0.0126835 0.99975 -0.0184256 0.0741072 -0.346697 0.0216809 0.937727 -0.0213434
38 0.934682 -0.0129278 0.355251 -0.308799 0.0204536 0.999639 -0.0174368 0.0746522 -0.354897 0.023564 0.934608 -0.0202871
39 0.93305 -0.0244268 0.358917 -0.316525 0.0288339 0.99956 -0.0069303 0.0685047 -0.358589 0.0168153 0.933344 -0.0263473
40 0.927289 -0.02544 0.373482 -0.351982 0.0295697 0.999548 -0.00533148 0.0815197 -0.373177 0.0159876 0.927622 -0.0301313
41 0.921175 -0.0180432 0.388731 -0.370356 0.0238742 0.999663 -0.0101745 0.0921236 -0.388416 0.0186531 0.921295 -0.031932
42 0.917317 -0.0243312 0.397414 -0.384568 0.0305704 0.999489 -0.00937052 0.0948632 -0.396983 0.0207449 0.917591 -0.0321161
43 0.9173 -0.0246553 0.397434 -0.387475 0.0319744 0.999419 -0.0117986 0.101946 -0.396912 0.0235306 0.917555 -0.0322954
44 0.913903 -0.0142555 0.405682 -0.404825 0.0273192 0.999277 -0.0264292 0.127417 -0.405012 0.0352366 0.913632 -0.0297116
45 0.910381 -0.028057 0.412819 -0.428692 0.0368967 0.999228 -0.0134557 0.113689 -0.412123 0.0274814 0.910714 -0.0395305
46 0.911754 -0.0224941 0.41012 -0.429335 0.0267645 0.999631 -0.00467394 0.123836 -0.409864 0.0152382 0.912019 -0.0348505
47 0.909643 -0.013989 0.415156 -0.444574 0.0177741 0.999828 -0.00525463 0.140852 -0.415011 0.0121589 0.909735 -0.0361421
48 0.911594 -0.0243423 0.410369 -0.442995 0.0234165 0.999699 0.00728285 0.126245 -0.410423 0.00297041 0.91189 -0.0376949
49 0.910917 -0.0256594 0.411792 -0.463503 0.0271077 0.99963 0.00232414 0.147343 -0.411699 0.00904562 0.911275 -0.0324713
50 0.910084 -0.0180618 0.41403 -0.474185 0.0285866 0.999406 -0.019238 0.182968 -0.413437 0.0293439 0.91006 -0.0370238
51 0.906891 -0.0178725 0.420987 -0.498114 0.0341785 0.998928 -0.0312191 0.192265 -0.419978 0.042701 0.906529 -0.0394318
52 0.904932 -0.0204623 0.425065 -0.504704 0.0418575 0.99828 -0.0410551 0.203763 -0.423494 0.0549442 0.904231 -0.0330206
53 0.898079 -0.0212899 0.439318 -0.53363 0.0473539 0.997702 -0.0484537 0.211111 -0.437277 0.0643187 0.897024 -0.0261007
54 0.890944 -0.021032 0.453627 -0.552371 0.0497767 0.997431 -0.0515186 0.217912 -0.451378 0.0684801 0.889701 -0.0219072
55 0.887985 -0.0289734 0.458958 -0.552045 0.0581794 0.997072 -0.0496208 0.218709 -0.456177 0.0707645 0.887071 -0.022406
56 0.882861 -0.0316102 0.46857 -0.570028 0.0608283 0.997025 -0.04735 0.21347 -0.465679 0.0703058 0.882156 -0.0148463
57 0.879677 -0.03497 0.474285 -0.579399 0.0635006 0.997 -0.0442665 0.211747 -0.471314 0.0690576 0.879258 -0.0140988
58 0.879309 -0.0332737 0.475088 -0.570918 0.0620527 0.997057 -0.0450184 0.213232 -0.472192 0.0690655 0.878786 -0.0110015
59 0.875727 -0.0301347 0.481865 -0.583814 0.0602262 0.997073 -0.0470986 0.217735 -0.479035 0.0702664 0.874979 -0.00813727
60 0.871 -0.028435 0.490459 -0.60143 0.0587976 0.997181 -0.046605 0.22312 -0.487751 0.0694308 0.870217 -0.00682132
61 0.866995 -0.0283997 0.497508 -0.604707 0.0528252 0.997987 -0.0350882 0.224229 -0.49551 0.0567022 0.86675 -0.00776148
62 0.865466 -0.0353105 0.499722 -0.597727 0.0575215 0.99792 -0.0291079 0.217198 -0.497654 0.0539366 0.865697 -0.00716434
63 0.864583 -0.0353297 0.501247 -0.618951 0.0584825 0.997821 -0.0305444 0.219844 -0.499075 0.0557223 0.864765 -0.00582052
64 0.867394 -0.0340723 0.496454 -0.606374 0.0563349 0.997963 -0.0299355 0.224221 -0.494423 0.0539336 0.867546 -0.00923811
65 0.866626 -0.0281596 0.498163 -0.599338 0.0541985 0.997811 -0.0378828 0.236063 -0.496006 0.0598299 0.866255 -0.00859795
66 0.866078 -0.02475 0.499295 -0.598019 0.0535558 0.997619 -0.0434461 0.23731 -0.497031 0.0643679 0.865342 -0.00997666
67 0.865776 -0.0242411 0.499845 -0.599274 0.053791 0.997547 -0.0447924 0.234702 -0.497533 0.0656673 0.864956 -0.0102251
68 0.865417 -0.0199559 0.500655 -0.595103 0.0540787 0.99709 -0.0537351 0.241871 -0.498126 0.0735781 0.863977 -0.0112549
69 0.86673 -0.0173032 0.498478 -0.584103 0.0527734 0.99697 -0.057153 0.233129 -0.495979 0.0758426 0.865016 -0.0167472
70 0.866502 -0.0120651 0.499027 -0.599765 0.0522446 0.996409 -0.0666263 0.236955 -0.496431 0.0838034 0.864021 -0.0234949
71 0.866162 -0.0117892 0.499625 -0.606006 0.0546249 0.995965 -0.0711982 0.237992 -0.496769 0.0889611 0.863311 -0.0164868
72 0.870533 -0.0163464 0.491839 -0.596095 0.0598128 0.995553 -0.0727784 0.239273 -0.488462 0.0927743 0.867639 -0.0219689
73 0.874611 -0.0162123 0.484554 -0.596534 0.0524932 0.996732 -0.0614005 0.210141 -0.481975 0.0791374 0.872604 -0.025391
74 0.875553 -0.00353989 0.483109 -0.623663 0.0394844 0.997152 -0.0642523 0.207219 -0.481506 0.0753315 0.873199 -0.00194271
75 0.879437 -0.0025813 0.476008 -0.611132 0.0375129 0.997251 -0.0638983 0.205855 -0.474534 0.074051 0.877117 -0.00316312
76 0.878236 0.00174254 0.478224 -0.617253 0.0312537 0.997646 -0.0610312 0.202365 -0.477204 0.0685461 0.876115 -0.00539714
77 0.874311 0.00590397 0.48533 -0.638771 0.0285109 0.997575 -0.0634971 0.203621 -0.484527 0.0693534 0.872023 0.0048544
78 0.875043 0.0033844 0.484033 -0.644989 0.0330887 0.997218 -0.0667911 0.205985 -0.482912 0.0744611 0.872497 0.00695471
79 0.88006 0.00312954 0.474851 -0.631088 0.034441 0.996924 -0.0704011 0.202266 -0.473611 0.0783115 0.877246 -0.00128445
80 0.883111 -0.00138483 0.469162 -0.620932 0.039252 0.996708 -0.0709427 0.197551 -0.467519 0.0810658 0.880258 0.000356839
81 0.889756 -0.0054034 0.456404 -0.586243 0.0435513 0.996373 -0.0731068 0.191403 -0.454353 0.0849243 0.886764 -0.000582489
82 0.893767 -0.00732857 0.448471 -0.573106 0.0545493 0.994221 -0.0924657 0.221325 -0.445202 0.107107 0.889001 -0.00797542
83 0.902151 -0.0132781 0.431216 -0.538378 0.0578552 0.994221 -0.0904251 0.21536 -0.427524 0.106525 0.897706 -0.00966907
84 0.909279 -0.0123809 0.416003 -0.509536 0.0523457 0.995022 -0.0848014 0.211302 -0.412882 0.0988842 0.905401 -0.0119929
85 0.917343 -0.00521613 0.398062 -0.465953 0.0442289 0.995059 -0.0888873 0.219279 -0.395632 0.0991461 0.913042 -0.0276215
86 0.922433 -0.00239924 0.38615 -0.436881 0.0405135 0.995063 -0.0905959 0.211419 -0.384026 0.099213 0.917976 -0.0273201
87 0.928362 -0.00572689 0.371634 -0.40607 0.0445863 0.994377 -0.0960557 0.211777 -0.368994 0.105744 0.923397 -0.0341737
88 0.933963 -0.00350162 0.357352 -0.373884 0.0421837 0.994041 -0.100509 0.207758 -0.354871 0.108947 0.928546 -0.0376586
89 0.93673 -0.000415957 0.350053 -0.354949 0.0414228 0.993105 -0.109666 0.207647 -0.347594 0.117228 0.930288 -0.032255
90 0.941055 -0.00427552 0.338226 -0.332886 0.044062 0.99295 -0.110043 0.198614 -0.335371 0.118459 0.934609 -0.0455163
91 0.946203 -0.0069903 0.323499 -0.30262 0.0434809 0.993446 -0.10571 0.194476 -0.32064 0.11409 0.940305 -0.0518308
92 0.947953 -0.0056677 0.318359 -0.290524 0.0406587 0.993811 -0.103374 0.179232 -0.315803 0.110937 0.942317 -0.0449962
93 0.953088 -0.0101332 0.302524 -0.258308 0.0431435 0.993783 -0.102634 0.171729 -0.299603 0.110872 0.9476 -0.0400262
94 0.955824 -0.0143651 0.293589 -0.256289 0.0469342 0.993449 -0.104192 0.171849 -0.290169 0.113369 0.950236 -0.0342848
95 0.960146 -0.0196213 0.278809 -0.238363 0.0477447 0.994385 -0.0944402 0.140035 -0.27539 0.103988 0.955692 -0.0409978
96 0.961359 -0.0173483 0.274751 -0.239638 0.0435595 0.995026 -0.0895878 0.127806 -0.27183 0.098094 0.957333 -0.0457357
97 0.964196 -0.0188592 0.264518 -0.225123 0.0451265 0.994588 -0.0935804 0.142282 -0.261322 0.102167 0.95983 -0.0406167
98 0.966522 -0.0233932 0.255515 -0.221548 0.0472284 0.99504 -0.0875492 0.132367 -0.252199 0.0966857 0.962833 -0.0396086
99 0.969235 -0.025028 0.24486 -0.207217 0.0453383 0.995948 -0.0776647 0.102204 -0.241924 0.0863769 0.966443 -0.0316488
100 0.97071 -0.0275534 0.238671 -0.204435 0.0479632 0.99563 -0.0801326 0.100765 -0.23542 0.0892329 0.967789 -0.0286798
101 0.972657 -0.0386178 0.229012 -0.189448 0.0585719 0.994993 -0.0809821 0.0913012 -0.224738 0.0921815 0.970049 -0.0271236
102 0.977788 -0.0475444 0.204131 -0.163178 0.0659252 0.994265 -0.0842066 0.0834352 -0.198957 0.0957936 0.975315 -0.0283613
103 0.980512 -0.0513444 0.189634 -0.165178 0.06875 0.993888 -0.0863753 0.0846648 -0.18404 0.0977293 0.978048 -0.0366682
104 0.981192 -0.0573929 0.184305 -0.170598 0.0743543 0.993476 -0.0864734 0.0848789 -0.178139 0.0985508 0.979058 -0.0341004
105 0.984226 -0.0599247 0.166455 -0.145684 0.0754774 0.993192 -0.0887334 0.0836588 -0.160005 0.0998974 0.982048 -0.051108
106 0.985311 -0.0716154 0.155027 -0.162839 0.0870286 0.991663 -0.0950276 0.0906727 -0.14693 0.107124 0.983329 -0.0654309
107 0.985103 -0.0712954 0.156488 -0.168491 0.088304 0.990589 -0.104571 0.106456 -0.14756 0.116832 0.982129 -0.0744591
108 0.984954 -0.0828347 0.151671 -0.176689 0.0998402 0.989107 -0.108167 0.110358 -0.141059 0.121682 0.982495 -0.0922358
109 0.983858 -0.0856042 0.15715 -0.192332 0.104146 0.988028 -0.113814 0.108081 -0.145526 0.128344 0.980994 -0.084235
110 0.983006 -0.0878434 0.161191 -0.206538 0.10855 0.986264 -0.124503 0.10693 -0.14804 0.139885 0.979038 -0.0821021
111 0.983442 -0.0961875 0.153588 -0.204562 0.115855 0.985407 -0.1247 0.0999855 -0.139352 0.14043 0.980235 -0.0837064
112 0.984466 -0.0993794 0.144746 -0.201919 0.117339 0.985652 -0.121332 0.0959515 -0.130611 0.136431 0.982002 -0.083539
113 0.984332 -0.0975183 0.146902 -0.204267 0.116004 0.9856 -0.123027 0.0973351 -0.132789 0.138141 0.98147 -0.0826586
114 0.984111 -0.0988202 0.147513 -0.203225 0.118193 0.984586 -0.128921 0.0969285 -0.132499 0.144308 0.980622 -0.083115
115 0.984412 -0.105327 0.140853 -0.194718 0.123935 0.983657 -0.130613 0.0935309 -0.124794 0.146034 0.981377 -0.0865344
116 0.985192 -0.109755 0.131719 -0.193474 0.127285 0.982906 -0.133018 0.09264 -0.114868 0.147814 0.982322 -0.0836983
117 0.986459 -0.109041 0.12251 -0.186277 0.125938 0.982121 -0.139921 0.0966872 -0.105063 0.153455 0.982554 -0.0880154
118 0.987254 -0.108284 0.116636 -0.181349 0.123751 0.98312 -0.134758 0.0879038 -0.100075 0.147475 0.98399 -0.0904825
119 0.988093 -0.109911 0.107665 -0.17103 0.123365 0.984134 -0.127519 0.0769501 -0.0919408 0.139283 0.985975 -0.0904752
120 0.989422 -0.107442 0.097469 -0.158806 0.119372 0.984795 -0.126208 0.0728089 -0.0824269 0.136508 0.987204 -0.0899623
121 0.990625 -0.103698 0.0889338 -0.147713 0.114225 0.98583 -0.122851 0.0683379 -0.0749341 0.131858 0.988432 -0.0909925
122 0.992173 -0.09725 0.0783283 -0.126451 0.105918 0.987655 -0.115408 0.0616591 -0.0661379 0.122801 0.990225 -0.0854489
123 0.992877 -0.0904744 0.0775186 -0.119213 0.098956 0.988581 -0.11365 0.0583579 -0.066351 0.120511 0.990492 -0.0766623
124 0.993034 -0.0981227 0.0652317 -0.0860843 0.105298 0.987461 -0.117616 0.0623952 -0.0528729 0.123665 0.990914 -0.0738458
125 0.99412 -0.0982933 0.0454197 -0.0456292 0.103166 0.987199 -0.121637 0.0598146 -0.0328821 0.125608 0.991535 -0.0691257
126 0.99467 -0.0950257 0.0400311 -0.0313101 0.0993174 0.987276 -0.124189 0.0551352 -0.0277206 0.127502 0.991451 -0.0648995
127 0.994889 -0.0941948 0.0363716 -0.0212965 0.0979565 0.987765 -0.121344 0.0475422 -0.0244966 0.124287 0.991944 -0.0642263
128 0.995632 -0.0904961 0.0229752 0.00352403 0.0926031 0.988535 -0.119259 0.0441431 -0.0119193 0.120866 0.992597 -0.0600064
129 0.996514 -0.0831328 -0.00691714 0.0573145 0.08176 0.98978 -0.11684 0.0384242 0.0165597 0.115867 0.993127 -0.0541259
130 0.996905 -0.0766261 -0.0175577 0.0695472 0.0742065 0.990985 -0.111544 0.0276793 0.0259466 0.109896 0.993604 -0.0532078
131 0.997261 -0.0716436 -0.0183809 0.0680564 0.069174 0.991395 -0.11113 0.0287469 0.0261845 0.109554 0.993636 -0.0490859
132 0.997066 -0.0693731 -0.0323616 0.0914866 0.0654003 0.991682 -0.110861 0.0243004 0.0397831 0.108419 0.993309 -0.049812
133 0.995926 -0.0728074 -0.0531947 0.113056 0.0660162 0.990595 -0.119849 0.029278 0.0614204 0.11585 0.991366 -0.0457339
134 0.995111 -0.0746491 -0.0646685 0.115821 0.0660834 0.989859 -0.125744 0.0274684 0.0733994 0.120856 0.989953 -0.049769
135 0.993183 -0.0779821 -0.0866395 0.131338 0.0661883 0.989101 -0.131524 0.0329138 0.0959517 0.124892 0.98752 -0.0476707
136 0.991133 -0.0769606 -0.108317 0.135212 0.0617682 0.988612 -0.137225 0.0364907 0.117645 0.129317 0.9846 -0.0355066
137 0.988885 -0.0788314 -0.126061 0.138664 0.0606573 0.988004 -0.142015 0.0381869 0.135744 0.13279 0.981805 -0.0328822
138 0.9863 -0.0842708 -0.141815 0.141466 0.0632381 0.987145 -0.146782 0.0402751 0.152361 0.135803 0.97895 -0.0371991
139 0.983504 -0.0860383 -0.159113 0.150639 0.0618593 0.986578 -0.151117 0.0395088 0.169979 0.138782 0.975626 -0.0445539
140 0.982534 -0.0850771 -0.165497 0.149566 0.0599772 0.98669 -0.151151 0.0345082 0.176154 0.138585 0.974558 -0.0446717
141 0.981842 -0.0871727 -0.168483 0.145651 0.0617842 0.986684 -0.150457 0.0316818 0.179355 0.137316 0.974154 -0.0446491
142 0.981527 -0.0851369 -0.171335 0.138937 0.05896 0.98655 -0.152456 0.0254343 0.18201 0.139537 0.973346 -0.0354007
143 0.98147 -0.0833167 -0.172555 0.134398 0.0568824 0.986613 -0.152837 0.0221052 0.182979 0.14019 0.97307 -0.0431528
144 0.981151 -0.0832699 -0.174381 0.128149 0.0574672 0.987299 -0.148115 0.0104406 0.184499 0.135302 0.973475 -0.0389546
145 0.981681 -0.0770813 -0.174246 0.117944 0.0520659 0.988232 -0.143832 0.00213069 0.183282 0.132124 0.974141 -0.0454198
146 0.981738 -0.0757516 -0.174505 0.106497 0.0508484 0.988416 -0.143 -0.00018 0.183316 0.131515 0.974217 -0.0495028
147 0.981938 -0.0715773 -0.175142 0.0929746 0.0468265 0.988819 -0.141578 -0.0014375 0.183317 0.13082 0.974311 -0.0495627
148 0.98124 -0.0767041 -0.176874 0.0930534 0.0499351 0.987254 -0.151114 0.0174925 0.186211 0.139447 0.972564 -0.0592256
149 0.9816 -0.0794697 -0.173624 0.0702422 0.0531756 0.987077 -0.151163 0.0103195 0.183393 0.139149 0.973142 -0.0659816
150 0.979244 -0.0807565 -0.185903 0.0654586 0.0521759 0.986724 -0.153797 0.0174796 0.195855 0.140906 0.970457 -0.0787914
151 0.977813 -0.0761397 -0.195154 0.0456272 0.04599 0.986904 -0.154611 0.0148617 0.20437 0.142206 0.968509 -0.0752876
152 0.975331 -0.072213 -0.208601 0.0343761 0.0387372 0.986305 -0.160318 0.0137557 0.217321 0.148283 0.964771 -0.0938769
153 0.96929 -0.0750509 -0.234188 0.0220052 0.0359504 0.985307 -0.166967 0.0151072 0.243278 0.15342 0.957746 -0.0924917
154 0.965955 -0.0705158 -0.248913 0.00559187 0.027933 0.984939 -0.170629 0.0113479 0.257196 0.157867 0.953377 -0.0865241
155 0.964058 -0.0680071 -0.256841 0.00140632 0.0235098 0.98473 -0.172495 0.00978705 0.26465 0.160257 0.950935 -0.089111
156 0.961446 -0.0675448 -0.266568 -0.0184612 0.0217554 0.98501 -0.171122 0.00753866 0.274131 0.158725 0.948503 -0.0834798
157 0.957723 -0.0663852 -0.279928 -0.0214171 0.0171852 0.984476 -0.174674 0.00337349 0.287178 0.162479 0.943997 -0.0739685
158 0.959291 -0.0644256 -0.274974 -0.0327052 0.0127802 0.982538 -0.18562 0.0083961 0.282131 0.17455 0.943363 -0.0972041
159 0.959819 -0.0762724 -0.270057 -0.0548904 0.0241546 0.981238 -0.191283 0.010727 0.27958 0.177074 0.943653 -0.107793
160 0.958551 -0.0872665 -0.271228 -0.081376 0.0340958 0.980233 -0.194888 0.0095016 0.282874 0.177562 0.942578 -0.115755
161 0.957284 -0.0919932 -0.274124 -0.0793721 0.0373755 0.979454 -0.198174 0.0154753 0.286722 0.179463 0.941054 -0.138547
162 0.961539 -0.0873403 -0.26041 -0.108925 0.037012 0.980649 -0.192242 0.0186551 0.272162 0.17521 0.946166 -0.146406
163 0.96633 -0.0838 -0.243279 -0.148675 0.0393132 0.982463 -0.182264 0.0284029 0.254286 0.166563 0.952678 -0.15831
164 0.968758 -0.0916617 -0.230448 -0.181799 0.0508328 0.982853 -0.177243 0.0239564 0.242743 0.159991 0.956806 -0.160351
165 0.969629 -0.0999346 -0.223232 -0.214659 0.0602717 0.9822 -0.177907 0.0186188 0.237038 0.159049 0.958393 -0.17263
166 0.969667 -0.112429 -0.217038 -0.235221 0.0739203 0.981242 -0.178043 0.00850631 0.232984 0.156599 0.959789 -0.179297
167 0.966229 -0.131824 -0.221414 -0.252315 0.0917865 0.97895 -0.182294 0.00544941 0.240785 0.155815 0.95799 -0.176225
168 0.964223 -0.133535 -0.229005 -0.255394 0.0913992 0.978355 -0.185653 0.0110535 0.248839 0.15808 0.955557 -0.200746
169 0.963256 -0.127958 -0.236144 -0.248461 0.0846628 0.979054 -0.185165 0.00939518 0.254891 0.158369 0.953913 -0.203777
170 0.962734 -0.128607 -0.237915 -0.252124 0.0855162 0.979324 -0.183336 0.0137767 0.256574 0.156158 0.953826 -0.213406
171 0.958542 -0.129953 -0.253593 -0.249685 0.0873906 0.981133 -0.172456 0.00983349 0.27122 0.143145 0.951814 -0.208164
172 0.960515 -0.122078 -0.250016 -0.267755 0.0805245 0.982116 -0.170188 0.00223039 0.266321 0.143336 0.953167 -0.219416
173 0.960741 -0.117653 -0.251264 -0.291242 0.0767024 0.982971 -0.166988 0.00168448 0.266632 0.14116 0.953405 -0.243055
174 0.957822 -0.114446 -0.263588 -0.29271 0.0722722 0.983726 -0.164498 -0.00698597 0.278125 0.13851 0.950506 -0.229513
175 0.9556 -0.119312 -0.26943 -0.301436 0.0755326 0.982991 -0.167404 -0.00929167 0.28482 0.139621 0.948358 -0.235
176 0.953623 -0.122049 -0.275148 -0.311167 0.0764248 0.982327 -0.170859 -0.00153702 0.291139 0.141907 0.946098 -0.249257
177 0.95275 -0.118781 -0.279567 -0.319906 0.0736176 0.983228 -0.166863 0.0114761 0.294699 0.138398 0.945515 -0.263316
178 0.951474 -0.125245 -0.281088 -0.318908 0.0834149 0.984201 -0.156176 -0.000916092 0.296207 0.12515 0.946889 -0.257851
179 0.950821 -0.132679 -0.279884 -0.331078 0.0932419 0.984303 -0.149847 -0.00432272 0.295373 0.116381 0.948267 -0.270631
180 0.949232 -0.13839 -0.2825 -0.331396 0.101351 0.984689 -0.141826 -0.00221014 0.297802 0.105994 0.948725 -0.269479
181 0.946766 -0.149017 -0.285356 -0.328158 0.11394 0.984149 -0.135902 -0.00697265 0.301085 0.0961539 0.948737 -0.262876
182 0.945594 -0.149324 -0.289059 -0.350467 0.11534 0.984607 -0.131323 -0.0258617 0.304219 0.0908385 0.948261 -0.274356
183 0.941571 -0.141758 -0.305531 -0.339422 0.104095 0.985183 -0.136302 -0.0160718 0.320325 0.096534 0.942376 -0.258628
184 0.941886 -0.128918 -0.310211 -0.347118 0.0885942 0.986067 -0.140796 -0.0154381 0.324039 0.105131 0.940184 -0.254913
185 0.940016 -0.129363 -0.315651 -0.353746 0.0876378 0.98583 -0.143035 -0.0228806 0.329682 0.106792 0.938033 -0.255478
186 0.932336 -0.138608 -0.333971 -0.323575 0.090083 0.983527 -0.156713 -0.00835317 0.350191 0.116024 0.929465 -0.244161
187 0.93374 -0.138438 -0.330097 -0.317628 0.0893468 0.983134 -0.159579 -0.00349296 0.346622 0.119512 0.93036 -0.237297
188 0.935384 -0.138571 -0.325354 -0.311902 0.0903274 0.983132 -0.159036 -0.00786457 0.341904 0.119371 0.932122 -0.233722
189 0.937528 -0.135602 -0.320394 -0.29715 0.0856229 0.982521 -0.165291 -0.00284768 0.337208 0.127532 0.932752 -0.213529
190 0.938698 -0.139194 -0.315389 -0.286245 0.0873414 0.981038 -0.173018 -0.00389435 0.333492 0.134865 0.933057 -0.212551
191 0.938958 -0.145792 -0.311612 -0.283783 0.0926255 0.979452 -0.179147 -0.0137401 0.331327 0.139349 0.933169 -0.219309
192 0.936371 -0.148214 -0.318184 -0.257652 0.0911942 0.978074 -0.187228 -0.0282953 0.338958 0.146298 0.929357 -0.212321
193 0.932717 -0.15543 -0.325392 -0.215213 0.0913112 0.974732 -0.203861 -0.0293635 0.348856 0.160433 0.923342 -0.21999
194 0.93319 -0.153517 -0.324944 -0.199883 0.082928 0.971755 -0.220941 0.00211537 0.349684 0.179233 0.919563 -0.188598
195 0.932663 -0.1502 -0.327993 -0.13967 0.0767525 0.971004 -0.226409 0.0096835 0.352489 0.185989 0.917147 -0.160322
196 0.936649 -0.142064 -0.320166 -0.10261 0.0693362 0.97117 -0.228082 0.00428423 0.343338 0.191434 0.919496 -0.165141
197 0.938769 -0.13497 -0.317011 -0.0463014 0.0618865 0.971169 -0.230218 0.00296491 0.338944 0.196503 0.920056 -0.13695
198 0.941311 -0.12905 -0.311896 0.0113937 0.0542133 0.969834 -0.237661 0.00836483 0.333157 0.206804 0.919912 -0.111937
199 0.945308 -0.124618 -0.301435 0.0591626 0.049752 0.968414 -0.244334 0.0144103 0.322362 0.215974 0.92165 -0.116127
200 0.945593 -0.116201 -0.303893 0.111818 0.039587 0.968198 -0.247034 0.0200991 0.322934 0.221563 0.920121 -0.0853304
201 0.94587 -0.108147 -0.305997 0.167326 0.029551 0.967629 -0.25064 0.0277184 0.323198 0.22803 0.918447 -0.0538913
202 0.948775 -0.105491 -0.297822 0.201814 0.0264786 0.965847 -0.257757 0.0326706 0.314842 0.236668 0.919164 -0.030806
203 0.947928 -0.104544 -0.300838 0.24008 0.0243216 0.965593 -0.258918 0.0396909 0.317555 0.238118 0.917855 -0.0134572
204 0.949563 -0.0959356 -0.298539 0.269435 0.015591 0.965317 -0.260615 0.0481576 0.313187 0.242816 0.918126 -0.00561716
205 0.953581 -0.0928103 -0.286479 0.278441 0.0140539 0.964001 -0.265526 0.0546341 0.30081 0.249174 0.920557 -0.00600784
206 0.954338 -0.0984514 -0.282038 0.278938 0.0212648 0.964125 -0.264594 0.0764596 0.29797 0.246515 0.922195 -0.012763
207 0.954371 -0.0811862 -0.287375 0.284493 0.0072689 0.968365 -0.249433 0.0631515 0.298534 0.235963 0.92477 0.00123262
208 0.960085 -0.0639234 -0.272306 0.303006 -0.00793598 0.966918 -0.254963 0.0635359 0.279596 0.246947 0.927816 0.0221756
209 0.963757 -0.0687582 -0.257768 0.324069 0.00243875 0.968446 -0.24921 0.0586004 0.26677 0.239549 0.933515 0.000919006
210 0.958797 -0.081935 -0.272019 0.347796 0.0162969 0.971793 -0.235272 0.0517288 0.283623 0.221146 0.933088 0.0307561
211 0.957424 -0.0768293 -0.278276 0.385718 0.0103134 0.972424 -0.232993 0.0318964 0.288503 0.220203 0.931814 0.0365368
212 0.956311 -0.0800269 -0.281184 0.440641 0.0134542 0.972833 -0.231117 0.0451012 0.292041 0.217237 0.931408 0.0317915
213 0.954709 -0.0743219 -0.288111 0.464378 0.00915999 0.975184 -0.221208 0.0464548 0.297401 0.20855 0.931697 0.0480563
214 0.954389 -0.0667647 -0.291005 0.490905 0.00250895 0.976436 -0.215793 0.0414769 0.298555 0.205221 0.932067 0.0532088
215 0.955661 -0.0612106 -0.288039 0.50861 -0.00352212 0.975711 -0.219033 0.0527735 0.29445 0.210335 0.932233 0.0630063
216 0.954541 -0.065732 -0.290741 0.531047 0.00089671 0.976012 -0.217717 0.0610957 0.298078 0.207559 0.931702 0.0923759
217 0.953749 -0.0669262 -0.293058 0.562668 0.00236297 0.97654 -0.215324 0.0444634 0.300594 0.204673 0.931532 0.100536
218 0.953375 -0.0691473 -0.293759 0.600181 0.00254337 0.975203 -0.221296 0.0483129 0.301777 0.210231 0.92991 0.119934
219 0.952289 -0.0685993 -0.297389 0.635437 0.000539806 0.974789 -0.223128 0.0527218 0.305198 0.212322 0.928318 0.146017
220 0.954368 -0.0649312 -0.291488 0.630124 -0.00146382 0.975047 -0.221992 0.0487925 0.298628 0.212289 0.930459 0.138994
221 0.954458 -0.0546925 -0.293288 0.658989 -0.0130878 0.974431 -0.224304 0.0576856 0.298057 0.217928 0.929338 0.146057
222 0.956076 -0.0441836 -0.289768 0.672887 -0.023594 0.973766 -0.226326 0.0705621 0.292166 0.223222 0.929952 0.16908
223 0.958174 -0.0348223 -0.28406 0.672535 -0.0327879 0.972677 -0.229837 0.0769986 0.284302 0.229537 0.930852 0.195432
224 0.957848 -0.0253919 -0.286153 0.702672 -0.0425199 0.972584 -0.228631 0.062782 0.284113 0.231161 0.930508 0.197548
225 0.960107 -0.0231478 -0.278674 0.71158 -0.0454755 0.970377 -0.237279 0.0762443 0.275911 0.240486 0.930613 0.217418
226 0.962104 -0.0221018 -0.271786 0.715607 -0.0457494 0.969498 -0.24079 0.073776 0.268818 0.244099 0.931747 0.234666
227 0.963398 -0.0223591 -0.26714 0.723048 -0.0454511 0.968464 -0.244971 0.0752918 0.264193 0.248147 0.932001 0.234695
228 0.964245 -0.0215883 -0.26413 0.740538 -0.04692 0.967024 -0.250326 0.0828561 0.260824 0.253769 0.931435 0.245956
229 0.963626 -0.0165904 -0.26674 0.797641 -0.0526069 0.96677 -0.250178 0.0883453 0.262027 0.25511 0.930731 0.239527
230 0.966698 -0.0110193 -0.255681 0.79386 -0.0550328 0.966749 -0.249737 0.105886 0.249932 0.255491 0.933948 0.267146
231 0.967359 -0.00982174 -0.253221 0.806465 -0.0542565 0.968049 -0.244819 0.104847 0.247535 0.250567 0.935918 0.275654
232 0.967412 -0.00522556 -0.253152 0.858223 -0.0558533 0.970756 -0.23348 0.0910526 0.246969 0.240011 0.93883 0.249632
233 0.973758 -0.00874826 -0.22742 0.820435 -0.0447194 0.972426 -0.228885 0.096576 0.223151 0.233048 0.946516 0.253152
234 0.976147 -0.0192519 -0.216254 0.784057 -0.0302731 0.974261 -0.223383 0.0985576 0.214988 0.224601 0.950439 0.258826
235 0.974939 -0.0347051 -0.219747 0.795238 -0.0160236 0.974238 -0.224954 0.110812 0.221893 0.222838 0.949266 0.268549
236 0.974121 -0.0420951 -0.222073 0.812839 -0.00765312 0.975798 -0.218538 0.115874 0.225898 0.214582 0.950224 0.272289
237 0.973939 -0.0432163 -0.222654 0.837672 -0.00417929 0.978093 -0.208125 0.107986 0.226771 0.203632 0.952423 0.265214
238 0.974796 -0.0428365 -0.218947 0.840947 -0.00316808 0.978637 -0.205573 0.118286 0.223076 0.201085 0.953835 0.272231
239 0.975273 -0.0357373 -0.218097 0.846583 -0.00836348 0.980165 -0.198009 0.130046 0.220847 0.194937 0.955629 0.27532
240 0.976463 -0.0249848 -0.214232 0.846574 -0.0158703 0.982252 -0.186891 0.131306 0.215099 0.185893 0.958737 0.274469
241 0.978531 -0.0140627 -0.205621 0.835275 -0.0232744 0.983748 -0.178041 0.128521 0.204783 0.179004 0.9623 0.280215
242 0.97869 -0.0108812 -0.205055 0.819255 -0.023278 0.986279 -0.163439 0.121234 0.20402 0.164729 0.965008 0.279549
243 0.979384 -0.0017565 -0.202002 0.849582 -0.0290888 0.988314 -0.149628 0.100877 0.199904 0.152419 0.967888 0.284981
244 0.980434 0.00303709 -0.196826 0.840905 -0.0311372 0.989686 -0.13983 0.0746862 0.194371 0.143223 0.970416 0.288928
245 0.980398 0.00183962 -0.197018 0.839451 -0.0301866 0.989553 -0.140975 0.042897 0.1947 0.144158 0.970211 0.280766
246 0.979218 0.00141971 -0.202805 0.845991 -0.0311793 0.989142 -0.14362 0.039095 0.200399 0.146959 0.96863 0.280164
247 0.978825 0.00608263 -0.20461 0.842442 -0.0354935 0.989461 -0.140381 0.0341252 0.2016 0.144671 0.968725 0.278203
248 0.977691 0.00299901 -0.210025 0.84097 -0.0317435 0.990523 -0.133626 0.0217088 0.207634 0.137312 0.968521 0.28144
249 0.975792 0.00313711 -0.218677 0.86224 -0.0311708 0.991684 -0.124866 -0.00516157 0.216466 0.12866 0.967775 0.282483
250 0.975581 0.00358604 -0.21961 0.850781 -0.0306809 0.992289 -0.120091 -0.0231987 0.217486 0.123897 0.968168 0.272459
251 0.972484 0.00676244 -0.232871 0.860323 -0.0353416 0.992292 -0.118773 -0.0417889 0.230273 0.123735 0.965227 0.287292
252 0.972749 0.0203318 -0.230966 0.869803 -0.048826 0.991773 -0.118333 -0.062089 0.22666 0.126386 0.965739 0.282095
253 0.974717 0.0265602 -0.221857 0.836061 -0.0548352 0.99098 -0.122278 -0.0949007 0.216608 0.131352 0.967382 0.279469
254 0.973356 0.0132299 -0.228915 0.829584 -0.0466628 0.988872 -0.141261 -0.0928966 0.224499 0.148179 0.963142 0.284745
255 0.971509 0.00357062 -0.236974 0.844444 -0.0394869 0.988349 -0.14699 -0.126227 0.233688 0.15216 0.960332 0.286973
256 0.970416 -0.00405912 -0.241407 0.861542 -0.0353287 0.98671 -0.158607 -0.15367 0.238842 0.162443 0.957375 0.283626
257 0.970654 -0.0104759 -0.240251 0.857224 -0.0323182 0.984305 -0.17349 -0.171451 0.238298 0.176163 0.955081 0.278449
258 0.969649 -0.0208147 -0.243613 0.850206 -0.0250771 0.982649 -0.183773 -0.179169 0.243212 0.184304 0.952302 0.271477
259 0.967387 -0.0250434 -0.25206 0.86125 -0.0253367 0.980543 -0.194662 -0.186467 0.252031 0.1947 0.947931 0.283073
260 0.968001 -0.0276885 -0.249413 0.876863 -0.0244455 0.978763 -0.203533 -0.19481 0.249752 0.203117 0.946767 0.296013
261 0.969163 -0.0301228 -0.244571 0.867566 -0.0226707 0.977392 -0.210218 -0.19857 0.245374 0.209281 0.946569 0.283105
262 0.966656 -0.0359148 -0.253547 0.883159 -0.0200572 0.976456 -0.214783 -0.192464 0.255291 0.212707 0.943177 0.288311
263 0.966028 -0.0380746 -0.255617 0.903749 -0.0159959 0.978383 -0.206183 -0.233317 0.257941 0.203268 0.944536 0.289242
264 0.967039 -0.0411886 -0.251276 0.887361 -0.0126323 0.977855 -0.208903 -0.260562 0.254316 0.205192 0.945103 0.27584
265 0.964626 -0.0486623 -0.259093 0.884387 -0.008819 0.976309 -0.216202 -0.253606 0.263476 0.210839 0.941343 0.272944
266 0.961807 -0.0535113 -0.268447 0.88592 -0.00515491 0.976991 -0.213219 -0.289699 0.27368 0.206459 0.939401 0.276774
267 0.960536 -0.0546757 -0.272731 0.891318 -0.00617235 0.97606 -0.217414 -0.313121 0.278089 0.210517 0.937203 0.273862
268 0.960775 -0.0600298 -0.270754 0.893053 -0.00238087 0.974471 -0.224502 -0.285994 0.277319 0.216341 0.936104 0.270224
269 0.960242 -0.0588108 -0.272903 0.897323 -0.000937782 0.976873 -0.213817 -0.296624 0.279166 0.205572 0.93798 0.274013
270 0.959818 -0.0564364 -0.27489 0.906512 -0.001162 0.978761 -0.205002 -0.317559 0.280621 0.197084 0.939367 0.279797
271 0.960024 -0.06514 -0.272234 0.896913 0.00920349 0.979366 -0.201886 -0.311328 0.279767 0.19131 0.940814 0.27975
272 0.960366 -0.06125 -0.27193 0.895329 0.00792193 0.981163 -0.193021 -0.331003 0.27863 0.183217 0.94276 0.288666
273 0.959955 -0.0573461 -0.274222 0.904605 0.00381338 0.98141 -0.191886 -0.341663 0.280128 0.183156 0.942328 0.285131
274 0.959238 -0.0547445 -0.277247 0.910939 0.00178318 0.98221 -0.187776 -0.348041 0.282594 0.179627 0.942271 0.283831
275 0.958159 -0.0489549 -0.282019 0.927538 -0.00271837 0.983665 -0.179988 -0.357323 0.286223 0.173223 0.942375 0.283681
276 0.959428 -0.0425222 -0.278727 0.93477 -0.00708585 0.984614 -0.174602 -0.359379 0.281863 0.169493 0.944365 0.286143
277 0.961286 -0.0422987 -0.272287 0.90484 -0.0040258 0.985887 -0.167366 -0.358188 0.275524 0.161983 0.947549 0.27921
278 0.958953 -0.0405917 -0.280646 0.910492 -0.00310977 0.988136 -0.153547 -0.378187 0.283549 0.148117 0.94745 0.283018
279 0.957765 -0.03386 -0.28555 0.945773 -0.00839358 0.989328 -0.145466 -0.403237 0.287428 0.141719 0.94726 0.290768
280 0.962153 -0.0351876 -0.270229 0.906089 -0.00501721 0.989173 -0.146668 -0.405999 0.272464 0.142473 0.951559 0.278954
281 0.961252 -0.0471036 -0.271617 0.881333 0.00838797 0.989835 -0.141971 -0.432291 0.275544 0.134192 0.951876 0.266574
282 0.956999 -0.0516476 -0.285457 0.908597 0.0102321 0.989421 -0.144712 -0.43499 0.289911 0.135569 0.947403 0.283019
283 0.957133 -0.0482325 -0.285605 0.92408 0.00659262 0.98941 -0.144997 -0.471139 0.289574 0.136898 0.947315 0.275123
284 0.957893 -0.0475147 -0.283166 0.912812 0.00312592 0.98788 -0.15519 -0.448993 0.287108 0.14777 0.946432 0.266434
285 0.956992 -0.0431262 -0.286892 0.924081 -0.000945409 0.988421 -0.151735 -0.451918 0.290113 0.145481 0.94587 0.280267
286 0.958225 -0.0288482 -0.284556 0.948425 -0.0120693 0.989936 -0.141002 -0.498839 0.28576 0.138546 0.948233 0.271036
287 0.962192 -0.0222099 -0.271464 0.934795 -0.0190565 0.988738 -0.148439 -0.481048 0.271704 0.148 0.950933 0.285233
288 0.964555 -0.0216417 -0.262993 0.904708 -0.0171442 0.989386 -0.144295 -0.493438 0.263324 0.143689 0.953946 0.282842
289 0.963849 -0.0263488 -0.265144 0.901281 -0.0121676 0.989708 -0.142584 -0.506835 0.266172 0.140656 0.953608 0.284801
290 0.962922 -0.0336439 -0.267673 0.908297 -0.00430388 0.990151 -0.139935 -0.538447 0.269744 0.135899 0.953294 0.27909
291 0.961483 -0.0382456 -0.272191 0.909151 -0.00344036 0.98852 -0.15105 -0.538995 0.274843 0.146168 0.950314 0.289446
292 0.959504 -0.0376242 -0.279172 0.922773 -0.00685973 0.987626 -0.15668 -0.538754 0.281612 0.15225 0.947372 0.281114
293 0.959263 -0.0305554 -0.280856 0.916732 -0.0152332 0.987094 -0.159419 -0.543573 0.282102 0.157203 0.946417 0.284175
294 0.95902 -0.0208342 -0.282572 0.92364 -0.0254717 0.986915 -0.159214 -0.556858 0.282191 0.159887 0.945941 0.274103
295 0.958949 -0.0159451 -0.283131 0.919099 -0.0302927 0.986945 -0.158182 -0.56958 0.281957 0.160265 0.945947 0.269381
296 0.9583 -0.00528665 -0.285715 0.911721 -0.0427024 0.985954 -0.161469 -0.591056 0.282556 0.166936 0.944613 0.269084
297 0.958421 -0.0094075 -0.285202 0.911044 -0.0409217 0.984595 -0.169995 -0.584143 0.282407 0.174598 0.943272 0.263
298 0.957148 -0.0129864 -0.289308 0.90254 -0.039146 0.984024 -0.173682 -0.591163 0.286941 0.177564 0.941348 0.265679
299 0.954908 -0.015345 -0.296505 0.920178 -0.0398945 0.982975 -0.179354 -0.595896 0.294209 0.183096 0.938039 0.262955
300 0.955351 -0.0145014 -0.295118 0.929555 -0.0425074 0.98166 -0.185841 -0.593395 0.292401 0.190088 0.937213 0.257026
301 0.955537 -0.0156292 -0.294455 0.938309 -0.0425989 0.980802 -0.190297 -0.56806 0.291777 0.194379 0.936527 0.254097
302 0.957217 -0.00882537 -0.289237 0.929636 -0.0469526 0.981553 -0.185337 -0.570076 0.285537 0.190988 0.939144 0.246157
303 0.958104 -0.0003297 -0.28642 0.935345 -0.0560268 0.980465 -0.188544 -0.548113 0.280887 0.196692 0.939369 0.257425
304 0.960555 0.00472343 -0.278048 0.926936 -0.0592077 0.980405 -0.187886 -0.523631 0.271712 0.196937 0.942013 0.26587
305 0.962258 0.00802152 -0.272019 0.912827 -0.0590745 0.981888 -0.180019 -0.521221 0.265649 0.189294 0.945303 0.266856
306 0.962579 0.00894165 -0.270853 0.909028 -0.0596574 0.981929 -0.179599 -0.519022 0.264352 0.189037 0.945718 0.264642
307 0.9625 0.00872741 -0.27114 0.903954 -0.0605223 0.9812 -0.183261 -0.503174 0.264443 0.192799 0.944933 0.261814
308 0.961316 0.0087964 -0.275307 0.896012 -0.0615203 0.981098 -0.183469 -0.482064 0.268489 0.193309 0.943687 0.255749
309 0.958439 0.0115349 -0.285063 0.907916 -0.065295 0.98153 -0.179818 -0.457651 0.277724 0.190958 0.941491 0.263534
310 0.957317 0.0211708 -0.288264 0.91867 -0.0735068 0.982356 -0.171968 -0.44907 0.279537 0.185817 0.941983 0.274004
311 0.958748 0.0309446 -0.28257 0.91062 -0.0802766 0.983068 -0.164718 -0.434203 0.272688 0.180607 0.944999 0.266842
312 0.959098 0.0334088 -0.281095 0.907167 -0.0801128 0.984449 -0.156341 -0.430668 0.271501 0.172466 0.946859 0.266182
313 0.959487 0.0303063 -0.280117 0.901538 -0.0755114 0.985487 -0.152028 -0.430087 0.271444 0.167021 0.947851 0.263619
314 0.959996 0.0213521 -0.279199 0.881973 -0.0666903 0.985831 -0.153915 -0.405226 0.271956 0.166378 0.947818 0.257086
315 0.957692 0.0138583 -0.287461 0.878839 -0.0611529 0.985829 -0.156208 -0.370444 0.281223 0.167178 0.944968 0.261141
316 0.955721 0.0124198 -0.294013 0.883213 -0.0595005 0.986629 -0.151735 -0.354939 0.288197 0.16251 0.94368 0.265823
317 0.953347 0.0175053 -0.301367 0.890316 -0.0644576 0.987098 -0.146569 -0.349057 0.294913 0.159157 0.942176 0.268285
318 0.952897 0.0193964 -0.302673 0.889825 -0.066834 0.986851 -0.147171 -0.327156 0.295838 0.160468 0.941663 0.268588
319 0.952921 0.0179656 -0.302685 0.889587 -0.065218 0.987023 -0.146738 -0.322563 0.29612 0.15957 0.941727 0.272596
320 0.953493 0.00679849 -0.301338 0.859735 -0.0572497 0.985631 -0.158913 -0.260273 0.295928 0.168774 0.940182 0.259523
321 0.948634 0.0163272 -0.315955 0.883442 -0.0689607 0.985326 -0.156133 -0.204214 0.308769 0.169901 0.935839 0.264286
322 0.950514 0.0218509 -0.309914 0.878935 -0.0695799 0.987157 -0.143802 -0.204531 0.302791 0.15825 0.939827 0.263598
323 0.951123 0.024873 -0.307809 0.858579 -0.0706394 0.987847 -0.138449 -0.200564 0.300625 0.153426 0.941321 0.264899
324 0.95057 0.0217695 -0.309746 0.859778 -0.0672637 0.98829 -0.136965 -0.188793 0.303137 0.151029 0.940903 0.26358
325 0.950424 0.0160372 -0.310543 0.859633 -0.0615556 0.98861 -0.137338 -0.19223 0.304803 0.149645 0.940586 0.268203
326 0.950497 0.00596983 -0.310677 0.838313 -0.0544639 0.987539 -0.147653 -0.183755 0.305924 0.157264 0.938977 0.261511
327 0.947414 -0.00368857 -0.319991 0.842368 -0.0501981 0.985842 -0.159988 -0.158089 0.31605 0.167638 0.933815 0.262933
328 0.945513 0.000262776 -0.325585 0.825023 -0.056575 0.98492 -0.163501 -0.14508 0.320632 0.173012 0.931269 0.253317
329 0.94213 0.00515916 -0.335207 0.827462 -0.0640547 0.984231 -0.164884 -0.117381 0.32907 0.176813 0.927604 0.251854
330 0.939795 0.0114317 -0.341549 0.840364 -0.0710744 0.984124 -0.162627 -0.0893764 0.334267 0.177112 0.925687 0.266398
331 0.939688 0.0144798 -0.341727 0.855829 -0.0698543 0.986169 -0.1503 -0.0879122 0.334825 0.165106 0.927703 0.271586
332 0.941655 0.0138643 -0.336294 0.843147 -0.0662754 0.987227 -0.144877 -0.0797343 0.32999 0.158713 0.930547 0.268512
333 0.943092 0.00804517 -0.332433 0.832116 -0.0576439 0.988527 -0.139609 -0.0765678 0.327496 0.150827 0.932737 0.269208
334 0.943618 0.00247127 -0.331027 0.827589 -0.0509029 0.989163 -0.137718 -0.0631084 0.327099 0.146803 0.933517 0.263651
