[{"R":[[0.9999804496765137,-0.0062261768616735935,0.000604989065323025],[0.006231185048818588,0.9999430775642395,-0.008662787266075611],[-0.0005510185728780925,0.008666387759149075,0.9999622702598572]],"file_name":"/home/jonas/Downloads/freiburg/rgbd_dataset_freiburg3_walking_xyz//rgb/1341846313.592026.png","mnId":1,"t":[0.010997158475220203,0.01648752950131893,0.0421721488237381]},{"R":[[0.9998487234115601,0.005414456594735384,0.01652923971414566],[-0.005327272228896618,0.9999716877937317,-0.0053140465170145035],[-0.016557544469833374,0.0052251871675252914,0.999849259853363]],"file_name":"/home/jonas/Downloads/freiburg/rgbd_dataset_freiburg3_walking_xyz//rgb/1341846313.789969.png","mnId":2,"t":[-0.021587036550045013,0.009598677046597004,0.04593006148934364]},{"R":[[0.9999279975891113,0.000390601868275553,0.01199253648519516],[-0.00033997505670413375,0.9999909996986389,-0.004223276395350695],[-0.011994078755378723,0.004218894988298416,0.9999191761016846]],"file_name":"/home/jonas/Downloads/freiburg/rgbd_dataset_freiburg3_walking_xyz//rgb/1341846313.822075.png","mnId":3,"t":[-0.01987636834383011,0.006185869686305523,0.04484480991959572]},{"R":[[0.999970555305481,-0.0009742661495693028,-0.007609175983816385],[0.000931271817535162,0.9999836087226868,-0.005651830695569515],[0.007614557631313801,0.005644578021019697,0.9999550580978394]],"file_name":"/home/jonas/Downloads/freiburg/rgbd_dataset_freiburg3_walking_xyz//rgb/1341846313.890011.png","mnId":4,"t":[0.00100138527341187,0.0057776994071900845,0.04635480418801308]},{"R":[[0.9993190765380859,-0.0009790313197299838,-0.03688431158661842],[0.0006002321024425328,0.9999470114707947,-0.010279601439833641],[0.036892421543598175,0.010250463150441647,0.9992666840553284]],"file_name":"/home/jonas/Downloads/freiburg/rgbd_dataset_freiburg3_walking_xyz//rgb/1341846313.957927.png","mnId":5,"t":[0.042504146695137024,-0.0036569375079125166,0.053350817412137985]},{"R":[[0.9972615838050842,0.005728722549974918,-0.07373273372650146],[-0.007282113190740347,0.9997568130493164,-0.020816296339035034],[0.0735955461859703,0.021296221762895584,0.9970607757568359]],"file_name":"/home/jonas/Downloads/freiburg/rgbd_dataset_freiburg3_walking_xyz//rgb/1341846314.022042.png","mnId":6,"t":[0.09342944622039795,0.0023251036182045937,0.06250400096178055]},{"R":[[0.9920410513877869,0.009652036242187023,-0.12554430961608887],[-0.012835461646318436,0.9996156692504883,-0.0245728250592947],[0.12525887787342072,0.02598867192864418,0.991783618927002]],"file_name":"/home/jonas/Downloads/freiburg/rgbd_dataset_freiburg3_walking_xyz//rgb/1341846314.122037.png","mnId":7,"t":[0.1554969698190689,-0.007523241452872753,0.06773298233747482]},{"R":[[0.9862853288650513,0.015448101796209812,-0.16432464122772217],[-0.020229462534189224,0.9994180798530579,-0.02746337093412876],[0.16380475461483002,0.030410919338464737,0.9860239028930664]],"file_name":"/home/jonas/Downloads/freiburg/rgbd_dataset_freiburg3_walking_xyz//rgb/1341846314.225969.png","mnId":8,"t":[0.19714286923408508,-0.023978257551789284,0.07366099208593369]},{"R":[[0.981785237789154,0.00812248419970274,-0.18982042372226715],[-0.012076271697878838,0.9997333884239197,-0.019681690260767937],[0.18960994482040405,0.021615514531731606,0.9816215634346008]],"file_name":"/home/jonas/Downloads/freiburg/rgbd_dataset_freiburg3_walking_xyz//rgb/1341846314.325981.png","mnId":9,"t":[0.22700926661491394,-0.05276118591427803,0.08227146416902542]},{"R":[[0.9786327481269836,0.004471430554986,-0.2055673450231552],[-0.008188024163246155,0.999817967414856,-0.017232561483979225],[0.20545287430286407,0.01854753866791725,0.9784912467002869]],"file_name":"/home/jonas/Downloads/freiburg/rgbd_dataset_freiburg3_walking_xyz//rgb/1341846314.389899.png","mnId":10,"t":[0.2310469001531601,-0.054288383573293686,0.07669058442115784]},{"R":[[0.9702919125556946,-0.016215315088629723,-0.24139311909675598],[0.013701938092708588,0.9998330473899841,-0.012087035924196243],[0.2415488213300705,0.008420399390161037,0.9703521132469177]],"file_name":"/home/jonas/Downloads/freiburg/rgbd_dataset_freiburg3_walking_xyz//rgb/1341846314.493987.png","mnId":11,"t":[0.2522277235984802,-0.06491174548864365,0.09908309578895569]},{"R":[[0.9625586271286011,-0.02251891791820526,-0.2701367139816284],[0.02101670205593109,0.9997434020042419,-0.008452501147985458],[0.27025771141052246,0.0024586450308561325,0.9627848863601685]],"file_name":"/home/jonas/Downloads/freiburg/rgbd_dataset_freiburg3_walking_xyz//rgb/1341846314.594085.png","mnId":12,"t":[0.2617673873901367,-0.07417978346347809,0.11179716885089874]},{"R":[[0.9521942138671875,-0.022472452372312546,-0.3046657145023346],[0.020133765414357185,0.9997388124465942,-0.010816208086907864],[0.3048292100429535,0.004165062680840492,0.9523979425430298]],"file_name":"/home/jonas/Downloads/freiburg/rgbd_dataset_freiburg3_walking_xyz//rgb/1341846314.658455.png","mnId":13,"t":[0.3157135248184204,-0.07839833945035934,0.15612129867076874]},{"R":[[0.9474208354949951,-0.016534775495529175,-0.3195628225803375],[0.017658380791544914,0.9998438954353333,0.0006187288672663271],[0.31950271129608154,-0.006229158490896225,0.9475648999214172]],"file_name":"/home/jonas/Downloads/freiburg/rgbd_dataset_freiburg3_walking_xyz//rgb/1341846314.725910.png","mnId":14,"t":[0.30952343344688416,-0.07907257974147797,0.14837707579135895]},{"R":[[0.9392518997192383,-0.004043107852339745,-0.3432048261165619],[0.014488010667264462,0.999506413936615,0.027874836698174477],[0.34292274713516235,-0.03115384839475155,0.9388468861579895]],"file_name":"/home/jonas/Downloads/freiburg/rgbd_dataset_freiburg3_walking_xyz//rgb/1341846314.826092.png","mnId":15,"t":[0.31961947679519653,-0.10124117136001587,0.17930558323860168]},{"R":[[0.9204977750778198,0.011375430971384048,-0.3905821740627289],[0.0021694726310670376,0.999411940574646,0.03422003984451294],[0.390741765499115,-0.032346826046705246,0.9199318289756775]],"file_name":"/home/jonas/Downloads/freiburg/rgbd_dataset_freiburg3_walking_xyz//rgb/1341846314.925969.png","mnId":16,"t":[0.3766922056674957,-0.11496468633413315,0.22490744292736053]},{"R":[[0.9161727428436279,0.017931994050741196,-0.40038222074508667],[-0.007898280397057533,0.9996123909950256,0.026696624234318733],[0.4007057547569275,-0.021296389400959015,0.9159592390060425]],"file_name":"/home/jonas/Downloads/freiburg/rgbd_dataset_freiburg3_walking_xyz//rgb/1341846314.994564.png","mnId":17,"t":[0.38726282119750977,-0.12825487554073334,0.23855416476726532]},{"R":[[0.9058132767677307,0.020997505635023117,-0.4231565296649933],[-0.009685896337032318,0.999536395072937,0.02886439673602581],[0.42356643080711365,-0.022047102451324463,0.9055967330932617]],"file_name":"/home/jonas/Downloads/freiburg/rgbd_dataset_freiburg3_walking_xyz//rgb/1341846315.061965.png","mnId":18,"t":[0.40682023763656616,-0.1354064643383026,0.2586345970630646]},{"R":[[0.8960411548614502,0.03176533430814743,-0.44283315539360046],[-0.017471864819526672,0.9991874694824219,0.03632070869207382],[0.4436270594596863,-0.024807726964354515,0.8958680629730225]],"file_name":"/home/jonas/Downloads/freiburg/rgbd_dataset_freiburg3_walking_xyz//rgb/1341846315.161941.png","mnId":19,"t":[0.45000699162483215,-0.15829330682754517,0.3068397641181946]},{"R":[[0.8967350125312805,0.014043309725821018,-0.4423450231552124],[-0.004936897661536932,0.9997516870498657,0.02173130214214325],[0.44254034757614136,-0.017303407192230225,0.8965816497802734]],"file_name":"/home/jonas/Downloads/freiburg/rgbd_dataset_freiburg3_walking_xyz//rgb/1341846315.230076.png","mnId":20,"t":[0.45872169733047485,-0.18181492388248444,0.3055378794670105]},{"R":[[0.8997554779052734,0.022055191919207573,-0.43583667278289795],[-0.0048667434602975845,0.9991670846939087,0.04051504656672478],[0.4363672137260437,-0.034332528710365295,0.8991134166717529]],"file_name":"/home/jonas/Downloads/freiburg/rgbd_dataset_freiburg3_walking_xyz//rgb/1341846315.329931.png","mnId":21,"t":[0.47030505537986755,-0.22913514077663422,0.30828410387039185]},{"R":[[0.8896214365959167,0.03898157924413681,-0.4550320506095886],[-0.007201975677162409,0.9974241256713867,0.07136670500040054],[0.45664194226264954,-0.06021222099661827,0.8876106142997742]],"file_name":"/home/jonas/Downloads/freiburg/rgbd_dataset_freiburg3_walking_xyz//rgb/1341846315.429923.png","mnId":22,"t":[0.5042057037353516,-0.24820026755332947,0.3368909955024719]},{"R":[[0.8763220310211182,0.05355561152100563,-0.47873952984809875],[-0.01942138373851776,0.9969207048416138,0.07597307115793228],[0.4813341200351715,-0.05727909132838249,0.8746637105941772]],"file_name":"/home/jonas/Downloads/freiburg/rgbd_dataset_freiburg3_walking_xyz//rgb/1341846315.530008.png","mnId":23,"t":[0.5170243978500366,-0.2536039650440216,0.35198208689689636]},{"R":[[0.8714770674705505,0.05082240700721741,-0.4877958297729492],[-0.016148066148161888,0.9970504641532898,0.07503105700016022],[0.49017030000686646,-0.05751088634133339,0.8697273135185242]],"file_name":"/home/jonas/Downloads/freiburg/rgbd_dataset_freiburg3_walking_xyz//rgb/1341846315.630109.png","mnId":24,"t":[0.5157673954963684,-0.25688913464546204,0.3533680737018585]},{"R":[[0.8640661239624023,0.04998321458697319,-0.5008906126022339],[-0.02525961771607399,0.998109757900238,0.05602571368217468],[0.5027441382408142,-0.03575761616230011,0.8636953830718994]],"file_name":"/home/jonas/Downloads/freiburg/rgbd_dataset_freiburg3_walking_xyz//rgb/1341846315.733985.png","mnId":25,"t":[0.508450984954834,-0.25185683369636536,0.3535947799682617]},{"R":[[0.8657820820808411,0.046295538544654846,-0.49827510118484497],[-0.017249105498194695,0.9978806376457214,0.06274335831403732],[0.5001237988471985,-0.04572727531194687,0.8647457361221313]],"file_name":"/home/jonas/Downloads/freiburg/rgbd_dataset_freiburg3_walking_xyz//rgb/1341846315.866751.png","mnId":26,"t":[0.5026726722717285,-0.25511282682418823,0.35410064458847046]},{"R":[[0.8731701970100403,0.04328935593366623,-0.48548927903175354],[-0.0076691703870892525,0.9971451163291931,0.07511860877275467],[0.48735511302948,-0.06186802685260773,0.8710094094276428]],"file_name":"/home/jonas/Downloads/freiburg/rgbd_dataset_freiburg3_walking_xyz//rgb/1341846316.034204.png","mnId":27,"t":[0.46706584095954895,-0.22718201577663422,0.3383305072784424]},{"R":[[0.879531979560852,0.0351371169090271,-0.474540650844574],[-0.0013280330458655953,0.9974473118782043,0.07139404118061066],[0.4758378863334656,-0.06216313689947128,0.8773334622383118]],"file_name":"/home/jonas/Downloads/freiburg/rgbd_dataset_freiburg3_walking_xyz//rgb/1341846316.202049.png","mnId":28,"t":[0.5191612243652344,-0.20558775961399078,0.33867356181144714]},{"R":[[0.886151909828186,0.02916254661977291,-0.46247634291648865],[-0.001731021679006517,0.9982191324234009,0.05962827056646347],[0.46339166164398193,-0.052039146423339844,0.8846242427825928]],"file_name":"/home/jonas/Downloads/freiburg/rgbd_dataset_freiburg3_walking_xyz//rgb/1341846316.370006.png","mnId":29,"t":[0.5197355151176453,-0.15505139529705048,0.32029831409454346]},{"R":[[0.9094953536987305,0.048116955906152725,-0.4129200279712677],[-0.014472699724137783,0.9963417053222656,0.08422473073005676],[0.41546207666397095,-0.07062593102455139,0.9068645238876343]],"file_name":"/home/jonas/Downloads/freiburg/rgbd_dataset_freiburg3_walking_xyz//rgb/1341846316.502034.png","mnId":30,"t":[0.43056920170783997,-0.16204693913459778,0.2750404477119446]},{"R":[[0.9233144521713257,0.03604598343372345,-0.38234949111938477],[-0.006052020937204361,0.9968275427818298,0.07936118543148041],[0.3839971721172333,-0.07096134126186371,0.9206033945083618]],"file_name":"/home/jonas/Downloads/freiburg/rgbd_dataset_freiburg3_walking_xyz//rgb/1341846316.570121.png","mnId":31,"t":[0.3741714656352997,-0.16662468016147614,0.24062885344028473]},{"R":[[0.9345316886901855,0.03602476418018341,-0.3540518581867218],[-0.005550043657422066,0.996217668056488,0.08671558648347855],[0.3558366000652313,-0.079073466360569,0.931196928024292]],"file_name":"/home/jonas/Downloads/freiburg/rgbd_dataset_freiburg3_walking_xyz//rgb/1341846316.638009.png","mnId":32,"t":[0.3204440772533417,-0.16070915758609772,0.20966973900794983]},{"R":[[0.9457158446311951,0.04087607190012932,-0.3224138915538788],[-0.008347325026988983,0.9947866797447205,0.10163574665784836],[0.3248874843120575,-0.09342724084854126,0.9411267042160034]],"file_name":"/home/jonas/Downloads/freiburg/rgbd_dataset_freiburg3_walking_xyz//rgb/1341846316.738062.png","mnId":33,"t":[0.2600266635417938,-0.15056435763835907,0.17872904241085052]},{"R":[[0.9518237113952637,0.03892267867922783,-0.3041655123233795],[-0.00997399166226387,0.9953164458274841,0.09615456312894821],[0.30648350715637207,-0.08848844468593597,0.9477540254592896]],"file_name":"/home/jonas/Downloads/freiburg/rgbd_dataset_freiburg3_walking_xyz//rgb/1341846316.805932.png","mnId":34,"t":[0.22747281193733215,-0.13806071877479553,0.1548803299665451]},{"R":[[0.9591060280799866,0.04434240236878395,-0.279552161693573],[-0.01796824298799038,0.9951987266540527,0.09621121734380722],[0.28247618675231934,-0.08725369721651077,0.9552978277206421]],"file_name":"/home/jonas/Downloads/freiburg/rgbd_dataset_freiburg3_walking_xyz//rgb/1341846316.870034.png","mnId":35,"t":[0.2027483880519867,-0.12650127708911896,0.13100959360599518]},{"R":[[0.9674046635627747,0.040152888745069504,-0.25003179907798767],[-0.019746730104088783,0.9963041543960571,0.08359500020742416],[0.25246432423591614,-0.07593288272619247,0.9646221995353699]],"file_name":"/home/jonas/Downloads/freiburg/rgbd_dataset_freiburg3_walking_xyz//rgb/1341846316.973994.png","mnId":36,"t":[0.1738157570362091,-0.09600786864757538,0.11675082892179489]},{"R":[[0.9734460115432739,0.03866450488567352,-0.22562792897224426],[-0.021608784794807434,0.9967520236968994,0.07757878303527832],[0.2278946340084076,-0.07064320892095566,0.97111976146698]],"file_name":"/home/jonas/Downloads/freiburg/rgbd_dataset_freiburg3_walking_xyz//rgb/1341846317.037936.png","mnId":37,"t":[0.14821690320968628,-0.08321674913167953,0.09681959450244904]},{"R":[[0.9770138263702393,0.05105196312069893,-0.20697268843650818],[-0.0351523719727993,0.9961920976638794,0.07978449016809464],[0.21025770902633667,-0.07067497074604034,0.9750880599021912]],"file_name":"/home/jonas/Downloads/freiburg/rgbd_dataset_freiburg3_walking_xyz//rgb/1341846317.106113.png","mnId":38,"t":[0.12846772372722626,-0.06637507677078247,0.0798225849866867]},{"R":[[0.9829730987548828,0.057241447269916534,-0.174606055021286],[-0.04374626278877258,0.9958195686340332,0.08018480986356735],[0.1784660369157791,-0.07118114829063416,0.9813680052757263]],"file_name":"/home/jonas/Downloads/freiburg/rgbd_dataset_freiburg3_walking_xyz//rgb/1341846317.137887.png","mnId":39,"t":[0.08725214004516602,-0.05010004714131355,0.06687214970588684]},{"R":[[0.9857532382011414,0.06754730641841888,-0.15403850376605988],[-0.05564858764410019,0.9952166080474854,0.08029436320066452],[0.15872535109519958,-0.07057841122150421,0.9847968816757202]],"file_name":"/home/jonas/Downloads/freiburg/rgbd_dataset_freiburg3_walking_xyz//rgb/1341846317.205887.png","mnId":40,"t":[0.09305105358362198,-0.04558992385864258,0.06667587161064148]},{"R":[[0.9873549342155457,0.0713915303349495,-0.14153952896595],[-0.05996732413768768,0.9947099089622498,0.0834030881524086],[0.14674504101276398,-0.07386070489883423,0.9864129424095154]],"file_name":"/home/jonas/Downloads/freiburg/rgbd_dataset_freiburg3_walking_xyz//rgb/1341846317.248131.png","mnId":41,"t":[0.0822804719209671,-0.04579085484147072,0.06929917633533478]},{"R":[[0.9873912930488586,0.08615793287754059,-0.13279786705970764],[-0.0740378275513649,0.9928478598594666,0.09365672618150711],[0.13991734385490417,-0.0826437696814537,0.9867082238197327]],"file_name":"/home/jonas/Downloads/freiburg/rgbd_dataset_freiburg3_walking_xyz//rgb/1341846317.348137.png","mnId":42,"t":[0.10358410328626633,-0.05433719605207443,0.08426450937986374]},{"R":[[0.9869598150253296,0.09871867299079895,-0.12714146077632904],[-0.08600632101297379,0.9910722970962524,0.10187523066997528],[0.1360633671283722,-0.08961179107427597,0.9866389632225037]],"file_name":"/home/jonas/Downloads/freiburg/rgbd_dataset_freiburg3_walking_xyz//rgb/1341846317.410120.png","mnId":43,"t":[0.1102062538266182,-0.06408817321062088,0.10708921402692795]},{"R":[[0.9854046702384949,0.11650212109088898,-0.12411640584468842],[-0.10104792565107346,0.9870889186859131,0.124277263879776],[0.13699248433113098,-0.10992169380187988,0.984454333782196]],"file_name":"/home/jonas/Downloads/freiburg/rgbd_dataset_freiburg3_walking_xyz//rgb/1341846317.509927.png","mnId":44,"t":[0.13604946434497833,-0.06390449404716492,0.11370240151882172]},{"R":[[0.9845914840698242,0.12681740522384644,-0.12040331959724426],[-0.11027798801660538,0.984647274017334,0.1353089064359665],[0.1357143223285675,-0.11994615942239761,0.9834604859352112]],"file_name":"/home/jonas/Downloads/freiburg/rgbd_dataset_freiburg3_walking_xyz//rgb/1341846317.643553.png","mnId":46,"t":[0.15670008957386017,-0.07180698961019516,0.11130326241254807]},{"R":[[0.9853901267051697,0.13070061802864075,-0.109195277094841],[-0.1150779128074646,0.9836052060127258,0.1388445794582367],[0.12555211782455444,-0.12425012141466141,0.9842756390571594]],"file_name":"/home/jonas/Downloads/freiburg/rgbd_dataset_freiburg3_walking_xyz//rgb/1341846317.677993.png","mnId":47,"t":[0.1541028469800949,-0.07635865360498428,0.10898993164300919]},{"R":[[0.9903239011764526,0.11866769939661026,-0.07194807380437851],[-0.10894820839166641,0.9859554767608643,0.1265781819820404],[0.08595834672451019,-0.11751478910446167,0.9893439412117004]],"file_name":"/home/jonas/Downloads/freiburg/rgbd_dataset_freiburg3_walking_xyz//rgb/1341846317.841886.png","mnId":50,"t":[0.12294002622365952,-0.059298910200595856,0.10495509207248688]},{"R":[[0.9917905926704407,0.11082419753074646,-0.06379231065511703],[-0.1026320531964302,0.9874714612960815,0.11986135691404343],[0.07627662271261215,-0.11233022809028625,0.9907389879226685]],"file_name":"/home/jonas/Downloads/freiburg/rgbd_dataset_freiburg3_walking_xyz//rgb/1341846317.878017.png","mnId":51,"t":[0.10640006512403488,-0.05670970305800438,0.09905475378036499]},{"R":[[0.9924910068511963,0.10399772971868515,-0.06439004093408585],[-0.09593869745731354,0.9884121417999268,0.11763185262680054],[0.075877346098423,-0.11057106405496597,0.9909675121307373]],"file_name":"/home/jonas/Downloads/freiburg/rgbd_dataset_freiburg3_walking_xyz//rgb/1341846317.909910.png","mnId":52,"t":[0.10175771266222,-0.0531301349401474,0.09081033617258072]},{"R":[[0.9946696162223816,0.09931736439466476,-0.027720611542463303],[-0.0950256958603859,0.9872756600379944,0.1275024563074112],[0.04003109410405159,-0.12418864667415619,0.9914507865905762]],"file_name":"/home/jonas/Downloads/freiburg/rgbd_dataset_freiburg3_walking_xyz//rgb/1341846318.009897.png","mnId":54,"t":[0.023868246003985405,-0.04913407564163208,0.07244516909122467]},{"R":[[0.9948891401290894,0.09795645624399185,-0.024496620520949364],[-0.09419478476047516,0.9877651929855347,0.12428683042526245],[0.03637160733342171,-0.12134416401386261,0.991943895816803]],"file_name":"/home/jonas/Downloads/freiburg/rgbd_dataset_freiburg3_walking_xyz//rgb/1341846318.045949.png","mnId":55,"t":[0.014957211911678314,-0.04098409786820412,0.0702524483203888]},{"R":[[0.995631754398346,0.09260313212871552,-0.011919262818992138],[-0.09049613773822784,0.9885352253913879,0.12086579203605652],[0.02297516167163849,-0.11925917118787766,0.9925972819328308]],"file_name":"/home/jonas/Downloads/freiburg/rgbd_dataset_freiburg3_walking_xyz//rgb/1341846318.078074.png","mnId":56,"t":[-0.008311658166348934,-0.036065347492694855,0.06474567949771881]},{"R":[[0.9965144395828247,0.0817599669098854,0.01655966229736805],[-0.08313283324241638,0.9897796511650085,0.11586698889732361],[-0.006917136721313,-0.11683978140354156,0.9931266903877258]],"file_name":"/home/jonas/Downloads/freiburg/rgbd_dataset_freiburg3_walking_xyz//rgb/1341846318.109894.png","mnId":57,"t":[-0.059359971433877945,-0.026995405554771423,0.05863981321454048]},{"R":[[0.9969053268432617,0.07420648634433746,0.02594658173620701],[-0.07662607729434967,0.9909850358963013,0.1098957359790802],[-0.017557699233293533,-0.11154382675886154,0.9936044216156006]],"file_name":"/home/jonas/Downloads/freiburg/rgbd_dataset_freiburg3_walking_xyz//rgb/1341846318.145957.png","mnId":58,"t":[-0.07000541687011719,-0.016253286972641945,0.057176023721694946]},{"R":[[0.9972609281539917,0.06917396932840347,0.026184512302279472],[-0.07164362818002701,0.9913954734802246,0.10955444723367691],[-0.018380891531705856,-0.11113032698631287,0.9936358332633972]],"file_name":"/home/jonas/Downloads/freiburg/rgbd_dataset_freiburg3_walking_xyz//rgb/1341846318.178001.png","mnId":59,"t":[-0.06857325881719589,-0.01824611984193325,0.05321904644370079]},{"R":[[0.9970657229423523,0.06540033966302872,0.039783135056495667],[-0.06937312334775925,0.9916817545890808,0.10841899365186691],[-0.03236157074570656,-0.11086074262857437,0.9933089017868042]],"file_name":"/home/jonas/Downloads/freiburg/rgbd_dataset_freiburg3_walking_xyz//rgb/1341846318.214074.png","mnId":60,"t":[-0.09082568436861038,-0.012350968085229397,0.055133361369371414]},{"R":[[0.9816805720329285,0.05206592008471489,0.18328213691711426],[-0.07708131521940231,0.9882315397262573,0.1321244239807129],[-0.17424601316452026,-0.14383161067962646,0.9741410613059998]],"file_name":"/home/jonas/Downloads/freiburg/rgbd_dataset_freiburg3_walking_xyz//rgb/1341846318.650038.png","mnId":73,"t":[-0.1075696274638176,0.012986716814339161,0.06510297954082489]},{"R":[[0.9817380309104919,0.05084843933582306,0.1833164244890213],[-0.07575161010026932,0.9884156584739685,0.13151492178440094],[-0.17450548708438873,-0.14299972355365753,0.9742170572280884]],"file_name":"/home/jonas/Downloads/freiburg/rgbd_dataset_freiburg3_walking_xyz//rgb/1341846318.682350.png","mnId":74,"t":[-0.09546861052513123,0.014755607582628727,0.0667850524187088]},{"R":[[0.9819379448890686,0.04682650789618492,0.1833171248435974],[-0.07157731801271439,0.988818883895874,0.13081999123096466],[-0.1751415878534317,-0.14157846570014954,0.9743105173110962]],"file_name":"/home/jonas/Downloads/freiburg/rgbd_dataset_freiburg3_walking_xyz//rgb/1341846318.714063.png","mnId":75,"t":[-0.08214231580495834,0.014560096897184849,0.06436966359615326]},{"R":[[0.9812400341033936,0.04993506148457527,0.1862109899520874],[-0.07670408487319946,0.9872543215751648,0.13944672048091888],[-0.1768743246793747,-0.1511138379573822,0.9725636839866638]],"file_name":"/home/jonas/Downloads/freiburg/rgbd_dataset_freiburg3_walking_xyz//rgb/1341846318.749905.png","mnId":76,"t":[-0.0811527892947197,-0.0018731114687398076,0.07670275121927261]},{"R":[[0.979243814945221,0.05217590555548668,0.1958550214767456],[-0.08075647056102753,0.9867238998413086,0.14090558886528015],[-0.185902938246727,-0.15379749238491058,0.9704568386077881]],"file_name":"/home/jonas/Downloads/freiburg/rgbd_dataset_freiburg3_walking_xyz//rgb/1341846318.814121.png","mnId":78,"t":[-0.04958021640777588,-0.0008591774385422468,0.09132089465856552]},{"R":[[0.9778127670288086,0.04599002003669739,0.20437005162239075],[-0.07613969594240189,0.9869043827056885,0.1422058343887329],[-0.19515365362167358,-0.15461134910583496,0.9685093760490417]],"file_name":"/home/jonas/Downloads/freiburg/rgbd_dataset_freiburg3_walking_xyz//rgb/1341846318.850072.png","mnId":79,"t":[-0.029911786317825317,-0.00048671496915630996,0.08411882817745209]},{"R":[[0.97533118724823,0.038737162947654724,0.21732120215892792],[-0.07221304625272751,0.9863049983978271,0.1482827067375183],[-0.2086009383201599,-0.16031818091869354,0.9647713303565979]],"file_name":"/home/jonas/Downloads/freiburg/rgbd_dataset_freiburg3_walking_xyz//rgb/1341846318.883516.png","mnId":80,"t":[-0.01365953404456377,0.002835427178069949,0.09994588047266006]},{"R":[[0.9692900776863098,0.03595041111111641,0.24327830970287323],[-0.07505085319280624,0.9853067994117737,0.15342041850090027],[-0.2341882586479187,-0.16696712374687195,0.9577462077140808]],"file_name":"/home/jonas/Downloads/freiburg/rgbd_dataset_freiburg3_walking_xyz//rgb/1341846318.918047.png","mnId":81,"t":[0.0006287032156251371,0.0009563672356307507,0.09625937789678574]},{"R":[[0.9659554362297058,0.027932975441217422,0.25719621777534485],[-0.07051578164100647,0.9849393367767334,0.15786707401275635],[-0.2489129602909088,-0.17062894999980927,0.9533771872520447]],"file_name":"/home/jonas/Downloads/freiburg/rgbd_dataset_freiburg3_walking_xyz//rgb/1341846318.950044.png","mnId":82,"t":[0.016535179689526558,0.0028765832539647818,0.08581823855638504]},{"R":[[0.9640578031539917,0.023509755730628967,0.2646503150463104],[-0.06800708174705505,0.9847298264503479,0.1602567732334137],[-0.2568414509296417,-0.17249488830566406,0.9509353041648865]],"file_name":"/home/jonas/Downloads/freiburg/rgbd_dataset_freiburg3_walking_xyz//rgb/1341846318.982028.png","mnId":83,"t":[0.021997395902872086,0.004738684743642807,0.08678822219371796]},{"R":[[0.9614463448524475,0.02175537869334221,0.27413076162338257],[-0.06754478067159653,0.9850096702575684,0.1587250530719757],[-0.2665683329105377,-0.1711217164993286,0.9485033750534058]],"file_name":"/home/jonas/Downloads/freiburg/rgbd_dataset_freiburg3_walking_xyz//rgb/1341846319.018123.png","mnId":84,"t":[0.04046986997127533,0.004577722866088152,0.07554970681667328]},{"R":[[0.957723081111908,0.01718517579138279,0.2871778905391693],[-0.06638521701097488,0.9844763875007629,0.16247858107089996],[-0.2799276113510132,-0.17467385530471802,0.9439966082572937]],"file_name":"/home/jonas/Downloads/freiburg/rgbd_dataset_freiburg3_walking_xyz//rgb/1341846319.050745.png","mnId":85,"t":[0.041695792227983475,0.007275399751961231,0.06442005187273026]},{"R":[[0.9592908024787903,0.01278016623109579,0.2821309268474579],[-0.06442557275295258,0.9825384020805359,0.1745496541261673],[-0.27497369050979614,-0.18562032282352448,0.9433634281158447]],"file_name":"/home/jonas/Downloads/freiburg/rgbd_dataset_freiburg3_walking_xyz//rgb/1341846319.081905.png","mnId":86,"t":[0.05869073420763016,0.006610398646444082,0.08426418155431747]},{"R":[[0.9598186016082764,0.02415461279451847,0.2795797288417816],[-0.0762724056839943,0.9812376499176025,0.17707383632659912],[-0.2700570225715637,-0.1912829726934433,0.9436525106430054]],"file_name":"/home/jonas/Downloads/freiburg/rgbd_dataset_freiburg3_walking_xyz//rgb/1341846319.117976.png","mnId":87,"t":[0.08256231248378754,0.004374840762466192,0.08894704282283783]},{"R":[[0.9585509300231934,0.03409576043486595,0.28287380933761597],[-0.08726654201745987,0.9802327752113342,0.17756201326847076],[-0.2712280750274658,-0.1948876529932022,0.9425784349441528]],"file_name":"/home/jonas/Downloads/freiburg/rgbd_dataset_freiburg3_walking_xyz//rgb/1341846319.150093.png","mnId":88,"t":[0.1104232519865036,0.004138593561947346,0.08888890594244003]},{"R":[[0.9572844505310059,0.03737551346421242,0.2867220938205719],[-0.09199322015047073,0.9794540405273438,0.17946326732635498],[-0.27412354946136475,-0.1981738805770874,0.9410544037818909]],"file_name":"/home/jonas/Downloads/freiburg/rgbd_dataset_freiburg3_walking_xyz//rgb/1341846319.186069.png","mnId":89,"t":[0.11512761563062668,0.0024049985222518444,0.11168884485960007]},{"R":[[0.9615394473075867,0.03701199218630791,0.2721617817878723],[-0.08734031766653061,0.9806494116783142,0.175209641456604],[-0.2604104280471802,-0.19224166870117188,0.9461656808853149]],"file_name":"/home/jonas/Downloads/freiburg/rgbd_dataset_freiburg3_walking_xyz//rgb/1341846319.218149.png","mnId":90,"t":[0.14389082789421082,-0.002155908150598407,0.11374543607234955]},{"R":[[0.9663296937942505,0.03931319713592529,0.2542860507965088],[-0.08380002528429031,0.9824633598327637,0.16656310856342316],[-0.2432786226272583,-0.182264044880867,0.9526779651641846]],"file_name":"/home/jonas/Downloads/freiburg/rgbd_dataset_freiburg3_walking_xyz//rgb/1341846319.250034.png","mnId":91,"t":[0.1828082948923111,-0.013995233923196793,0.11982565373182297]},{"R":[[0.9687578678131104,0.050832848995923996,0.24274303019046783],[-0.091661736369133,0.9828534722328186,0.15999135375022888],[-0.23044800758361816,-0.17724312841892242,0.956806480884552]],"file_name":"/home/jonas/Downloads/freiburg/rgbd_dataset_freiburg3_walking_xyz//rgb/1341846319.286594.png","mnId":92,"t":[0.21382592618465424,-0.01455493550747633,0.1157757043838501]},{"R":[[0.9696289896965027,0.0602717362344265,0.23703786730766296],[-0.09993460774421692,0.9821998476982117,0.15904884040355682],[-0.22323240339756012,-0.17790666222572327,0.9583926796913147]],"file_name":"/home/jonas/Downloads/freiburg/rgbd_dataset_freiburg3_walking_xyz//rgb/1341846319.318034.png","mnId":93,"t":[0.24793708324432373,-0.012282575480639935,0.12084115296602249]},{"R":[[0.9696670174598694,0.0739203467965126,0.2329842746257782],[-0.11242913454771042,0.9812423586845398,0.1565987467765808],[-0.21703819930553436,-0.17804285883903503,0.9597890973091125]],"file_name":"/home/jonas/Downloads/freiburg/rgbd_dataset_freiburg3_walking_xyz//rgb/1341846319.350268.png","mnId":94,"t":[0.2692303955554962,-0.0067147184163331985,0.12254995107650757]},{"R":[[0.9662287831306458,0.09178648889064789,0.24078455567359924],[-0.13182418048381805,0.9789504408836365,0.15581515431404114],[-0.22141443192958832,-0.1822943091392517,0.9579898118972778]],"file_name":"/home/jonas/Downloads/freiburg/rgbd_dataset_freiburg3_walking_xyz//rgb/1341846319.386163.png","mnId":95,"t":[0.28572627902030945,-0.011137417517602444,0.11394895613193512]},{"R":[[0.9642226099967957,0.09139923006296158,0.2488391399383545],[-0.13353490829467773,0.978355348110199,0.1580798476934433],[-0.22900472581386566,-0.18565288186073303,0.9555573463439941]],"file_name":"/home/jonas/Downloads/freiburg/rgbd_dataset_freiburg3_walking_xyz//rgb/1341846319.418386.png","mnId":96,"t":[0.295199453830719,-0.013184316456317902,0.13539022207260132]},{"R":[[0.963256299495697,0.08466276526451111,0.2548912465572357],[-0.12795783579349518,0.9790536761283875,0.15836873650550842],[-0.2361442744731903,-0.18516500294208527,0.9539129137992859]],"file_name":"/home/jonas/Downloads/freiburg/rgbd_dataset_freiburg3_walking_xyz//rgb/1341846319.453961.png","mnId":97,"t":[0.29047736525535583,-0.00871910061687231,0.1374521553516388]},{"R":[[0.9585420489311218,0.08739062398672104,0.27121955156326294],[-0.1299530565738678,0.9811329245567322,0.14314472675323486],[-0.25359290838241577,-0.1724560558795929,0.951813817024231]],"file_name":"/home/jonas/Downloads/freiburg/rgbd_dataset_freiburg3_walking_xyz//rgb/1341846319.554083.png","mnId":99,"t":[0.294932097196579,-0.012297599576413631,0.13651134073734283]},{"R":[[0.9605148434638977,0.08052454143762589,0.2663213610649109],[-0.12207808345556259,0.9821159839630127,0.1433357447385788],[-0.2500164210796356,-0.17018811404705048,0.9531672596931458]],"file_name":"/home/jonas/Downloads/freiburg/rgbd_dataset_freiburg3_walking_xyz//rgb/1341846319.586296.png","mnId":100,"t":[0.3154377043247223,-0.0034273385535925627,0.1425764560699463]},{"R":[[0.936371386051178,0.09119416028261185,0.33895760774612427],[-0.14821425080299377,0.978074312210083,0.14629828929901123],[-0.31818416714668274,-0.18722787499427795,0.9293570518493652]],"file_name":"/home/jonas/Downloads/freiburg/rgbd_dataset_freiburg3_walking_xyz//rgb/1341846320.289887.png","mnId":120,"t":[0.31580644845962524,0.020549265667796135,0.1100429892539978]},{"R":[[0.9327174425125122,0.09131119400262833,0.3488558828830719],[-0.15542961657047272,0.9747322201728821,0.16043290495872498],[-0.3253917694091797,-0.20386110246181488,0.923342227935791]],"file_name":"/home/jonas/Downloads/freiburg/rgbd_dataset_freiburg3_walking_xyz//rgb/1341846320.321954.png","mnId":121,"t":[0.28015902638435364,0.03046473115682602,0.12711182236671448]},{"R":[[0.9331902861595154,0.08292797207832336,0.349683940410614],[-0.153516948223114,0.9717552065849304,0.17923282086849213],[-0.32494375109672546,-0.2209407240152359,0.919563353061676]],"file_name":"/home/jonas/Downloads/freiburg/rgbd_dataset_freiburg3_walking_xyz//rgb/1341846320.357890.png","mnId":122,"t":[0.25230276584625244,0.0010618817759677768,0.10894420742988586]},{"R":[[0.932663083076477,0.07675245404243469,0.3524891436100006],[-0.1502000242471695,0.9710035920143127,0.18598903715610504],[-0.32799309492111206,-0.22640898823738098,0.9171474575996399]],"file_name":"/home/jonas/Downloads/freiburg/rgbd_dataset_freiburg3_walking_xyz//rgb/1341846320.390064.png","mnId":123,"t":[0.18603356182575226,-0.0005630577798001468,0.10342039167881012]},{"R":[[0.9366491436958313,0.06933620572090149,0.34333789348602295],[-0.14206358790397644,0.9711699485778809,0.1914338320493698],[-0.32016614079475403,-0.22808215022087097,0.9194955825805664]],"file_name":"/home/jonas/Downloads/freiburg/rgbd_dataset_freiburg3_walking_xyz//rgb/1341846320.426544.png","mnId":124,"t":[0.15251152217388153,0.012875725515186787,0.11997132748365402]},{"R":[[0.9387689232826233,0.061886515468358994,0.3389439582824707],[-0.13497023284435272,0.971169114112854,0.19650326669216156],[-0.3170109987258911,-0.23021849989891052,0.9200562238693237]],"file_name":"/home/jonas/Downloads/freiburg/rgbd_dataset_freiburg3_walking_xyz//rgb/1341846320.458122.png","mnId":125,"t":[0.08970112353563309,0.017782356590032578,0.11200607568025589]},{"R":[[0.9413113594055176,0.05421329662203789,0.33315742015838623],[-0.12904998660087585,0.9698340892791748,0.2068040817975998],[-0.31189587712287903,-0.2376609891653061,0.9199120402336121]],"file_name":"/home/jonas/Downloads/freiburg/rgbd_dataset_freiburg3_walking_xyz//rgb/1341846320.490186.png","mnId":126,"t":[0.0261142086237669,0.016506940126419067,0.10851407796144485]},{"R":[[0.9453080296516418,0.049751993268728256,0.3223622739315033],[-0.12461795657873154,0.9684140086174011,0.2159738689661026],[-0.30143502354621887,-0.24433395266532898,0.9216495156288147]],"file_name":"/home/jonas/Downloads/freiburg/rgbd_dataset_freiburg3_walking_xyz//rgb/1341846320.525911.png","mnId":127,"t":[-0.019209004938602448,0.01849791221320629,0.1283825933933258]},{"R":[[0.9455931186676025,0.039587024599313736,0.32293426990509033],[-0.11620056629180908,0.9681978821754456,0.22156330943107605],[-0.30389323830604553,-0.24703387916088104,0.9201212525367737]],"file_name":"/home/jonas/Downloads/freiburg/rgbd_dataset_freiburg3_walking_xyz//rgb/1341846320.558091.png","mnId":128,"t":[-0.07897411286830902,0.012439501471817493,0.11746025085449219]},{"R":[[0.9458698630332947,0.02955099567770958,0.3231980800628662],[-0.10814744234085083,0.9676291942596436,0.22803042829036713],[-0.305997371673584,-0.2506401538848877,0.9184471368789673]],"file_name":"/home/jonas/Downloads/freiburg/rgbd_dataset_freiburg3_walking_xyz//rgb/1341846320.594093.png","mnId":129,"t":[-0.14167024195194244,0.0035636224783957005,0.10764502733945847]},{"R":[[0.9487747550010681,0.02647855319082737,0.31484174728393555],[-0.10549095273017883,0.9658467769622803,0.23666790127754211],[-0.2978222370147705,-0.2577574849128723,0.9191642999649048]],"file_name":"/home/jonas/Downloads/freiburg/rgbd_dataset_freiburg3_walking_xyz//rgb/1341846320.631955.png","mnId":130,"t":[-0.1826416701078415,-0.0029744396451860666,0.0968414694070816]},{"R":[[0.9479277729988098,0.024321597069501877,0.31755530834198],[-0.10454440861940384,0.9655930995941162,0.2381184846162796],[-0.30083778500556946,-0.25891774892807007,0.9178552031517029]],"file_name":"/home/jonas/Downloads/freiburg/rgbd_dataset_freiburg3_walking_xyz//rgb/1341846320.664916.png","mnId":131,"t":[-0.2242700606584549,-0.010021861642599106,0.09485341608524323]},{"R":[[0.9495634436607361,0.015591012313961983,0.3131871223449707],[-0.0959356352686882,0.9653170108795166,0.2428155541419983],[-0.29853910207748413,-0.2606145739555359,0.9181255102157593]],"file_name":"/home/jonas/Downloads/freiburg/rgbd_dataset_freiburg3_walking_xyz//rgb/1341846320.699927.png","mnId":132,"t":[-0.25483688712120056,-0.019274989143013954,0.09814459830522537]},{"R":[[0.9535806179046631,0.014053872786462307,0.3008098006248474],[-0.09281027317047119,0.9640012383460999,0.24917446076869965],[-0.2864791452884674,-0.2655261754989624,0.9205572009086609]],"file_name":"/home/jonas/Downloads/freiburg/rgbd_dataset_freiburg3_walking_xyz//rgb/1341846320.731822.png","mnId":133,"t":[-0.26447659730911255,-0.025328107178211212,0.09980488568544388]},{"R":[[0.9543384909629822,0.0212648157030344,0.29796960949897766],[-0.0984513983130455,0.9641253352165222,0.24651511013507843],[-0.2820379436016083,-0.2645943760871887,0.9221954345703125]],"file_name":"/home/jonas/Downloads/freiburg/rgbd_dataset_freiburg3_walking_xyz//rgb/1341846320.763877.png","mnId":134,"t":[-0.2640237808227539,-0.04310860112309456,0.11067178100347519]},{"R":[[0.9543713331222534,0.007268895860761404,0.2985338866710663],[-0.0811861976981163,0.9683648347854614,0.2359626442193985],[-0.2873745262622833,-0.24943281710147858,0.9247697591781616]],"file_name":"/home/jonas/Downloads/freiburg/rgbd_dataset_freiburg3_walking_xyz//rgb/1341846320.799999.png","mnId":135,"t":[-0.2723391056060791,-0.038347601890563965,0.09636823832988739]},{"R":[[0.9600849747657776,-0.007935980334877968,0.27959585189819336],[-0.0639234259724617,0.9669182896614075,0.2469470202922821],[-0.2723061144351959,-0.25496286153793335,0.9278164505958557]],"file_name":"/home/jonas/Downloads/freiburg/rgbd_dataset_freiburg3_walking_xyz//rgb/1341846320.831871.png","mnId":136,"t":[-0.2966076731681824,-0.04754099249839783,0.07813485711812973]},{"R":[[0.9637572765350342,0.0024387543089687824,0.2667695879936218],[-0.06875821948051453,0.9684464335441589,0.23954914510250092],[-0.25776785612106323,-0.24920982122421265,0.9335149526596069]],"file_name":"/home/jonas/Downloads/freiburg/rgbd_dataset_freiburg3_walking_xyz//rgb/1341846320.863887.png","mnId":137,"t":[-0.3127121925354004,-0.03468906134366989,0.09728053212165833]},{"R":[[0.9587974548339844,0.016296885907649994,0.28362271189689636],[-0.08193501830101013,0.9717928171157837,0.22114551067352295],[-0.27201855182647705,-0.2352723777294159,0.9330877661705017]],"file_name":"/home/jonas/Downloads/freiburg/rgbd_dataset_freiburg3_walking_xyz//rgb/1341846320.900014.png","mnId":138,"t":[-0.3430323898792267,-0.02857455052435398,0.0780792385339737]},{"R":[[0.9574235677719116,0.010313392616808414,0.28850257396698],[-0.07682929188013077,0.9724236726760864,0.2202031910419464],[-0.2782756984233856,-0.23299317061901093,0.9318137168884277]],"file_name":"/home/jonas/Downloads/freiburg/rgbd_dataset_freiburg3_walking_xyz//rgb/1341846320.931889.png","mnId":139,"t":[-0.3801654279232025,-0.009427864104509354,0.08072207868099213]},{"R":[[0.9563112854957581,0.013454198837280273,0.2920406460762024],[-0.08002686500549316,0.972832977771759,0.21723657846450806],[-0.28118401765823364,-0.2311168760061264,0.9314078092575073]],"file_name":"/home/jonas/Downloads/freiburg/rgbd_dataset_freiburg3_walking_xyz//rgb/1341846320.967866.png","mnId":140,"t":[-0.4312812387943268,-0.01551910676062107,0.10471400618553162]},{"R":[[0.9547086358070374,0.009159986861050129,0.2974013686180115],[-0.0743219256401062,0.9751836061477661,0.20855021476745605],[-0.288110613822937,-0.2212081253528595,0.9316969513893127]],"file_name":"/home/jonas/Downloads/freiburg/rgbd_dataset_freiburg3_walking_xyz//rgb/1341846321.000017.png","mnId":141,"t":[-0.4580627977848053,-0.02081063948571682,0.09929435700178146]},{"R":[[0.9543890953063965,0.0025089536793529987,0.29855504631996155],[-0.0667647197842598,0.9764358401298523,0.20522074401378632],[-0.2910049557685852,-0.21579338610172272,0.9320672154426575]],"file_name":"/home/jonas/Downloads/freiburg/rgbd_dataset_freiburg3_walking_xyz//rgb/1341846321.031860.png","mnId":142,"t":[-0.4845041334629059,-0.018643910065293312,0.10221204906702042]},{"R":[[0.9556605219841003,-0.003522123908624053,0.2944495975971222],[-0.06121063977479935,0.9757111668586731,0.210335373878479],[-0.28803858160972595,-0.2190326601266861,0.9322330355644226]],"file_name":"/home/jonas/Downloads/freiburg/rgbd_dataset_freiburg3_walking_xyz//rgb/1341846321.068047.png","mnId":143,"t":[-0.5044251084327698,-0.03361177444458008,0.0993219614