%YAML:1.0
---
mappointsFile: "map_fr3.mappoints"
nMappoints: 12270
ObjectsFile: "map_fr3.Objects"
nObjects: 128
keyframesFile: "map_fr3.keyframes"
nKeyframes: 572
graphsFile: "map_fr3.graphs"
nGraphs: 572
featuresFile: "map_fr3.features"
nFeatures: 575818
Options: 2
Options descriptions: [ FEATURES_FILE_NOT_DELIMITED ]
cameraMatrices:
   - { fx:5.3540002441406250e+02, fy:5.3920001220703125e+02,
       cx:3.2010000610351562e+02, cy:2.4760000610351562e+02 }
