1.000000000 0.000000000 0.000000000 0.000000000 0.000000000 1.000000000 0.000000000 0.000000000 0.000000000 0.000000000 1.000000000 0.000000000
1.000000000 0.000000000 0.000000000 0.000000000 0.000000000 1.000000000 0.000000000 0.000000000 0.000000000 0.000000000 1.000000000 0.000000000
1.000000000 0.000000000 0.000000000 0.000000000 0.000000000 1.000000000 0.000000000 0.000000000 0.000000000 0.000000000 1.000000000 0.000000000
0.991657599 -0.005471867 0.128783793 -0.035827598 0.007043682 0.999906125 -0.011752776 -0.040501955 -0.128707393 0.012561842 0.991603049 1.914237311
0.984622600 -0.008272466 0.174499004 0.212702205 0.010472259 0.999876838 -0.011689324 -0.054865988 -0.174380813 0.013336971 0.984587963 3.159947515
0.975471712 -0.009266521 0.219929697 0.491717535 0.012387551 0.999841134 -0.012816175 -0.078457265 -0.219775996 0.015226207 0.975431532 4.329780702
0.962301121 -0.005307850 0.271934513 0.577719201 0.009722355 0.999841885 -0.014888961 -0.036352737 -0.271812488 0.016971508 0.962200571 5.639301945
0.949143227 -0.006853335 0.314770022 0.936407509 0.012755956 0.999779240 -0.016696023 -0.057785070 -0.314586110 0.019862110 0.949021115 6.666515616
0.933896771 -0.007299905 0.357468226 1.267702700 0.014462855 0.999744544 -0.017368743 -0.102525837 -0.357250118 0.021390625 0.933763779 7.532359431
0.916257820 -0.007579325 0.400517366 1.668387604 0.015269110 0.999755210 -0.016011722 -0.135268542 -0.400297965 0.020786409 0.916149259 8.470784282
0.896456768 -0.007407799 0.443069280 2.122527232 0.015736321 0.999761791 -0.015123815 -0.169268551 -0.442851703 0.020530127 0.896359795 9.378982191
0.873878783 -0.007171583 0.486090980 2.603844136 0.016133588 0.999768234 -0.014254286 -0.198886648 -0.485876095 0.020298910 0.873791952 10.261171279
0.850048725 -0.007461839 0.526651199 3.130732492 0.017567622 0.999744973 -0.014190415 -0.237664022 -0.526411002 0.021314554 0.849963027 11.123740022
0.824240729 -0.009159975 0.566165449 3.703686106 0.020666678 0.999689607 -0.013913223 -0.271540749 -0.565862270 0.023168604 0.824174197 11.972527729
0.797228274 -0.008499114 0.603618128 4.294923208 0.021736199 0.999656653 -0.014632623 -0.310449969 -0.603286513 0.024785904 0.797139287 12.692877407
0.768053088 -0.011891964 0.640275750 4.937903456 0.026589936 0.999557526 -0.013331413 -0.341847877 -0.639833908 0.027264124 0.768029451 13.458615075
0.737472179 -0.011360485 0.675281959 5.625315722 0.026993759 0.999555382 -0.012663913 -0.378339575 -0.674837849 0.027567682 0.737450948 14.194746181
0.704697197 -0.009821978 0.709440194 6.333957821 0.028004511 0.999510042 -0.013979380 -0.412571891 -0.708955293 0.029718756 0.704626985 14.775545679
0.670537291 -0.011306496 0.741789663 7.085325491 0.032740430 0.999360678 -0.014363117 -0.439135536 -0.741153024 0.033917518 0.670478781 15.454500676
0.634975781 -0.009067923 0.772478822 7.853850981 0.031733270 0.999393311 -0.014353063 -0.476686582 -0.771880015 0.033627126 0.634878303 16.090610458
0.598432884 -0.007732131 0.801135630 8.674334241 0.035059184 0.999248287 -0.016544327 -0.498539532 -0.800405483 0.037987830 0.598254116 16.696546574
0.560728254 -0.006425259 0.827974964 9.512971295 0.039712996 0.999027756 -0.019142108 -0.529123685 -0.827046978 0.043614887 0.560438256 17.265910860
0.522683265 -0.005235508 0.852510876 10.362944213 0.040916059 0.998982850 -0.018951028 -0.555751335 -0.851544526 0.044786771 0.522365835 17.786010843
0.485071972 -0.006701088 0.874448556 11.253578311 0.045797162 0.998793041 -0.017750524 -0.581072757 -0.873274185 0.048657544 0.484793401 18.259576239
0.449100546 -0.006971558 0.893454026 12.217148096 0.049184607 0.998646198 -0.016930601 -0.596908799 -0.892126434 0.051547727 0.448835446 18.726142717
0.414339147 -0.004408409 0.910111882 13.149037154 0.051054742 0.998526219 -0.018406601 -0.619396326 -0.908689433 0.054092103 0.413953572 19.145895607
0.381708290 -0.004943159 0.924269629 14.120702601 0.050942152 0.998578229 -0.015697703 -0.646672441 -0.922877932 0.053076227 0.381417404 19.546377743
0.349285744 -0.006504354 0.936993683 15.140262445 0.053767847 0.998467371 -0.013112102 -0.665804419 -0.935472334 0.054960003 0.349100143 19.911416998
0.316695333 -0.006339931 0.948506126 16.173314619 0.054822191 0.998428390 -0.011630884 -0.686533524 -0.946941705 0.055682630 0.316545181 20.264067814
0.284958473 -0.003037785 0.958535049 17.189404278 0.052725913 0.998530658 -0.012510105 -0.696119075 -0.957088631 0.054104496 0.284699941 20.572030295
0.254312662 -0.001604279 0.967120725 18.228765238 0.053597211 0.998485176 -0.012437538 -0.706899659 -0.965635754 0.054997997 0.254013408 20.854745403
0.224611601 -0.001728945 0.974446838 19.326892668 0.056643374 0.998330694 -0.011285069 -0.722342004 -0.972800677 0.057730715 0.224334589 21.112933844
0.195065673 -0.002161315 0.980787802 20.391069429 0.059108070 0.998205849 -0.009556112 -0.744066621 -0.979007466 0.059836544 0.194843446 21.303950386
0.164652505 -0.002940504 0.986347254 21.463019733 0.057912042 0.998299265 -0.006691214 -0.765191819 -0.984650064 0.058223108 0.164542766 21.484912437
0.135005941 -0.003139495 0.990839815 22.569671143 0.058174535 0.998295063 -0.004763400 -0.780207494 -0.989135541 0.058284733 0.134958403 21.645687082
0.108131483 -0.003079549 0.994131832 23.687236050 0.061543493 0.998097902 -0.003602237 -0.789756736 -0.992229802 0.061571861 0.108115332 21.759154893
0.083020384 -0.003064682 0.996543137 24.804493926 0.066179235 0.997804757 -0.002444722 -0.805187312 -0.994347990 0.066153424 0.083040952 21.841937105
0.059614685 -0.002281520 0.998218856 25.923800072 0.069904704 0.997551874 -0.001894788 -0.810218678 -0.995770768 0.069893151 0.059628230 21.907764594
0.038947911 -0.002629879 0.999237781 27.155463469 0.075752887 0.997126568 -0.000328344 -0.817426739 -0.996365676 0.075707935 0.039035218 21.998874797
0.020647647 -0.002530845 0.999783611 28.503925445 0.079214663 0.996857186 0.000887487 -0.777696126 -0.996643724 0.079179197 0.020783235 22.054026367
0.004636637 -0.002254069 0.999986710 29.837295389 0.082593095 0.996581611 0.001863434 -0.787593076 -0.996572567 0.082583357 0.004806958 22.081365271
-0.009792674 -0.003322191 0.999946532 31.167918736 0.085304721 0.996346284 0.004145635 -0.812872907 -0.996306784 0.085340757 -0.009473496 22.068155974
-0.022859719 -0.004189735 0.999729903 32.495760520 0.085929599 0.996282291 0.006140144 -0.805838033 -0.996038924 0.086046751 -0.022414711 22.064162910
-0.035797926 -0.004031437 0.999350917 33.823944671 0.085601593 0.996304252 0.007085497 -0.809794149 -0.995686133 0.085799677 -0.035320528 22.062911816
-0.045751833 -0.001503894 0.998951705 35.056308837 0.086160965 0.996266344 0.005446010 -0.831718552 -0.995230153 0.086319807 -0.045451435 21.930864514
-0.056670667 0.002022659 0.998390878 36.404630303 0.086451380 0.996251883 0.002888828 -0.830870635 -0.994642948 0.086475981 -0.056633121 21.891987582
-0.065914002 0.004401077 0.997815602 37.657509624 0.087610854 0.996153801 0.001393677 -0.842896683 -0.993971671 0.087511340 -0.066046066 21.781091487
-0.073527763 0.005535011 0.997277811 39.034416782 0.087291211 0.996182424 0.000906916 -0.845395780 -0.993465607 0.087120271 -0.073730223 21.689880200
-0.077967070 0.005995838 0.996937905 40.299253049 0.087364216 0.996176082 0.000841197 -0.852098012 -0.993120652 0.087162284 -0.078192752 21.514235566
-0.083880887 0.007473839 0.996447760 41.715958456 0.088568323 0.996070104 -0.000015333 -0.866487885 -0.992531939 0.088252421 -0.084213189 21.428659542
-0.087808281 0.009057302 0.996096216 43.046792878 0.087543106 0.996159830 -0.001340745 -0.873783622 -0.992283181 0.087083628 -0.088263986 21.274797797
-0.092486369 0.009829467 0.995665432 44.498767537 0.088020870 0.996117251 -0.001657757 -0.885011593 -0.991815809 0.087486018 -0.092992465 21.171535979
-0.095211653 0.008727990 0.995418788 45.929611469 0.087622605 0.996153680 -0.000353345 -0.887443800 -0.991593173 0.087187544 -0.095610208 20.993826000
-0.097822618 0.006667143 0.995181534 47.422244530 0.088339734 0.996088375 0.002010246 -0.895890912 -0.991275354 0.088110720 -0.098028946 20.852999068
-0.099427458 0.005686874 0.995028562 48.841865222 0.087855270 0.996128471 0.003085710 -0.884827286 -0.991158732 0.087725308 -0.099542144 20.672767757
-0.101172161 0.006379122 0.994848481 50.308496055 0.090548574 0.995888040 0.002822644 -0.885987570 -0.990739698 0.090367684 -0.101333766 20.511929913
-0.102079809 0.005976546 0.994758259 51.783977798 0.089901123 0.995945420 0.003241769 -0.883435776 -0.990705557 0.089760803 -0.102203216 20.366711360
-0.103178109 0.007746520 0.994632731 53.287916669 0.091927321 0.995764127 0.001780738 -0.881262721 -0.990405798 0.091617656 -0.103453176 20.211565090
-0.103198413 0.008130293 0.994627561 54.794956153 0.091402582 0.995813116 0.001343567 -0.879235449 -0.990452248 0.091050181 -0.103509463 20.048754955
-0.102895901 0.009407148 0.994647646 56.345989295 0.091243100 0.995828648 0.000020745 -0.888397699 -0.990498425 0.090756869 -0.103325024 19.900040940
-0.101492504 0.009243498 0.994793360 57.912797388 0.091924937 0.995765931 0.000125988 -0.893737502 -0.990580172 0.091459104 -0.101912486 19.736892098
-0.100568151 0.008225546 0.994896169 59.480206839 0.091060812 0.995844860 0.000971408 -0.901943497 -0.990754246 0.090693746 -0.100899301 19.588030928
-0.099270264 0.009184621 0.995018119 61.112009101 0.091946843 0.995763917 -0.000018217 -0.903725610 -0.990803307 0.091486967 -0.099694244 19.416449571
-0.098127723 0.009749620 0.995126070 62.733246660 0.091950221 0.995763367 -0.000688805 -0.913774729 -0.990916801 0.091434471 -0.098608471 19.260107859
-0.097359920 0.010327222 0.995195656 64.371848728 0.093062568 0.995659506 -0.001227731 -0.925147264 -0.990888694 0.092495932 -0.097898408 19.098056243
-0.096132255 0.010109207 0.995317233 66.050318803 0.092700673 0.995693347 -0.001159576 -0.930737166 -0.991042469 0.092155104 -0.096655377 18.930896406
-0.095497847 0.008477687 0.995393535 67.754551425 0.094174281 0.995555571 0.000555993 -0.936286583 -0.990964866 0.093793567 -0.095871794 18.763394393
-0.095005067 0.006565634 0.995455137 69.466630226 0.095321196 0.995443348 0.002531786 -0.940121904 -0.990902572 0.095128507 -0.095198006 18.604163667
-0.094179272 0.007711840 0.995525385 71.194312861 0.096908822 0.995292196 0.001457791 -0.949442182 -0.990827404 0.096612486 -0.094483240 18.430883731
-0.093524408 0.009589404 0.995570805 72.937769812 0.098816671 0.995105610 -0.000302037 -0.953234551 -0.990700990 0.098350745 -0.094014256 18.262478511
-0.092798736 0.009306518 0.995641393 74.690610670 0.098291451 0.995157661 -0.000140744 -0.967239461 -0.990821470 0.097849977 -0.093264124 18.083365244
-0.092800328 0.009186697 0.995642357 76.449896105 0.098733921 0.995113869 0.000020821 -0.973693638 -0.990777327 0.098305606 -0.093253932 17.924889966
-0.092505387 0.008336610 0.995677284 78.256364291 0.098346326 0.995151924 0.000804850 -0.976224597 -0.990843456 0.097995656 -0.092876789 17.744160936
-0.092252534 0.008494931 0.995699406 80.052934032 0.099234118 0.995063864 0.000704631 -0.976279772 -0.990778512 0.098872356 -0.092640150 17.561438090
-0.092205219 0.008435314 0.995704295 81.854847050 0.100235608 0.994963364 0.000853082 -0.985079252 -0.990682099 0.099883684 -0.092586334 17.401473461
-0.092834473 0.009587418 0.995635396 83.705705606 0.100299168 0.994957298 -0.000228850 -0.991146116 -0.990616897 0.099840157 -0.093327946 17.243983235
-0.092564583 0.010476263 0.995651569 85.541197541 0.099541701 0.995032649 -0.001215473 -0.991032958 -0.990718551 0.098996341 -0.093147607 17.037358637
-0.095618281 0.011681063 0.995349535 89.287032194 0.097319792 0.995250433 -0.002330871 -1.016713056 -0.990649283 0.096644336 -0.096300934 16.694305484
-0.097403765 0.010598390 0.995188515 91.127440683 0.097242664 0.995260114 -0.001081557 -1.050612713 -0.990482898 0.096669435 -0.097972698 16.587842805
-0.097471290 0.010360270 0.995184411 93.014614029 0.096866840 0.995296966 -0.000874019 -1.048847904 -0.990513081 0.096315178 -0.098016446 16.368262969
-0.097762154 0.009437403 0.995165060 94.918222407 0.094343612 0.995539679 -0.000172911 -1.055739669 -0.990727937 0.093870562 -0.098216462 16.179014358
-0.100213301 0.010363701 0.994912000 96.843249105 0.094364971 0.995537294 -0.000865228 -1.072815141 -0.990480967 0.093798135 -0.100744049 16.007976495
-0.103287581 0.011148986 0.994589049 98.754328941 0.093248728 0.995641750 -0.001476952 -1.090080009 -0.990270847 0.092591613 -0.103877056 15.829627228
-0.107123587 0.012099342 0.994172089 100.728849766 0.093767865 0.995592053 -0.002012990 -1.099744196 -0.989814187 0.093005755 -0.107785922 15.613849655
-0.112549488 0.011538141 0.993579128 102.708081649 0.092109689 0.995748226 -0.001129437 -1.116373967 -0.989367686 0.091391147 -0.113133728 15.434326242
-0.117134818 0.010812168 0.993057164 104.675235751 0.090652523 0.995882572 -0.000150125 -1.130807512 -0.988969946 0.090005553 -0.117632675 15.187790293
-0.121805119 0.011737429 0.992484632 106.644168583 0.089483407 0.995987994 -0.000796789 -1.150540649 -0.988512131 0.088713853 -0.122366742 14.960859157
-0.126341398 0.013740138 0.991891657 108.616684437 0.090111038 0.995929027 -0.002318245 -1.162696129 -0.987885546 0.089087496 -0.127065203 14.701440936
-0.130975916 0.015329664 0.991267023 110.571186209 0.089696956 0.995962775 -0.003550641 -1.181774550 -0.987319485 0.088448586 -0.131822161 14.434320870
-0.136110826 0.015547739 0.990571608 112.524144742 0.088281226 0.996089427 -0.003503944 -1.204476817 -0.986752384 0.086971952 -0.136951128 14.193942505
-0.141189598 0.015387457 0.989862982 114.517755048 0.086603022 0.996237971 -0.003133892 -1.229043425 -0.986187312 0.085282653 -0.141991039 13.924426495
-0.146333545 0.014808463 0.989124463 116.505995090 0.085015933 0.996376845 -0.002339571 -1.250564474 -0.985575357 0.083748982 -0.147062311 13.636611153
-0.152302088 0.014311831 0.988230360 118.560473241 0.084214604 0.996446583 -0.001452004 -1.270039512 -0.984739546 0.083002285 -0.152966161 13.335832778
-0.157688513 0.014084080 0.987388460 120.565756088 0.084409612 0.996430871 -0.000732626 -1.288333825 -0.983874662 0.083229550 -0.158314535 13.023025106
-0.163392610 0.015777901 0.986434951 122.595931469 0.084770222 0.996398723 -0.001895972 -1.306474330 -0.982912440 0.083310522 -0.164141684 12.700095577
-0.169275315 0.016783207 0.985425894 124.587062071 0.084238116 0.996442516 -0.002500510 -1.325604548 -0.981962223 0.082587147 -0.170086906 12.368808512
-0.175248996 0.016817862 0.984380490 126.591431264 0.084745984 0.996400708 -0.001935919 -1.344391144 -0.980869975 0.083083025 -0.176043470 12.024753893
-0.181083129 0.016926177 0.983322127 128.600088826 0.084140511 0.996452521 -0.001657346 -1.363806079 -0.979861865 0.082437109 -0.181864917 11.679155268
-0.186412536 0.017860143 0.982309209 130.611404202 0.083559005 0.996500266 -0.002261194 -1.381146024 -0.978911773 0.081659265 -0.187252518 11.312730380
-0.191481027 0.018475034 0.981322419 132.645977222 0.082747402 0.996567120 -0.002615913 -1.400358512 -0.978001986 0.080700983 -0.192352457 10.925359060
-0.196514903 0.018483376 0.980326608 134.695084835 0.083754524 0.996484413 -0.001998706 -1.392219827 -0.976917127 0.081714013 -0.197372104 10.545412397
-0.200552754 0.018569126 0.979506907 136.714549206 0.086431770 0.996257062 -0.001189877 -1.407388556 -0.975862768 0.084421883 -0.201407060 10.135403398
-0.203884865 0.019689945 0.978796847 138.781279205 0.087767775 0.996139414 -0.001756656 -1.418527894 -0.975052706 0.085548665 -0.204825893 9.686108471
-0.206718646 0.020529980 0.978185014 140.851839298 0.088969690 0.996032114 -0.002102696 -1.445227634 -0.974346856 0.086594151 -0.207724956 9.231178648
-0.209701785 0.020408646 0.977552376 142.913817795 0.088334776 0.996089132 -0.001846315 -1.470520499 -0.973766979 0.085964695 -0.210684462 8.772964711
-0.213608832 0.020994860 0.976693648 144.978888002 0.087306287 0.996178816 -0.002319296 -1.495786132 -0.973010215 0.084776074 -0.214625576 8.326400340
-0.217770907 0.021591864 0.975761048 147.052657253 0.085943881 0.996295859 -0.002865259 -1.512931288 -0.972208559 0.083236721 -0.218819942 7.880007583
-0.222465202 0.021156433 0.974711054 149.115707066 0.084955449 0.996382240 -0.002236830 -1.527401184 -0.971232107 0.082309399 -0.223457731 7.430101066
-0.227440191 0.021143218 0.973562491 151.155023412 0.084616333 0.996411849 -0.001871680 -1.556086609 -0.970108775 0.081953593 -0.228413163 6.993330905
-0.231484193 0.021671995 0.972597241 153.225286124 0.084435791 0.996426695 -0.002106733 -1.578415719 -0.969167512 0.081634342 -0.232486922 6.497254357
-0.235613825 0.021521121 0.971608443 155.284180945 0.083975082 0.996466391 -0.001707872 -1.607069869 -0.968211914 0.081188501 -0.236588496 6.002260448
-0.239188962 0.020588043 0.970754744 157.310058669 0.083604605 0.996498863 -0.000534289 -1.632706422 -0.967366999 0.081031771 -0.240072784 5.483414016
-0.243351050 0.020005353 0.969731949 159.404271462 0.083760515 0.996485807 0.000462147 -1.657546242 -0.966314878 0.081337711 -0.244171526 4.960520514
-0.247627040 0.020522872 0.968638044 161.484229064 0.084564576 0.996417872 0.000507021 -1.675934480 -0.965157853 0.082038017 -0.248475516 4.443919078
-0.251327212 0.021648738 0.967660046 163.585317347 0.085044569 0.996377127 -0.000202853 -1.696725179 -0.964158729 0.082243249 -0.252257793 3.909819092
-0.255257256 0.022111276 0.966620311 165.659738922 0.084896798 0.996389680 -0.000373388 -1.753735734 -0.963138758 0.081967659 -0.256212872 3.382745094
-0.258257739 0.023334357 0.965794206 167.724074501 0.085778689 0.996313570 -0.001134120 -1.770493898 -0.962260337 0.082551665 -0.259307281 2.817241151
-0.262080034 0.023954041 0.964748807 169.760599887 0.085113927 0.996369913 -0.001617442 -1.786881559 -0.961285429 0.081689661 -0.263167483 2.294583302
-0.265774720 0.024158048 0.963732425 171.870982098 0.085515150 0.996335898 -0.001392259 -1.804055680 -0.960234845 0.082043695 -0.266866773 1.726221610
-0.269968536 0.024110889 0.962567221 173.982675575 0.084887005 0.996389921 -0.001150077 -1.825328632 -0.959120006 0.081398964 -0.271040629 1.138122422
-0.273943985 0.024827957 0.961425122 176.105625268 0.087386878 0.996174107 -0.000825710 -1.852959843 -0.957767314 0.083789741 -0.275065542 0.538634198
-0.277265044 0.024804554 0.960473232 178.248578100 0.089458622 0.995990534 0.000102707 -1.880688030 -0.956619700 0.085951089 -0.278372340 -0.095909809
-0.279958972 0.024233619 0.959706052 180.365359072 0.089975661 0.995943359 0.001098442 -1.897470307 -0.955786249 0.086657705 -0.281003715 -0.712985525
-0.282647703 0.023785793 0.958928836 182.514724467 0.089734837 0.995964163 0.001745226 -1.914813895 -0.955017243 0.086542607 -0.283641397 -1.351106419
-0.285627363 0.024447770 0.958028870 184.676971476 0.088630948 0.996064025 0.001006107 -1.926415755 -0.954233496 0.085198379 -0.286669970 -1.997065353
-0.288813372 0.026484765 0.957019014 186.847228417 0.087616139 0.996153674 -0.001126606 -1.938472033 -0.953367845 0.083524932 -0.290022994 -2.643676091
-0.291926721 0.028321100 0.956021289 188.978103018 0.087301306 0.996177868 -0.002852729 -1.961366088 -0.952448041 0.082629120 -0.293283407 -3.290983746
-0.295247888 0.029144563 0.954976062 191.129705736 0.086231942 0.996268051 -0.003744595 -1.988213147 -0.951521275 0.081243856 -0.296659230 -3.933727610
-0.298678565 0.029752415 0.953889883 193.291205852 0.084410751 0.996420200 -0.004648572 -2.020917912 -0.950613455 0.079130132 -0.300120779 -4.592593260
-0.302630349 0.029951313 0.952637282 195.451641074 0.085260591 0.996349663 -0.004240374 -2.055202326 -0.949286839 0.079939152 -0.304079313 -5.264081020
-0.306159730 0.028936394 0.951540280 197.614229317 0.084887176 0.996386091 -0.002987562 -2.089063528 -0.948187949 0.079858896 -0.307509626 -5.957113744
-0.309326771 0.028144862 0.950539224 199.765159980 0.084690340 0.996405425 -0.001942796 -2.118968867 -0.947177119 0.079900531 -0.310598470 -6.664540647
-0.313687554 0.027841802 0.949117987 201.932707587 0.084732812 0.996402956 -0.001224321 -2.148714844 -0.945738055 0.080037382 -0.314918320 -7.353265497
-0.317383551 0.028051747 0.947882261 204.090962561 0.084026067 0.996462636 -0.001354626 -2.173734626 -0.944567256 0.079216882 -0.318617928 -8.073644790
-0.321164976 0.028369063 0.946598254 206.252020380 0.083363221 0.996517974 -0.001581383 -2.211500863 -0.943347037 0.078403595 -0.322411607 -8.778226601
-0.324159908 0.028875883 0.945561493 208.441600798 0.083494788 0.996506574 -0.001807756 -2.239749723 -0.942310445 0.078363454 -0.325438465 -9.543312166
-0.327418837 0.029229400 0.944427100 210.626665701 0.084234020 0.996444655 -0.001636627 -2.273731248 -0.941117174 0.079017029 -0.328716860 -10.288084829
-0.329668887 0.029199421 0.943644964 212.788713825 0.085729286 0.996318080 -0.000879179 -2.293658840 -0.940196211 0.080608171 -0.330958318 -11.047460447
-0.331998268 0.028497210 0.942849436 214.969257153 0.086684925 0.996235692 0.000412905 -2.318504725 -0.939288493 0.081867917 -0.333218802 -11.814554537
-0.334018223 0.029187553 0.942114597 217.080350646 0.088231099 0.996099943 0.000421472 -2.347840361 -0.938427994 0.083264586 -0.335290782 -12.591430469
-0.337291633 0.029889936 0.940925579 219.335317905 0.087765137 0.996141178 -0.000182958 -2.361628790 -0.937300184 0.082518752 -0.338613380 -13.380065010
-0.339464655 0.030332194 0.940129622 221.505921093 0.087698083 0.996146988 -0.000473259 -2.390578597 -0.936521646 0.082286911 -0.340816769 -14.170462972
-0.342579434 0.031726454 0.938953014 223.727709235 0.087630358 0.996151632 -0.001686986 -2.414462214 -0.935393100 0.081702862 -0.344041263 -14.976225289
-0.345747683 0.032629998 0.937760003 225.937269503 0.087663709 0.996147377 -0.002340431 -2.463168179 -0.934223535 0.081398321 -0.347276114 -15.738926684
-0.348389147 0.032630318 0.936781866 228.148998683 0.085509187 0.996333151 -0.002903765 -2.492308441 -0.933441579 0.079091816 -0.349901848 -16.576774432
-0.351757657 0.033453585 0.935493136 230.333136312 0.086314310 0.996262908 -0.003171425 -2.525841090 -0.932103208 0.079630872 -0.353330630 -17.360191232
-0.354257167 0.033005669 0.934565399 232.530803289 0.087725999 0.996142779 -0.001926879 -2.556473470 -0.931024172 0.081303073 -0.355786174 -18.182857758
-0.357132742 0.031838034 0.933510870 234.706413276 0.088120718 0.996109769 -0.000260718 -2.589595892 -0.929887597 0.082168537 -0.358549004 -19.005915360
-0.360096888 0.031305434 0.932389511 236.960373257 0.086920466 0.996215247 0.000121021 -2.604723283 -0.928856859 0.081087310 -0.361455093 -19.904060556
-0.363139233 0.031498704 0.931202303 239.100525072 0.085642601 0.996325877 -0.000303678 -2.637634940 -0.927790516 0.079640309 -0.364502646 -20.727503800
-0.366913534 0.030951731 0.929739990 241.262215897 0.083934910 0.996471238 -0.000049105 -2.653764653 -0.926460679 0.078019625 -0.368216715 -21.545987518
-0.370493654 0.030099381 0.928347176 243.520379150 0.083037650 0.996546066 0.000828895 -2.687233767 -0.925115777 0.077394868 -0.371713375 -22.448300911
-0.374147882 0.030516910 0.926866808 245.736674621 0.082335139 0.996604609 0.000423173 -2.697353215 -0.923706819 0.076472037 -0.375390117 -23.353306165
-0.377873373 0.030552056 0.925353060 247.864787963 0.082018566 0.996630629 0.000587363 -2.702527396 -0.922217257 0.076118080 -0.379106013 -24.191327215
-0.381908127 0.030044649 0.923711807 250.039696357 0.081112460 0.996704330 0.001117097 -2.732756837 -0.920633994 0.075351165 -0.383086479 -25.064509248
-0.385919968 0.030104507 0.922040941 252.235253174 0.080322933 0.996768314 0.001074795 -2.751744724 -0.919028838 0.074475817 -0.387090878 -25.956119209
-0.389924861 0.030849438 0.920329786 254.425406225 0.080414835 0.996761266 0.000658697 -2.775573075 -0.917328762 0.074265010 -0.391142751 -26.867672272
-0.393744323 0.030959360 0.918698496 256.590050774 0.080677423 0.996739774 0.000988193 -2.812010766 -0.915672737 0.074507322 -0.394958348 -27.763380147
-0.397106181 0.030929369 0.917251359 258.741338147 0.080642833 0.996742211 0.001302979 -2.839297675 -0.914222847 0.074487169 -0.398306725 -28.689340100
-0.400466935 0.030899267 0.915790079 260.891940605 0.080607045 0.996744644 0.001618032 -2.865880277 -0.912758861 0.074467100 -0.401653972 -29.624322797
-0.404093001 0.032302477 0.914147360 263.098415214 0.081050335 0.996709824 0.000607864 -2.853287528 -0.911120019 0.074337584 -0.405381590 -30.592324280
-0.407551565 0.033044486 0.912584124 265.307277597 0.081482892 0.996674695 0.000300112 -2.867428456 -0.909539587 0.074482304 -0.408888892 -31.569378191
-0.411216168 0.034181098 0.910896765 267.503361670 0.082630161 0.996580277 -0.000093699 -2.888334285 -0.907784952 0.075229016 -0.412634312 -32.543995593
-0.414782548 0.035999664 0.909208151 269.656824833 0.084723714 0.996404160 -0.000801024 -2.917617405 -0.905967621 0.076699240 -0.416341081 -33.488830879
-0.418695563 0.036429259 0.907395688 271.859396684 0.086108082 0.996285766 -0.000265463 -2.977870450 -0.904035079 0.078022954 -0.420277283 -34.438885804
-0.421873119 0.038518424 0.905836300 274.041159992 0.088049528 0.996115183 -0.001350198 -3.011318128 -0.902369299 0.079188846 -0.423625748 -35.408560512
-0.425155509 0.040881678 0.904196595 276.192131429 0.089722651 0.995962732 -0.002842908 -3.037942302 -0.900662334 0.079918237 -0.427107055 -36.388857933
-0.427125589 0.041151235 0.903255394 278.318023529 0.090568475 0.995886981 -0.002543983 -3.060242630 -0.899644976 0.080719863 -0.429095819 -37.461274494
-0.430131872 0.042732206 0.901754141 280.506846416 0.091063222 0.995838038 -0.003753974 -3.062500765 -0.898161490 0.080501934 -0.432233012 -38.543094667
-0.433161262 0.042495255 0.900314098 282.630609631 0.090224744 0.995914929 -0.003598516 -3.088153687 -0.896789171 0.079671872 -0.435225891 -39.545762680
-0.436470793 0.044098376 0.898637068 284.893714269 0.091137683 0.995827668 -0.004601909 -3.095012728 -0.895090593 0.079891102 -0.438668716 -40.669389125
-0.440060311 0.044523426 0.896863751 287.095917719 0.090682227 0.995867609 -0.004943659 -3.130484868 -0.893377667 0.079154094 -0.442279293 -41.707242591
-0.443096711 0.044423456 0.895372471 289.303568026 0.089166168 0.996002715 -0.005290141 -3.160406756 -0.892028418 0.077492888 -0.445286596 -42.771616236
-0.445565546 0.044735925 0.894130886 291.526404960 0.090575536 0.995878541 -0.004690823 -3.184672591 -0.890655610 0.078896315 -0.447781147 -43.874926970
-0.448310048 0.044653829 0.892762083 293.769827880 0.091646158 0.995784440 -0.003785661 -3.197502724 -0.889167635 0.080121065 -0.450512522 -45.001768764
-0.450553769 0.044895639 0.891619697 295.995379405 0.093008648 0.995660365 -0.003135205 -3.227516574 -0.887891149 0.081515764 -0.452774212 -46.098552530
-0.452377351 0.044687135 0.890706345 298.204997238 0.093094393 0.995653705 -0.002671045 -3.253830984 -0.886954433 0.081711446 -0.454571307 -47.213739499
-0.454641677 0.044186469 0.889577709 300.477391051 0.092496907 0.995710574 -0.002185291 -3.259631634 -0.885858492 0.081289662 -0.456778637 -48.392206501
-0.460411538 0.044209391 0.886604052 305.001195396 0.093969833 0.995574687 -0.000844746 -3.290641320 -0.882717897 0.082925104 -0.462528422 -50.630293477
-0.462420822 0.045165325 0.885509501 307.262571925 0.093811989 0.995588321 -0.001790441 -3.314609076 -0.881683783 0.082243470 -0.464617819 -51.789442716
-0.465119415 0.047253130 0.883985900 309.543670539 0.092870436 0.995668664 -0.004358235 -3.334184937 -0.880363000 0.080069056 -0.467493246 -52.975111453
-0.468843733 0.046505702 0.882055992 311.780055144 0.091059986 0.995836956 -0.004103133 -3.353128083 -0.878574773 0.078396278 -0.471126725 -54.125343179
-0.472851408 0.044791576 0.880002989 313.990308113 0.089135251 0.996015591 -0.002801558 -3.375948565 -0.876622184 0.077114567 -0.474959883 -55.297362574
-0.477888703 0.042355904 0.877398635 316.199580703 0.086886972 0.996217880 -0.000767503 -3.398318968 -0.874112717 0.075867729 -0.479761447 -56.497954711
-0.483383020 0.041190998 0.874439339 318.497259541 0.085618486 0.996327917 0.000396576 -3.406100393 -0.871211990 0.075059870 -0.485134708 -57.692676174
-0.486418496 0.040906313 0.872767850 320.874354298 0.084203315 0.996448569 0.000225733 -3.392618612 -0.869659041 0.073599747 -0.488135462 -59.134389708
-0.490482907 0.042244562 0.870426283 323.191712527 0.087433708 0.996169914 0.000921362 -3.425914766 -0.867053553 0.076556510 -0.492297914 -60.438582601
-0.494531235 0.043596509 0.868065782 325.502558151 0.090659480 0.995880612 0.001632395 -3.457335081 -0.864418716 0.079505663 -0.496446506 -61.753807054
-0.498731889 0.043625420 0.865657741 327.847119716 0.090127805 0.995928697 0.001734869 -3.456878869 -0.862057702 0.078885067 -0.500633264 -63.040075294
-0.502384489 0.042314799 0.863608292 330.131499168 0.089861775 0.995948181 0.003475899 -3.461169420 -0.859962026 0.079351612 -0.504151401 -64.359651021
-0.506599997 0.040748092 0.861217764 332.400425538 0.089271512 0.995992755 0.005387886 -3.489928585 -0.857547107 0.079611715 -0.508207570 -65.645073570
-0.510561167 0.040447987 0.858889548 334.693411199 0.088429520 0.996066365 0.005658236 -3.503560409 -0.855282126 0.078840066 -0.512129602 -66.987721242
-0.514709782 0.040820008 0.856392181 336.984584780 0.088917458 0.996021131 0.005965836 -3.508816082 -0.852741183 0.079218890 -0.516291431 -68.354086026
-0.518800451 0.040974527 0.853912864 339.258982132 0.090278131 0.995891555 0.007061786 -3.522441701 -0.850115257 0.080753316 -0.520368092 -69.727408852
-0.522845292 0.040175587 0.851480313 341.541130352 0.090549114 0.995854742 0.008613386 -3.530344177 -0.847604660 0.081604256 -0.524315827 -71.122041032
-0.526878756 0.039380648 0.849027645 343.816790798 0.090812699 0.995816098 0.010166216 -3.534095781 -0.845075044 0.082458855 -0.528250610 -72.527251807
-0.529661567 0.038716503 0.847325001 346.099185549 0.089483639 0.995933687 0.010429262 -3.523274408 -0.843475727 0.081345704 -0.530972291 -73.944670133
-0.533213400 0.037401823 0.845153580 348.265338816 0.088688765 0.995988569 0.011877427 -3.517943140 -0.841319067 0.081288831 -0.534391573 -75.242825295
-0.536754836 0.036086958 0.842966178 350.426012025 0.087887904 0.996041282 0.013322192 -3.508916263 -0.839148355 0.081237281 -0.537801582 -76.549600647
-0.540213984 0.036973161 0.840715075 352.770974588 0.084134449 0.996401776 0.010241856 -3.520151332 -0.837311319 0.076265893 -0.541380890 -78.013806544
-0.543613876 0.034896552 0.838609673 354.651185665 0.078186412 0.996896309 0.009199720 -3.503764162 -0.835685849 0.070568977 -0.544655103 -79.266227227
-0.545805011 0.031983604 0.837301582 356.237326895 0.075256771 0.997103853 0.010969223 -3.434393063 -0.834525799 0.068999670 -0.546631262 -80.607942078
-0.547984163 0.029066649 0.835983545 357.819952349 0.072322413 0.997300043 0.012731550 -3.362149629 -0.833356362 0.067437035 -0.548606799 -81.953340747
-0.552883351 0.032297030 0.832632513 361.646860419 0.077479407 0.996912058 0.012778477 -3.507978020 -0.829648686 0.071576881 -0.553678434 -83.797860513
-0.556116889 0.031823929 0.830494578 363.991156019 0.076784657 0.996960135 0.013213880 -3.498638002 -0.827549468 0.071117703 -0.556869958 -85.301533655
-0.559358655 0.027961780 0.828454002 366.177785234 0.074310635 0.997098308 0.016519509 -3.498218548 -0.825588169 0.070803273 -0.559813426 -86.771602705
-0.563066485 0.025381035 0.826021753 368.334583529 0.071345191 0.997289444 0.017989656 -3.475044991 -0.823326179 0.069062052 -0.563351077 -88.154088354
-0.566296644 0.024712472 0.823830932 370.620293838 0.069461486 0.997425324 0.017827639 -3.451789892 -0.821269269 0.067320253 -0.566555179 -89.685481450
-0.568585478 0.024974025 0.822245008 372.501479608 0.069174525 0.997450386 0.017538908 -3.384425346 -0.819710583 0.066850776 -0.568863370 -91.118344729
-0.570872387 0.025234541 0.820650922 374.380646852 0.068888056 0.997475266 0.017249062 -3.317705553 -0.818143724 0.066380060 -0.571169444 -92.558017804
-0.574910945 0.023095708 0.817889964 376.954249430 0.068228965 0.997473337 0.019792669 -3.389677234 -0.815366306 0.067182808 -0.575034136 -94.121260090
-0.577739947 0.021524772 0.815937031 379.136507453 0.064868954 0.997701053 0.019611928 -3.387312918 -0.813639092 0.064259575 -0.577808043 -95.612953405
-0.580542381 0.018334732 0.814023576 381.284503695 0.054886566 0.998353644 0.016657295 -3.402035680 -0.812377997 0.054349224 -0.580592932 -97.124861160
-0.583955860 0.021585341 0.811498384 383.396335634 0.047659513 0.998833748 0.007727538 -3.403111199 -0.810385170 0.043188158 -0.584303567 -98.633298883
-0.586201467 0.031512702 0.809552216 385.499586934 0.057651146 0.998332623 0.002884345 -3.407053374 -0.808111494 0.048362420 -0.587040791 -100.190954481
-0.586913267 0.031953471 0.809019031 387.571564101 0.065142664 0.997845106 0.007847132 -3.446532355 -0.807024938 0.057307240 -0.587730065 -101.716227717
-0.589179327 0.022539808 0.807687859 389.771957451 0.064224361 0.997754491 0.019005450 -3.434875795 -0.805445810 0.063070855 -0.589303924 -103.314105304
-0.592486220 0.012544386 0.805482909 391.897890200 0.058641199 0.997897695 0.027593495 -3.354063746 -0.803443395 0.063583249 -0.591976251 -104.768289709
-0.595729467 0.002548797 0.803181116 394.018236805 0.053022835 0.997938360 0.036160863 -3.250690996 -0.801433080 0.064129031 -0.594636432 -106.229635283
-0.598683020 0.005657709 0.800966062 396.341489786 0.051090156 0.998208554 0.031136445 -3.287814674 -0.799355013 0.059562342 -0.597899565 -107.943798195
-0.601384235 0.010563723 0.798890111 398.262091699 0.056523673 0.997969664 0.029353437 -3.260370852 -0.796958014 0.062808897 -0.600760324 -109.243136496
-0.604051556 0.015481468 0.796794856 400.178360021 0.061962910 0.997697064 0.027589256 -3.237639889 -0.794532766 0.066037061 -0.603619740 -110.549743887
-0.606245973 0.020176726 0.795021208 402.476460908 0.062827981 0.997768737 0.022587453 -3.199449363 -0.792791565 0.063643129 -0.606160941 -112.403879610
-0.609137007 0.019961725 0.792813746 404.629623682 0.062387846 0.997791261 0.022811299 -3.163766771 -0.790607275 0.063357148 -0.609036952 -114.058617956
-0.612018266 0.019745806 0.790597082 406.775534746 0.061947148 0.997813616 0.023033417 -3.127501849 -0.788413719 0.063072106 -0.611903355 -115.720178262
-0.614626483 0.018372768 0.788604291 408.799293838 0.063255201 0.997657164 0.026056919 -3.080198021 -0.786277982 0.065898595 -0.614348687 -117.340985341
-0.616510894 0.019002113 0.787117042 410.903569066 0.064022758 0.997608061 0.026062282 -3.049391873 -0.784739068 0.066461085 -0.616252805 -118.961386650
-0.618388292 0.019631831 0.785627464 413.000668352 0.064789076 0.997558398 0.026069492 -3.018630436 -0.783197482 0.067021146 -0.618150362 -120.584382301
-0.618863767 0.019648377 0.785252557 415.136263218 0.064935322 0.997545056 0.026215739 -2.985665704 -0.782809710 0.067214599 -0.618620365 -122.231902060
-0.620215233 0.018800254 0.784206360 417.164667848 0.065894436 0.997427954 0.028202825 -2.947383468 -0.781659125 0.069166658 -0.619858843 -123.823093935
-0.621055729 0.018399939 0.783550397 419.247672064 0.067795117 0.997238518 0.030317665 -2.894995584 -0.780828793 0.071949850 -0.620588120 -125.475645975
-0.621837243 0.017836151 0.782943366 421.438064709 0.069613131 0.997042055 0.032575337 -2.852345424 -0.780046444 0.074759697 -0.621239513 -127.222257183
-0.622618186 0.017275852 0.782335056 423.624025513 0.071426142 0.996837532 0.034831620 -2.803416025 -0.779259200 0.077565974 -0.621883123 -128.968609298
-0.624924226 0.018517277 0.780465773 425.342508886 0.064582876 0.997518188 0.028044898 -2.765077898 -0.778009488 0.067930660 -0.624569181 -130.287655420
-0.626508248 0.018049254 0.779205775 427.475851633 0.061834241 0.997731758 0.026605743 -2.727123865 -0.776958134 0.064850315 -0.626203238 -131.934042535
-0.628088668 0.017574933 0.777943280 429.606100244 0.059087614 0.997935665 0.025160714 -2.692914714 -0.775895147 0.061769972 -0.627830544 -133.584938282
-0.629194750 0.016070308 0.777081534 431.441073984 0.059032941 0.997886443 0.027161724 -2.661664845 -0.775002631 0.062963422 -0.628813589 -135.062330385
-0.630298514 0.014568769 0.776216164 433.272299816 0.058975479 0.997833428 0.029160629 -2.625736209 -0.774109602 0.064157621 -0.629792127 -136.540649164
-0.630991717 0.014990621 0.775644722 435.568523479 0.055701445 0.998108277 0.026023368 -2.590713588 -0.773787311 0.059625061 -0.630633055 -138.391234602
-0.631558680 0.013371905 0.775212762 437.580151880 0.056057270 0.998022016 0.028454123 -2.562670908 -0.773298918 0.061426759 -0.631059060 -140.013565094
-0.632126975 0.011751473 0.774775704 439.594426012 0.056411915 0.997929627 0.030889392 -2.528279091 -0.772808633 0.063232599 -0.631481159 -141.640055488
-0.630433541 0.010466268 0.776172666 441.677874338 0.063008298 0.997299577 0.037729414 -2.483611889 -0.773681785 0.072691207 -0.629390565 -143.353222984
-0.629367869 0.009556620 0.777048747 443.649239805 0.066570052 0.996911770 0.041657547 -2.426134082 -0.774250937 0.077946097 -0.628060421 -144.863440067
-0.627789095 0.007414567 0.778348172 445.693288312 0.060836003 0.997363227 0.039567335 -2.347172123 -0.776002470 0.072191533 -0.626584830 -146.486260351
-0.626976489 0.006811334 0.779008400 447.776256365 0.053441983 0.997982168 0.034286250 -2.287313463 -0.777202957 0.063128427 -0.626075367 -148.126168635
-0.625161180 0.004982765 0.780479770 449.881789568 0.048678267 0.998281776 0.032617833 -2.223444698 -0.778976204 0.058383805 -0.624329565 -149.784680014
-0.622500886 0.004617340 0.782605473 451.916502391 0.046265524 0.998450844 0.030909754 -2.178461907 -0.781250375 0.055449001 -0.621750159 -151.365234338
-0.619580024 0.005378722 0.784915068 454.026770439 0.048507457 0.998327606 0.031448657 -2.117930975 -0.783433227 0.057559194 -0.618804750 -153.011813496
-0.616692581 0.005235475 0.787186668 456.145104958 0.049243355 0.998276026 0.031938501 -2.068572314 -0.785662366 0.058459949 -0.615887231 -154.698318060
-0.614491753 0.005909919 0.788901108 458.249846199 0.046641839 0.998494968 0.028850258 -2.025143447 -0.787543284 0.054524044 -0.613842572 -156.337483717
-0.613153521 0.001066104 0.789963052 460.346331447 0.039531317 0.998787617 0.029335492 -1.974289751 -0.788974039 0.049215440 -0.612452289 -157.927842073
-0.612438763 -0.004957275 0.790502490 462.464708466 0.030944941 0.999063549 0.030239645 -1.934472512 -0.789912129 0.042981984 -0.611711842 -159.519208629
-0.611663583 -0.007534999 0.791082097 464.508043969 0.024333180 0.999302335 0.028332663 -1.885922105 -0.790743674 0.036579601 -0.611053496 -161.099204042
-0.610978640 -0.007884093 0.791607821 466.594488418 0.022846032 0.999358324 0.027586225 -1.845435496 -0.791317357 0.034939692 -0.610406469 -162.682563893
-0.609791347 -0.007651907 0.792525054 468.696075113 0.025372150 0.999252405 0.029169935 -1.800818198 -0.792155772 0.037895638 -0.609141324 -164.293626279
-0.608282910 -0.008716134 0.793672432 470.784900667 0.027001122 0.999133708 0.031666596 -1.752527599 -0.793260891 0.040692296 -0.607520614 -165.891461946
-0.606771349 -0.011038803 0.794799770 472.934240461 0.025191707 0.999134218 0.033108781 -1.695969970 -0.794477129 0.040111822 -0.605967931 -167.504718655
-0.605930392 -0.011219107 0.795438553 475.011546245 0.023157729 0.999228040 0.031733964 -1.642893966 -0.795180533 0.037649124 -0.605202829 -169.087626993
-0.604779685 -0.010253458 0.796326817 477.123720014 0.022001226 0.999320364 0.029576279 -1.596789821 -0.796088864 0.035407299 -0.604143066 -170.682491348
-0.603993603 -0.008672864 0.796941973 479.217445129 0.022989730 0.999335095 0.028299108 -1.551592785 -0.796657517 0.035413961 -0.603392618 -172.236794734
-0.602863804 -0.007909735 0.797804907 481.328998939 0.025228785 0.999261815 0.028971266 -1.487617928 -0.797445134 0.037593376 -0.602219226 -173.816267909
-0.601730429 -0.007149263 0.798667252 483.444034283 0.027469943 0.999183087 0.029640534 -1.421865573 -0.798226718 0.039774955 -0.601042478 -175.393572883
-0.600793320 -0.007748147 0.799366845 485.574728481 0.027451322 0.999163309 0.030316788 -1.386674093 -0.798932920 0.040157801 -0.600077945 -176.969519357
