1.000000000 0.000000000 0.000000000 0.000000000 0.000000000 1.000000000 0.000000000 0.000000000 0.000000000 0.000000000 1.000000000 0.000000000
1.000000000 0.000000000 0.000000000 0.000000000 0.000000000 1.000000000 0.000000000 0.000000000 0.000000000 0.000000000 1.000000000 0.000000000
1.000000000 0.000000000 0.000000000 0.000000000 0.000000000 1.000000000 0.000000000 0.000000000 0.000000000 0.000000000 1.000000000 0.000000000
0.999993813 -0.002871338 0.002032010 0.001692331 0.002874350 0.999994772 -0.001480961 -0.002123832 -0.002027747 0.001486792 0.999996839 2.869421161
0.999983867 -0.005479455 0.001496830 -0.005413581 0.005472861 0.999975454 0.004374898 -0.002005804 -0.001520765 -0.004366635 0.999989310 3.843269711
0.999961019 -0.008829530 0.000011568 0.002027267 0.008829400 0.999951961 0.004256396 0.002347767 -0.000049149 -0.004256128 0.999990941 4.770374563
0.999933506 -0.011471593 -0.001176965 0.003480324 0.011473184 0.999933264 0.001354168 0.005618645 0.001161352 -0.001367582 0.999998390 5.704799471
0.999931926 -0.011562040 -0.001569380 -0.005126372 0.011558579 0.999930784 -0.002196813 0.008640634 0.001594671 0.002178524 0.999996356 6.621667912
0.999934944 -0.011186747 -0.002228148 -0.013817884 0.011180623 0.999933735 -0.002742206 0.007238941 0.002258677 0.002717116 0.999993758 7.545901842
0.999941341 -0.010424439 -0.002940427 -0.025816623 0.010422643 0.999945487 -0.000625214 0.004059985 0.002946784 0.000594530 0.999995481 8.476846217
0.999941271 -0.010244537 -0.003536071 -0.036271346 0.010252560 0.999944891 0.002258135 0.005175328 0.003512743 -0.002294256 0.999991198 9.398080401
0.999939150 -0.010070195 -0.004504238 -0.042103587 0.010087212 0.999942011 0.003771382 0.006071336 0.004465998 -0.003816588 0.999982744 10.337795944
0.999924089 -0.011287346 -0.004940806 -0.051388168 0.011309435 0.999926074 0.004465760 0.012009023 0.004890034 -0.004521298 0.999977822 11.255311892
0.999919846 -0.011310888 -0.005689014 -0.052671689 0.011336252 0.999925858 0.004446048 0.015285817 0.005638304 -0.004510184 0.999973934 12.181228346
0.999909403 -0.011834340 -0.006413579 -0.061777547 0.011854756 0.999924753 0.003154700 0.016294998 0.006375763 -0.003230445 0.999974457 13.092124474
0.999892074 -0.012320308 -0.008003149 -0.069981992 0.012328901 0.999923471 0.001025273 0.019767978 0.007989905 -0.001123832 0.999967449 14.005412970
0.999861870 -0.013649056 -0.009483897 -0.084151823 0.013646955 0.999906835 -0.000286298 0.021379681 0.009486921 0.000156832 0.999954986 14.914827292
0.999850304 -0.013313514 -0.011050798 -0.100607982 0.013301263 0.999910836 -0.001181343 0.023796959 0.011065541 0.001034177 0.999938240 15.823426472
0.999848173 -0.011992671 -0.012641449 -0.117888360 0.011967263 0.999926219 -0.002083619 0.022327869 0.012665505 0.001932020 0.999917923 16.718628639
0.999840350 -0.010639881 -0.014355046 -0.133506978 0.010610154 0.999941409 -0.002145374 0.022530515 0.014377031 0.001992722 0.999894659 17.620653935
0.999815409 -0.011112139 -0.015673835 -0.155285783 0.011094682 0.999937732 -0.001200260 0.019532982 0.015686196 0.001026143 0.999876438 18.515860582
0.999798262 -0.010582127 -0.017072015 -0.172534385 0.010584594 0.999943980 0.000054143 0.020538730 0.017070486 -0.000234832 0.999854261 19.398568985
0.999779777 -0.010219982 -0.018328930 -0.196933410 0.010235916 0.999947311 0.000775687 0.019479717 0.018320037 -0.000963130 0.999831710 20.282235205
0.999742051 -0.011259548 -0.019724451 -0.219317539 0.011274229 0.999936243 0.000633284 0.019063535 0.019716063 -0.000855499 0.999805254 21.164196850
0.999700739 -0.011389959 -0.021649516 -0.236168533 0.011394543 0.999935076 0.000088370 0.021407136 0.021647104 -0.000335030 0.999765618 22.039273654
0.999682685 -0.011077079 -0.022623620 -0.257773145 0.011087277 0.999938481 0.000325386 0.023091821 0.022618624 -0.000576117 0.999744000 22.905076754
0.999658120 -0.011053364 -0.023695288 -0.284201313 0.011109397 0.999935792 0.002234402 0.026158720 0.023669069 -0.002496878 0.999716730 23.765480644
0.999625987 -0.012437576 -0.024355539 -0.311788857 0.012563165 0.999908528 0.005010289 0.028540094 0.024290996 -0.005314397 0.999690805 24.616596864
0.999611670 -0.012200579 -0.025053028 -0.335817564 0.012374802 0.999900233 0.006810934 0.026091050 0.024967431 -0.007118315 0.999662922 25.453573550
0.999601465 -0.011486432 -0.025787057 -0.361508586 0.011635652 0.999916374 0.005644078 0.028284695 0.025720070 -0.005941878 0.999651525 26.281741169
0.999597787 -0.009895282 -0.026577201 -0.388953039 0.009980698 0.999945439 0.003083127 0.033233849 0.026545242 -0.003347146 0.999642009 27.097606190
0.999554990 -0.009331739 -0.028332692 -0.446806975 0.009364591 0.999955624 0.001027022 0.035095692 0.028321851 -0.001291889 0.999598021 28.705484984
0.999525874 -0.009194181 -0.029385276 -0.473992219 0.009214105 0.999957402 0.000542684 0.034956970 0.029379035 -0.000813186 0.999568012 29.499244290
0.999475547 -0.008813332 -0.031160155 -0.501185243 0.008805516 0.999961155 -0.000388043 0.033870943 0.031162365 0.000113459 0.999514329 30.257451702
0.999411793 -0.008716462 -0.033167610 -0.526334294 0.008707468 0.999962003 -0.000415601 0.032959149 0.033169973 0.000126550 0.999449717 31.020980657
0.999341885 -0.008864179 -0.035174183 -0.556914495 0.008893455 0.999960224 0.000675957 0.034504818 0.035166792 -0.000988332 0.999380968 31.780943522
0.999265010 -0.009194680 -0.037214206 -0.588916552 0.009307243 0.999952618 0.002852637 0.038438560 0.037186214 -0.003196902 0.999303240 32.533253214
0.999185947 -0.008158568 -0.039507990 -0.618553981 0.008335694 0.999955923 0.004320647 0.041016939 0.039470998 -0.004646456 0.999209913 33.274391135
0.999106663 -0.006831623 -0.041703769 -0.648182731 0.007024216 0.999965324 0.004473334 0.043836795 0.041671762 -0.004762274 0.999120005 34.010925107
0.999056357 -0.004431075 -0.043206023 -0.694402562 0.004607164 0.999981479 0.003976832 0.040675083 0.043187601 -0.004172136 0.999058269 34.721551398
0.998981450 -0.002806574 -0.045035375 -0.730696701 0.002953027 0.999990565 0.003185759 0.044500250 0.045026009 -0.003315505 0.998980313 35.447170278
0.998906331 -0.002337768 -0.046697711 -0.763752835 0.002533572 0.999988244 0.004134261 0.051134542 0.046687497 -0.004248052 0.998900511 36.158178363
0.998859565 -0.001064213 -0.047732969 -0.803246856 0.001360291 0.999980035 0.006170755 0.051098094 0.047725449 -0.006228648 0.998841071 36.851664346
0.998846866 0.001708332 -0.047979363 -0.841205024 -0.001389492 0.999976737 0.006677931 0.052876929 0.047989655 -0.006603564 0.998826004 37.536619360
0.998878403 0.004949016 -0.047089732 -0.877581401 -0.004736598 0.999978103 0.004621420 0.054010803 0.047111573 -0.004393192 0.998879973 38.209204993
0.998955597 0.006385288 -0.045243150 -0.914672273 -0.006319902 0.999978768 0.001588095 0.054660656 0.045252330 -0.001300504 0.998974742 38.866048847
0.999056462 0.006926999 -0.042874265 -0.947199283 -0.006943921 0.999975860 -0.000245767 0.056875322 0.042871528 0.000543250 0.999080446 39.515940393
0.999172849 0.008030863 -0.039863806 -0.975263527 -0.008017095 0.999967735 0.000505220 0.060402928 0.039866578 -0.000185210 0.999204995 40.157119806
0.999248200 0.012735433 -0.036617538 -1.007612720 -0.012625104 0.999915042 0.003242675 0.060117060 0.036655724 -0.002777937 0.999324092 40.789047844
0.999325775 0.016923154 -0.032582237 -1.036682755 -0.016708134 0.999836874 0.006860311 0.058628224 0.032693020 -0.006311298 0.999445513 41.412053944
0.999348384 0.021885955 -0.028702144 -1.055767011 -0.021671220 0.999734947 0.007771367 0.061833582 0.028864620 -0.007144293 0.999557799 42.024478729
0.999409439 0.025394423 -0.023149432 -1.078507544 -0.025209662 0.999648238 0.008238467 0.061359980 0.023350500 -0.007650012 0.999698070 42.618861877
0.999354551 0.034196533 -0.011003554 -1.105383590 -0.034070673 0.999354073 0.011429182 0.070777548 0.011387285 -0.011046906 0.999874140 43.748768973
0.999286131 0.037616037 -0.003501647 -1.112917667 -0.037575079 0.999232069 0.011107909 0.072853384 0.003916793 -0.010968404 0.999932174 44.275247130
0.999154580 0.040962064 0.003497859 -1.108067981 -0.040998642 0.999097333 0.011118925 0.076002028 -0.003039248 -0.011252932 0.999932065 44.787877770
0.998905757 0.045458280 0.010992456 -1.108676578 -0.045576056 0.998903436 0.010712122 0.079496149 -0.010493447 -0.011201394 0.999882201 45.282296250
0.998587991 0.049760586 0.018598609 -1.103895524 -0.049915996 0.998721483 0.007987016 0.083416229 -0.018177392 -0.008904107 0.999795129 45.750945583
0.998302141 0.051704897 0.026822350 -1.098684028 -0.051851731 0.998643222 0.004807533 0.085210648 -0.026537385 -0.006190156 0.999628656 46.198718010
0.998042985 0.052085886 0.034601447 -1.079363688 -0.052271016 0.998622946 0.004466867 0.088100770 -0.034321138 -0.006266778 0.999391208 46.629245690
0.997786041 0.051147496 0.042508232 -1.058252268 -0.051433120 0.998660446 0.005652264 0.093643317 -0.042162190 -0.007826081 0.999080128 47.039386044
0.997319643 0.052852522 0.050597823 -1.036597673 -0.053240214 0.998561579 0.006344427 0.095393064 -0.050189723 -0.009021260 0.998698958 47.419082563
0.996681710 0.055756468 0.059302495 -1.016405403 -0.056236250 0.998396648 0.006451179 0.095467423 -0.058847718 -0.009764723 0.998219213 47.783007972
0.995858614 0.060485002 0.067876253 -0.994293307 -0.061017327 0.998119884 0.005795067 0.097135950 -0.067398123 -0.009912695 0.997676917 48.114488931
0.994916716 0.064644108 0.077213133 -0.977626211 -0.065319602 0.997844805 0.006252517 0.084501396 -0.076642535 -0.011264265 0.996995004 48.421632200
0.994210733 0.063893518 0.086386559 -0.944535963 -0.064717993 0.997880598 0.006774447 0.086748091 -0.085770628 -0.012325993 0.996238661 48.714325781
0.993312528 0.062674597 0.096964510 -0.907266575 -0.063443502 0.997973579 0.004863979 0.087030346 -0.096463171 -0.010983219 0.995275954 48.990322286
0.992173487 0.061316215 0.108775430 -0.869079509 -0.061706892 0.998094288 0.000225956 0.089958209 -0.108554281 -0.006936381 0.994066323 49.264691472
0.990571927 0.062217936 0.122049930 -0.830584887 -0.062202888 0.998055760 -0.003937197 0.092721615 -0.122057600 -0.003691781 0.992516152 49.534790514
0.988377081 0.064053955 0.137868912 -0.798216504 -0.063802687 0.997942989 -0.006245655 0.092814983 -0.137985373 -0.002623345 0.990430793 49.812222910
0.985867723 0.065541440 0.154172474 -0.753938130 -0.065148402 0.997846601 -0.007605749 0.091804287 -0.154338971 -0.002545828 0.988014676 50.077808295
0.983047537 0.066207688 0.170979770 -0.695116902 -0.065697360 0.997802124 -0.008647480 0.084187763 -0.171176507 -0.002732035 0.985236591 50.328524219
0.979841728 0.065401663 0.188766551 -0.628759926 -0.064742767 0.997855217 -0.009661278 0.078348364 -0.188993551 -0.002754745 0.981974464 50.572903517
0.975976376 0.064317795 0.208166601 -0.562549974 -0.063619397 0.997923574 -0.010055484 0.075969232 -0.208381105 -0.003429519 0.978041693 50.827166454
0.971433328 0.064551853 0.228364506 -0.489669437 -0.063628994 0.997908401 -0.011409441 0.075189191 -0.228623359 -0.003447092 0.973508848 51.082080135
0.966092560 0.066525628 0.249478469 -0.410964637 -0.065192972 0.997779853 -0.013610338 0.071926005 -0.249830027 -0.003115397 0.968284696 51.337681622
0.959841335 0.067859985 0.272212481 -0.324877323 -0.066056093 0.997690870 -0.015796188 0.069252986 -0.272655836 -0.002819459 0.962107502 51.585727472
0.952500186 0.068969910 0.296625265 -0.231927816 -0.066942931 0.997612004 -0.016998066 0.065853122 -0.297089280 -0.003666303 0.954842666 51.840018431
0.943863612 0.071845531 0.322427824 -0.133705228 -0.069805471 0.997399989 -0.017901333 0.059142956 -0.322875639 -0.005610809 0.946424767 52.092091282
0.933889857 0.074036280 0.349811899 -0.024539140 -0.071914300 0.997228486 -0.019070399 0.052623331 -0.350254291 -0.007346826 0.936625835 52.339162423
0.922777885 0.074665823 0.378029086 0.101724159 -0.072326835 0.997172267 -0.020403416 0.044899851 -0.378483558 -0.008513827 0.925568858 52.567822339
0.910103219 0.072818292 0.407933361 0.240233096 -0.069703379 0.997313605 -0.022516920 0.036012812 -0.408477134 -0.007941612 0.912734004 52.802101993
0.895203583 0.070053353 0.440117112 0.388621027 -0.065615310 0.997523868 -0.025313334 0.029302179 -0.440800607 -0.006217834 0.897583513 53.028619211
0.877900423 0.069378704 0.473790505 0.546761301 -0.062846264 0.997583294 -0.029629708 0.020063721 -0.474701163 -0.003764030 0.880138988 53.246815240
0.858296199 0.071290659 0.508178390 0.716256388 -0.062199058 0.997454181 -0.034877419 0.013933334 -0.509371094 -0.001673061 0.860545344 53.475431674
0.836411232 0.073227338 0.543188741 0.902951401 -0.061686566 0.997315149 -0.039462153 0.005744906 -0.544620068 -0.000500860 0.838682735 53.708565205
0.811961658 0.076152068 0.578721979 1.105598848 -0.062761734 0.997095385 -0.043148101 -0.008203012 -0.580326832 -0.001286991 0.814382657 53.923926094
0.784538441 0.079960784 0.614903007 1.317383934 -0.065429979 0.996789846 -0.046140226 -0.021769542 -0.616618482 -0.004034310 0.787251784 54.156550463
0.754500774 0.084237555 0.650870661 1.548395860 -0.069013029 0.996413746 -0.048957613 -0.038239409 -0.652660543 -0.007979999 0.757608431 54.393581320
0.721369429 0.085373360 0.687268169 1.809230616 -0.068718958 0.996299026 -0.051632886 -0.054716712 -0.689132681 -0.009981967 0.724566428 54.628241547
0.684835148 0.082746910 0.723984647 2.090129196 -0.064939585 0.996508951 -0.052466757 -0.076666393 -0.725798643 -0.011084184 0.687817905 54.834300096
0.645732402 0.081275384 0.759225907 2.406503792 -0.061909435 0.996618086 -0.054033442 -0.097073983 -0.761049859 -0.012112102 0.648580303 55.060082362
0.603331849 0.080852703 0.793381069 2.745432011 -0.059988287 0.996629984 -0.055947117 -0.115842835 -0.795230838 -0.013838894 0.606148826 55.280219283
0.557133199 0.080562460 0.826506073 3.098537761 -0.056229906 0.996658577 -0.059244234 -0.134969022 -0.828517227 -0.013467429 0.559801601 55.471711670
0.509092271 0.079364893 0.857045082 3.487523499 -0.053002491 0.996740692 -0.060817174 -0.160108425 -0.859078457 -0.014463971 0.511639520 55.665284206
0.460139255 0.077454432 0.884461801 3.905011265 -0.051157142 0.996845361 -0.060681741 -0.184163591 -0.886371713 -0.017324487 0.462650029 55.858252119
0.410233416 0.075254908 0.908870311 4.329971233 -0.050729096 0.996929573 -0.059648855 -0.205280560 -0.910568560 -0.021636216 0.412791438 56.014798533
0.360199636 0.075151269 0.929843271 4.797186405 -0.053476028 0.996774221 -0.059845357 -0.224090232 -0.931341257 -0.028168049 0.363056503 56.173732379
0.310995951 0.075438590 0.947412549 5.272468009 -0.050839142 0.996738117 -0.062677817 -0.242993520 -0.949050526 -0.028673094 0.313816751 56.303897222
0.263775764 0.072039450 0.961890152 5.765241878 -0.039466768 0.997178190 -0.063859466 -0.275343159 -0.963776281 -0.021118116 0.265874603 56.394678519
0.220050407 0.066220965 0.973238204 6.288219301 -0.025789596 0.997739357 -0.062057009 -0.303018384 -0.975147535 -0.011443750 0.221260763 56.465143027
0.178096632 0.064992074 0.981864359 6.811724728 -0.016325773 0.997874267 -0.063090540 -0.335771182 -0.983877563 -0.004793482 0.178779092 56.508396767
0.139526051 0.066448391 0.987986383 7.354441550 -0.012913194 0.997783190 -0.065283654 -0.360720789 -0.990134198 -0.003649290 0.140074809 56.566980163
0.107280585 0.067144977 0.991958884 7.907080731 -0.003768520 0.997737218 -0.067128542 -0.394649375 -0.994221643 0.003463373 0.107290869 56.596092899
0.078083296 0.065303050 0.994805765 8.451742637 0.003041630 0.997832121 -0.065740453 -0.438761761 -0.996942199 0.008159063 0.077715393 56.600726330
0.053106648 0.063525145 0.996566225 9.031725992 0.009750718 0.997893955 -0.064129392 -0.475838727 -0.998541240 0.013122933 0.052375387 56.611275064
0.033339628 0.062552771 0.997484647 9.623914824 0.014381474 0.997906120 -0.063059884 -0.504616368 -0.999340604 0.016447692 0.032370218 56.614482325
0.017094068 0.064493187 0.997771728 10.209115172 0.017267493 0.997749669 -0.064787592 -0.534317097 -0.999704770 0.018336500 0.015941965 56.609887427
0.003827648 0.064216954 0.997928621 10.819312432 0.018151078 0.997767063 -0.064276178 -0.568180037 -0.999827929 0.018359507 0.002653494 56.607313695
-0.007963338 0.064927289 0.997858223 11.438957503 0.018608696 0.997726683 -0.064770225 -0.607633189 -0.999795130 0.018053053 -0.009153447 56.602312047
-0.017346487 0.068009449 0.997533866 12.051587205 0.023168194 0.997443442 -0.067600404 -0.643381264 -0.999581079 0.021938428 -0.018877795 56.578914105
-0.023878467 0.070097712 0.997254295 12.670293467 0.027438380 0.997208887 -0.069437529 -0.676445042 -0.999338258 0.025704981 -0.025735187 56.545840560
-0.028511474 0.069401804 0.997181270 13.323779037 0.027891891 0.997253628 -0.068609353 -0.713264876 -0.999204253 0.025857118 -0.030368918 56.527738616
-0.031809369 0.066529912 0.997277261 13.984806540 0.025621292 0.997508578 -0.065728121 -0.750287524 -0.999165509 0.023460762 -0.033434701 56.507152602
-0.034524676 0.059771700 0.997614851 14.660927610 0.023542195 0.997981588 -0.058978943 -0.784210639 -0.999126524 0.021449814 -0.035862148 56.486286427
-0.035676687 0.054178154 0.997893733 15.352525002 0.024835420 0.998269092 -0.053310618 -0.818821606 -0.999054741 0.022881163 -0.036960472 56.460058687
-0.035984084 0.051697293 0.998014296 16.038746851 0.027510187 0.998333849 -0.050721948 -0.855018640 -0.998973641 0.025630378 -0.037346331 56.419322300
-0.035564122 0.053935191 0.997910912 16.753376081 0.030970236 0.998122474 -0.052842891 -0.891768527 -0.998887400 0.029026226 -0.037167735 56.388866928
-0.034532673 0.061166617 0.997530019 17.469397908 0.031857919 0.997685458 -0.060073285 -0.929888734 -0.998895674 0.029704740 -0.036401387 56.357255588
-0.032446531 0.069290926 0.997068699 18.169848410 0.032607885 0.997136289 -0.068234500 -0.962020951 -0.998941414 0.030298329 -0.034613044 56.323374322
-0.030291506 0.070066554 0.997082295 18.899860183 0.033441275 0.997052648 -0.069048520 -0.997171007 -0.998981534 0.031252120 -0.032545341 56.304550202
-0.028314293 0.065655505 0.997440552 19.640760491 0.032755137 0.997365692 -0.064720759 -1.038293010 -0.999062261 0.030838780 -0.030390259 56.277366047
-0.025578566 0.059128213 0.997922638 20.391135943 0.032307792 0.997776685 -0.058291458 -1.084574048 -0.999150611 0.030749665 -0.027431999 56.257068775
-0.022593712 0.057650304 0.998081142 21.145456041 0.030633265 0.997907142 -0.056946804 -1.123287697 -0.999275301 0.029287844 -0.024312443 56.242342839
-0.018831320 0.063027745 0.997834097 21.874094274 0.038439838 0.997318834 -0.062269754 -1.164784093 -0.999083460 0.037183959 -0.021203606 56.209199276
-0.015927285 0.068811204 0.997502551 22.600674676 0.039997978 0.996874401 -0.068129217 -1.206330553 -0.999072812 0.038812971 -0.018629812 56.198939432
-0.014066050 0.069353686 0.997492964 23.343601290 0.033930267 0.997050239 -0.068844440 -1.251255956 -0.999325214 0.032876833 -0.016377747 56.207176659
-0.010750710 0.065694267 0.997781883 24.091222265 0.029644316 0.997421897 -0.065351160 -1.295808601 -0.999502695 0.028875990 -0.012670455 56.211469120
-0.006077220 0.062074122 0.998053040 24.848085705 0.033594370 0.997520762 -0.061836459 -1.347410352 -0.999417073 0.033153169 -0.008147494 56.204230452
-0.002495222 0.063110470 0.998003428 25.593194871 0.038366168 0.997277787 -0.062968659 -1.394553649 -0.999260632 0.038132446 -0.004909737 56.198326076
0.000381841 0.067540444 0.997716464 26.339126147 0.037972411 0.996995992 -0.067506205 -1.442118719 -0.999278715 0.037911477 -0.002183980 56.204432602
0.003846632 0.068413502 0.997649636 27.094528391 0.034500107 0.997054018 -0.068505679 -1.482606848 -0.999397291 0.034682536 0.001475027 56.219327314
0.007534520 0.067877240 0.997665230 27.857765649 0.033567777 0.997114092 -0.068093252 -1.532386105 -0.999408042 0.034002454 0.005234288 56.227062724
0.011051499 0.064698897 0.997843634 28.618357502 0.037654910 0.997169850 -0.065072252 -1.582220167 -0.999229689 0.038292858 0.008583991 56.238222771
0.014862265 0.065150677 0.997764753 29.360982549 0.042270638 0.996941928 -0.065726594 -1.631084397 -0.998995649 0.043152998 0.012062855 56.239017869
0.018032999 0.066110569 0.997649339 30.117090128 0.045076298 0.996743276 -0.066865304 -1.675470189 -0.998820774 0.046176121 0.014994251 56.253811888
0.020769902 0.066001107 0.997603361 30.869025194 0.045620905 0.996716689 -0.066892263 -1.720587997 -0.998742882 0.046900914 0.017690678 56.269994710
0.024245808 0.064473910 0.997624807 31.631316222 0.047199125 0.996731508 -0.065563284 -1.765857840 -0.998591199 0.048676653 0.021123448 56.284264054
0.027981401 0.063309910 0.997601572 32.387793765 0.049146719 0.996698261 -0.064631085 -1.816909369 -0.998399540 0.050837313 0.024777540 56.303491179
0.030593030 0.063689220 0.997500752 33.149497938 0.047499565 0.996747736 -0.065097937 -1.860799432 -0.998402653 0.049372395 0.027468324 56.331668208
0.033743402 0.065382021 0.997289614 33.910540513 0.045024843 0.996745303 -0.066869756 -1.903070804 -0.998415818 0.047159222 0.030689763 56.357001212
0.036692720 0.065418150 0.997183087 34.671960892 0.046799662 0.996647731 -0.067105087 -1.948893376 -0.998230152 0.049130100 0.033508168 56.383717078
0.039176706 0.065137642 0.997106952 35.433214005 0.044429664 0.996772567 -0.066861456 -1.994964984 -0.998244054 0.046920538 0.036156223 56.421681642
0.041308711 0.065571047 0.996992492 36.199345806 0.042673268 0.996817926 -0.067327661 -2.042320018 -0.998234733 0.045326147 0.038379132 56.462675588
0.044159032 0.065600550 0.996868370 36.956350928 0.039821246 0.996933153 -0.067368805 -2.089442153 -0.998230559 0.042671482 0.041411307 56.499502571
0.047505859 0.067615002 0.996579854 37.722523593 0.038321548 0.996848420 -0.069459969 -2.137588453 -0.998135588 0.041490238 0.044765029 56.537096998
0.051016165 0.071190636 0.996157239 38.493508892 0.037190222 0.996628839 -0.073128960 -2.186881537 -0.998005129 0.040778068 0.048196585 56.578118687
0.054454048 0.073497916 0.995807618 39.265130198 0.037393124 0.996437669 -0.075589198 -2.236858292 -0.997815870 0.041352495 0.051511748 56.621766008
0.057437831 0.075824322 0.995465503 40.044470799 0.031192384 0.996488550 -0.077702031 -2.287791389 -0.997861679 0.035513978 0.054871000 56.675939378
0.059978132 0.074932829 0.995383190 40.806393891 0.027435494 0.996677952 -0.076683461 -2.340748348 -0.997822588 0.031908161 0.057723063 56.731914673
0.063775869 0.075408720 0.995111131 41.585599183 0.029673998 0.996556867 -0.077420059 -2.398231992 -0.997522978 0.034466457 0.061318602 56.780884476
0.067385493 0.076558505 0.994785399 42.360902383 0.028944578 0.996482026 -0.078649746 -2.455849459 -0.997307077 0.034093495 0.064932479 56.839435534
0.071075096 0.077369478 0.994465834 43.142729785 0.024683561 0.996545512 -0.079295426 -2.512958029 -0.997165509 0.030182888 0.068919814 56.905924227
0.075277647 0.075470935 0.994302476 43.936061198 0.023780331 0.996712264 -0.077454231 -2.566439021 -0.996879016 0.029475414 0.073235431 56.969389327
0.079974388 0.075213766 0.993955224 44.730719559 0.024211558 0.996708410 -0.077370183 -2.628488866 -0.996502834 0.030252838 0.077890103 57.034828066
0.085255523 0.078687197 0.993247110 45.527691021 0.020827372 0.996518055 -0.080734050 -2.687935219 -0.996141414 0.027569751 0.083319820 57.102495135
0.091365522 0.087367527 0.991977448 46.319825152 0.018972632 0.995810362 -0.089452571 -2.748036479 -0.995636671 0.026993303 0.089325141 57.183636070
0.098579721 0.092232960 0.990845659 47.124847819 0.017355545 0.995384743 -0.094382193 -2.810707215 -0.994977801 0.026500837 0.096523997 57.274606778
0.106016037 0.095208832 0.989795877 47.928068737 0.013292057 0.995180937 -0.097150522 -2.878521568 -0.994275576 0.023455937 0.104239618 57.364534265
0.113083994 0.093563282 0.989170320 48.739583340 0.009463585 0.995409799 -0.095235356 -2.950003528 -0.993540362 0.020130692 0.111679472 57.470901404
0.120957275 0.091908570 0.988393723 49.562092135 0.009645394 0.995548644 -0.093754271 -3.020431343 -0.992610852 0.020873708 0.119532357 57.567620237
0.127919943 0.088544943 0.987824013 50.374732612 0.008661631 0.995868986 -0.090387717 -3.092038495 -0.991746674 0.020118559 0.126624560 57.681241751
0.135526960 0.083229261 0.987271661 51.194343270 0.007076811 0.996358653 -0.084966779 -3.154914714 -0.990748385 0.018502025 0.134444461 57.800700890
0.142570394 0.075837127 0.986875075 52.010752381 0.004648617 0.996998080 -0.077286606 -3.217796088 -0.989773748 0.015606386 0.141789872 57.932117543
0.150068032 0.073071535 0.985971671 52.822930964 0.004771693 0.997199881 -0.074629938 -3.283171920 -0.988664158 0.015904322 0.149299149 58.062646326
0.157166249 0.074788886 0.984736205 53.623806488 0.004427587 0.997064974 -0.076431887 -3.346355799 -0.987562234 0.016372518 0.156373828 58.196630927
0.163244353 0.081470560 0.983216064 54.409336522 0.005283363 0.996498100 -0.083448328 -3.403845047 -0.986571522 0.018817156 0.162242249 58.330623540
0.168144224 0.084769013 0.982110856 55.190131972 0.003912688 0.996230471 -0.086657600 -3.469281796 -0.985754640 0.018413668 0.167178725 58.466461523
0.173032053 0.087816318 0.980993478 55.968652761 0.002577437 0.995973425 -0.089611909 -3.535673315 -0.984912821 0.018034181 0.172108985 58.617069638
0.178428440 0.087311022 0.980071465 56.737814268 0.000105896 0.996053563 -0.088754088 -3.602992858 -0.983952885 0.015940039 0.177715038 58.763078397
0.183819388 0.084322740 0.979336565 57.502812594 0.003778064 0.996245747 -0.086487787 -3.671028166 -0.982952776 0.019598128 0.182810707 58.904328930
0.188203186 0.077672467 0.979053905 58.275822795 0.004647237 0.996786230 -0.079972583 -3.730834344 -0.982119119 0.019600990 0.187237382 59.056290369
0.191323392 0.071560851 0.978914912 59.025088219 0.002591809 0.997298384 -0.073411278 -3.792197192 -0.981523633 0.016582455 0.190621038 59.209921695
0.197763689 0.068376012 0.977862078 60.491678041 -0.002816108 0.997599760 -0.069186618 -3.900792404 -0.980245680 0.010928835 0.197481563 59.522153029
0.199785480 0.070499442 0.977300154 61.210148031 -0.004892887 0.997467586 -0.070954025 -3.953257578 -0.979827445 0.009393765 0.199624487 59.679978846
0.201000408 0.074954978 0.976719298 61.909667049 -0.009232718 0.997168978 -0.074624305 -4.005446805 -0.979547647 0.005981741 0.201123410 59.836342991
0.202965315 0.078963655 0.975996835 62.605237137 -0.010392592 0.996860694 -0.078490448 -4.061354169 -0.979130775 0.005787702 0.203148782 59.990842364
0.205019811 0.084311935 0.975119672 63.285923278 -0.010831718 0.996417326 -0.083876019 -4.116702784 -0.978697886 0.006634024 0.205198535 60.139145007
0.206549650 0.086354812 0.974617919 63.964479047 -0.010231242 0.996233812 -0.086101766 -4.171510828 -0.978382626 0.007812738 0.206655262 60.289076950
0.207825197 0.086270489 0.974354191 64.640106109 -0.012936221 0.996258418 -0.085450680 -4.230484959 -0.978080437 0.005154343 0.208163616 60.446496835
0.208809006 0.083350735 0.974397996 65.298722160 -0.012563499 0.996507753 -0.082549720 -4.282278359 -0.977875737 0.004995277 0.209126970 60.584424742
0.209665677 0.080693391 0.974437725 65.953421545 -0.012566269 0.996728841 -0.079835492 -4.338420019 -0.977692381 0.004493716 0.209993842 60.726034567
0.209579173 0.079515174 0.974553183 66.599831198 -0.011564410 0.996819809 -0.078844996 -4.389152493 -0.977723291 0.005254136 0.209832217 60.865271969
0.207932027 0.078727932 0.974969838 67.246893867 -0.012343996 0.996887478 -0.077865155 -4.446178182 -0.978065385 0.004155636 0.208256652 61.011637349
0.206325236 0.079662499 0.975235245 67.870345661 -0.013589577 0.996817516 -0.078550382 -4.496484072 -0.978389095 0.002953892 0.206751189 61.147758609
0.203966101 0.082519058 0.975493944 68.482380781 -0.014359773 0.996586161 -0.081300806 -4.546784856 -0.978872630 0.002574737 0.204454749 61.283368469
0.201752209 0.086363956 0.975621501 69.083867324 -0.012586184 0.996251166 -0.085587394 -4.597587960 -0.979355724 0.004988094 0.202082866 61.406158607
0.200226002 0.086983212 0.975880868 69.682322514 -0.010072586 0.996181280 -0.086726009 -4.643184266 -0.979697959 0.007535158 0.200337540 61.525167898
0.198002455 0.085917785 0.976428780 70.273379004 -0.010874642 0.996282293 -0.085459548 -4.688968042 -0.980141199 0.006302887 0.198200665 61.646632573
0.195550726 0.083053739 0.977170400 70.863239457 -0.011386389 0.996532572 -0.082420772 -4.738779200 -0.980627485 0.004991000 0.195818350 61.766669618
0.193356020 0.079100598 0.977934837 71.443766474 -0.011134931 0.996857470 -0.078429577 -4.790794910 -0.981065473 0.004275594 0.193629172 61.886236499
0.191418267 0.078167564 0.978390964 72.008358764 -0.007737302 0.996912874 -0.078133581 -4.840493297 -0.981478059 0.007386088 0.191432141 61.995143705
0.189748714 0.079584875 0.978601897 72.564756354 -0.004041292 0.996764293 -0.080278336 -4.884135851 -0.981824370 0.011277895 0.189456368 62.100862406
0.187324497 0.081582625 0.978904392 73.115912243 0.000035094 0.996544590 -0.083059488 -4.926475349 -0.982298087 0.015593430 0.186674351 62.201742383
0.184393138 0.086178990 0.979067083 74.198363833 -0.000517678 0.996156848 -0.087585760 -5.005909461 -0.982852432 0.015643372 0.183729100 62.406471449
0.183175494 0.084488921 0.979442883 74.749368423 0.001486911 0.996275100 -0.086218988 -5.051463447 -0.983079105 0.017249550 0.182367556 62.511278110
0.183922416 0.082989030 0.979431144 75.300153071 0.007502469 0.996281921 -0.085825678 -5.095175575 -0.982912131 0.023133418 0.182615955 62.606910119
0.186285193 0.081246213 0.979130675 75.856592872 0.012331682 0.996303159 -0.085017322 -5.136210578 -0.982418320 0.027911797 0.184594624 62.705184282
0.188280490 0.080588695 0.978803310 76.404313094 0.015224979 0.996268435 -0.084955311 -5.179975610 -0.981997279 0.030897688 0.186350948 62.805213244
0.191564033 0.080260293 0.978192980 76.962337427 0.012565287 0.996368606 -0.084212313 -5.228372868 -0.981399682 0.028423325 0.189859895 62.928016403
0.196900586 0.081020072 0.977070063 77.518869309 0.011209859 0.996328459 -0.084876033 -5.272418134 -0.980359372 0.027664958 0.195269434 63.049116514
0.203467468 0.079764513 0.975827143 78.084982242 0.012920497 0.996370363 -0.084137747 -5.312027469 -0.978996451 0.029727467 0.201698358 63.172068076
0.211139101 0.080152043 0.974164221 78.644105357 0.010503362 0.996388689 -0.084257107 -5.355478629 -0.977399590 0.028021970 0.209534746 63.295199268
0.219232054 0.077954289 0.972553564 79.205632487 0.010961638 0.996543340 -0.082348133 -5.399075448 -0.975611167 0.028714130 0.217619736 63.431353090
0.228248775 0.077724486 0.970495441 79.781884490 0.007409062 0.996640819 -0.081560924 -5.445286153 -0.973574652 0.025806642 0.226906180 63.577827680
0.237897087 0.077416256 0.968200237 80.365403806 0.006408357 0.996671732 -0.081267408 -5.489239716 -0.971269226 0.025537852 0.236609190 63.732775986
0.247445987 0.081378194 0.965478158 80.953148374 0.000822834 0.996448576 -0.084199515 -5.535058455 -0.968901340 0.021629261 0.246500241 63.897241396
0.256758548 0.083529954 0.962859177 81.541283637 -0.002720636 0.996316674 -0.085706966 -5.581268053 -0.966471751 0.019386407 0.256040077 64.067374873
0.267454956 0.086253203 0.959702158 82.141210545 -0.006977723 0.996132803 -0.087582816 -5.631391131 -0.963545099 0.016727922 0.267022506 64.250112483
0.277444981 0.087984573 0.956704237 82.744508119 -0.008382946 0.995981528 -0.089165700 -5.682846686 -0.960704954 0.016718576 0.277067646 64.436500789
0.287334532 0.088770193 0.953707879 83.364868225 -0.011437893 0.995943097 -0.089255380 -5.732614564 -0.957761996 0.014737744 0.287184188 64.635999217
0.297681245 0.089004035 0.950507316 83.988852416 -0.011843061 0.995912215 -0.089546652 -5.780656378 -0.954591860 0.015399443 0.297518468 64.839792070
0.307864303 0.089978297 0.947166024 84.623686722 -0.015992101 0.995866804 -0.089406714 -5.829189923 -0.951295865 0.012377961 0.308030782 65.061287116
0.318528776 0.085117250 0.944083933 85.281346821 -0.015488426 0.996294712 -0.084598788 -5.878618365 -0.947786646 0.012324774 0.318666868 65.288907571
0.329336152 0.078280820 0.940962174 85.948482424 -0.012221744 0.996827310 -0.078650767 -5.932652027 -0.944133639 0.014402342 0.329247998 65.525979359
0.340119792 0.073755005 0.937485320 86.619253366 -0.010489817 0.997155093 -0.074643712 -5.985050892 -0.940323609 0.015553754 0.339925860 65.777309020
0.350385157 0.070393803 0.933956613 87.305073303 -0.010848139 0.997409733 -0.071106556 -6.031118057 -0.936542877 0.014782991 0.350241207 66.051173242
0.359964457 0.068164820 0.930472540 88.002784410 -0.004903380 0.997451815 -0.071174675 -6.075558891 -0.932953132 0.021057893 0.359381439 66.320452106
0.368541535 0.062759217 0.927490387 88.707138228 0.001678815 0.997671953 -0.068175180 -6.116545004 -0.929609767 0.026682470 0.367578192 66.598503179
0.375615583 0.053363305 0.925237965 89.430236651 0.011277313 0.998003834 -0.062138303 -6.157595468 -0.926706942 0.033774313 0.374263997 66.882513839
0.383043707 0.048772400 0.922441744 90.152726313 0.016817582 0.998071414 -0.059754676 -6.203443816 -0.923577115 0.038401892 0.381484740 67.168990172
0.390385636 0.048690709 0.919362970 90.876528248 0.018997279 0.997961842 -0.060920155 -6.250602156 -0.920455408 0.041247748 0.388664978 67.477113022
0.397955321 0.054969259 0.915756487 91.589855556 0.021325524 0.997379279 -0.069136071 -6.293813350 -0.917156903 0.047042054 0.395740143 67.787582051
0.405068319 0.059586830 0.912342626 92.301489005 0.024837327 0.996788538 -0.076129605 -6.338926970 -0.913948994 0.053497844 0.402287480 68.105348117
0.410229244 0.061535895 0.909904006 92.997859684 0.023092395 0.996700182 -0.077817015 -6.393276802 -0.911690029 0.052934678 0.407454551 68.422015586
0.414736209 0.063072434 0.907753130 93.707501758 0.016058431 0.996932151 -0.076605575 -6.452056068 -0.909799980 0.046348197 0.412451016 68.761937393
0.418115310 0.066786670 0.905935499 94.379907246 0.009359427 0.996923953 -0.077814095 -6.506445238 -0.908345743 0.041014301 0.416204082 69.103228050
0.422245278 0.069799872 0.903790298 95.064663732 0.008820108 0.996667473 -0.081093492 -6.561700153 -0.906438708 0.042212872 0.420222492 69.430882848
0.426281943 0.074020745 0.901556784 95.742743772 0.005534742 0.996414393 -0.084425849 -6.619621588 -0.904573420 0.040979099 0.424343778 69.768364457
0.429620194 0.077060930 0.899715567 96.403545343 0.002311569 0.996254954 -0.086433349 -6.681217485 -0.903006725 0.039213267 0.427833115 70.095763219
0.433623144 0.075542758 0.897922191 97.054681540 0.000866016 0.996444298 -0.084249699 -6.744790372 -0.901093901 0.037310234 0.432015888 70.413127219
0.437717699 0.072542012 0.896181272 97.707310791 0.001769336 0.996668483 -0.081540207 -6.804406349 -0.899110719 0.037277238 0.436131084 70.734607145
0.441083010 0.069820683 0.894746249 98.349420452 0.001683601 0.996903050 -0.078622357 -6.858243781 -0.897464731 0.036185381 0.439599448 71.063509040
0.444941628 0.068850547 0.892909038 98.978441509 0.000531186 0.997019895 -0.077143034 -6.916077934 -0.895559415 0.034798448 0.443579083 71.378729203
0.448356555 0.070360372 0.891081263 99.589217432 -0.001401318 0.996951212 -0.078014847 -6.972062955 -0.893853700 0.033729780 0.447088208 71.690075847
0.451079551 0.071023402 0.889653256 100.198381084 -0.000620844 0.996853253 -0.079266679 -7.024651268 -0.892483531 0.035203242 0.449704212 72.000716181
0.453334821 0.069135188 0.888655088 100.798306053 0.001565364 0.996924150 -0.078356804 -7.073878284 -0.891338931 0.036912936 0.451832209 72.305513093
0.455119098 0.067775940 0.887847413 101.391097260 0.003787107 0.996942622 -0.078045289 -7.126332680 -0.890422520 0.038882275 0.453470951 72.608864032
0.457004194 0.067640682 0.886888891 101.976960796 0.002654731 0.996996103 -0.077406224 -7.176802657 -0.889460578 0.037729420 0.455451833 72.913346095
0.458912022 0.067069805 0.885946611 102.547072407 0.003988736 0.996981130 -0.077541703 -7.227398047 -0.888472760 0.039118626 0.457259103 73.210950964
0.461652264 0.068721023 0.884395052 103.117280242 0.003744994 0.996834772 -0.079412917 -7.273278580 -0.887053077 0.039973207 0.459933670 73.514720396
0.464356865 0.068657936 0.882982893 103.674369451 0.006391388 0.996704831 -0.080861795 -7.329423220 -0.885625119 0.043192216 0.462387912 73.808598128
0.467346563 0.068064922 0.881450144 104.219462555 0.007925209 0.996669250 -0.081164017 -7.380269482 -0.884038676 0.044917401 0.465250520 74.094748728
0.470557998 0.066289841 0.879875461 104.760471155 0.011103411 0.996650159 -0.081025762 -7.426539710 -0.882299204 0.047896939 0.468245661 74.382335077
0.474022633 0.065308155 0.878087347 105.284621752 0.012599106 0.996640395 -0.080927037 -7.472544324 -0.880422516 0.049424363 0.471607279 74.661456719
0.477234064 0.064780286 0.876385282 105.803860760 0.013603952 0.996615128 -0.081075394 -7.521181463 -0.878670917 0.050614243 0.474737420 74.948764579
0.480525083 0.064077230 0.874636927 106.313039054 0.013723975 0.996655563 -0.080556445 -7.572379659 -0.876873593 0.050712887 0.478038602 75.228022988
0.483852422 0.063576942 0.872837217 106.821044484 0.015114136 0.996601911 -0.080970325 -7.620973431 -0.875019084 0.052369868 0.481247337 75.515167736
0.487811609 0.064870316 0.870535282 107.323471210 0.014711280 0.996482543 -0.082499207 -7.665730591 -0.872824961 0.053050759 0.485141427 75.802422966
0.491864511 0.065073339 0.868236583 107.816488437 0.016578575 0.996322339 -0.084065145 -7.712888524 -0.870513902 0.055742786 0.488976776 76.085639549
0.496562460 0.068340287 0.865306494 108.306906435 0.014350859 0.996113103 -0.086906494 -7.762984807 -0.867882352 0.055572394 0.493651631 76.375753793
0.501731764 0.074245172 0.861831127 108.787555948 0.010878481 0.995689418 -0.092109938 -7.811205536 -0.864954852 0.055589896 0.498761333 76.670265930
0.507741186 0.081188332 0.857675547 109.264454371 0.005653564 0.995214102 -0.097554746 -7.860799081 -0.861491106 0.054381486 0.504852185 76.960284188
0.514012673 0.087425746 0.853315716 109.744791807 0.000348902 0.994771142 -0.102128612 -7.912611760 -0.857782519 0.052793125 0.511294471 77.259727358
0.520176919 0.091822222 0.849108151 110.225684902 -0.003338967 0.994414746 -0.105490116 -7.966216868 -0.854052003 0.052038379 0.517578190 77.570608571
0.525646624 0.092091922 0.845703674 110.712715384 -0.007576375 0.994590634 -0.103595703 -8.022661427 -0.850669281 0.048047363 0.523500932 77.890981233
0.531198028 0.091227906 0.842321865 111.202099755 -0.014045734 0.994997672 -0.098905765 -8.075093122 -0.847131260 0.040707519 0.529822165 78.214735798
0.536777445 0.088746908 0.839043480 111.700457522 -0.020269647 0.995522094 -0.092330398 -8.129933751 -0.843480359 0.032553760 0.536172675 78.556278575
0.542516434 0.087014555 0.835526412 112.204169449 -0.026776986 0.995906641 -0.086330507 -8.185247131 -0.839618313 0.024462840 0.542625707 78.908855189
0.548299694 0.085061687 0.831944682 112.712055401 -0.029436285 0.996160248 -0.082451594 -8.235700171 -0.835763693 0.020718823 0.548698260 79.267329653
0.554512310 0.088667727 0.827438295 113.227489146 -0.034549187 0.995903065 -0.083566970 -8.283319705 -0.831458028 0.017751593 0.555303907 79.636616124
0.560568376 0.092432191 0.822933403 113.739183503 -0.038288860 0.995581344 -0.085742346 -8.330998524 -0.827222497 0.016555266 0.561630540 79.999913192
0.566476263 0.095778544 0.818493197 114.266049377 -0.041440556 0.995277119 -0.087784605 -8.384129724 -0.823035433 0.015809082 0.567769979 80.387272228
0.572700299 0.097888051 0.813899439 114.796981299 -0.043572809 0.995076457 -0.089018288 -8.429227177 -0.818605996 0.015516915 0.574145842 80.774580196
0.579092706 0.098884307 0.809242566 115.337204318 -0.046388097 0.995005372 -0.088388093 -8.474521558 -0.813940896 0.013645677 0.580787408 81.175124736
0.585204433 0.101207435 0.804545106 115.883256775 -0.052904045 0.994831944 -0.086663516 -8.528267166 -0.809158164 0.008152183 0.587534346 81.598655345
0.592304510 0.099177081 0.799586940 116.447475770 -0.053479599 0.995046039 -0.083805213 -8.583495653 -0.803937373 0.006876616 0.594674206 82.035153953
0.599881910 0.097250362 0.794156194 117.012334331 -0.054107294 0.995244064 -0.081004037 -8.639120414 -0.798256910 0.005623214 0.602290864 82.472385136
