[{"R":[[1.0,0.0,0.0],[0.0,1.0,0.0],[0.0,0.0,1.0]],"file_name":"/home/jonas/Downloads/freiburg/rgbd_dataset_freiburg2_large_with_loop//rgb/1311875572.406161.png","t":[0.0,0.0,0.0]},{"R":[[0.9998941421508789,-0.014544721692800522,0.00032675679540261626],[0.014541573822498322,0.9998610019683838,0.008154773153364658],[-0.0004453202709555626,-0.008149158209562302,0.9999666810035706]],"file_name":"/home/jonas/Downloads/freiburg/rgbd_dataset_freiburg2_large_with_loop//rgb/1311875572.438063.png","t":[0.0019989439751952887,0.024813732132315636,-0.011354902759194374]},{"R":[[0.9993420243263245,-0.03235754370689392,-0.016386987641453743],[0.032940153032541275,0.9987859129905701,0.03662779927253723],[0.015181906521320343,-0.037143491208553314,0.9991946220397949]],"file_name":"/home/jonas/Downloads/freiburg/rgbd_dataset_freiburg2_large_with_loop//rgb/1311875572.470142.png","t":[0.015371645800769329,0.014880816452205181,-0.027799610048532486]},{"R":[[0.9974469542503357,-0.05192859098315239,-0.0490206815302372],[0.05468447878956795,0.9968947768211365,0.05666022747755051],[0.04592617601156235,-0.059196241199970245,0.9971893429756165]],"file_name":"/home/jonas/Downloads/freiburg/rgbd_dataset_freiburg2_large_with_loop//rgb/1311875572.506066.png","t":[0.08117949962615967,-0.01628255657851696,-0.015688451007008553]},{"R":[[0.9956147074699402,-0.06808043271303177,-0.06415880471467972],[0.07278767973184586,0.9945882558822632,0.07413619756698608],[0.058764372020959854,-0.07848106324672699,0.9951821565628052]],"file_name":"/home/jonas/Downloads/freiburg/rgbd_dataset_freiburg2_large_with_loop//rgb/1311875572.537983.png","t":[0.0606020949780941,-0.013218128122389317,-0.012741873040795326]},{"R":[[0.9920707941055298,-0.08310973644256592,-0.09427769482135773],[0.09163597971200943,0.9917139410972595,0.09003506600856781],[0.08601371198892593,-0.09796039015054703,0.9914662837982178]],"file_name":"/home/jonas/Downloads/freiburg/rgbd_dataset_freiburg2_large_with_loop//rgb/1311875572.570183.png","t":[0.079925537109375,-0.009173565544188023,-0.016805043444037437]},{"R":[[0.9884546399116516,-0.09514626115560532,-0.11791791021823883],[0.10705007612705231,0.9893024563789368,0.09910042583942413],[0.10722745209932327,-0.11057939380407333,0.9880660176277161]],"file_name":"/home/jonas/Downloads/freiburg/rgbd_dataset_freiburg2_large_with_loop//rgb/1311875572.606060.png","t":[0.08378506451845169,-0.01472502388060093,0.014083340764045715]},{"R":[[0.9833537340164185,-0.0977640450000763,-0.15315884351730347],[0.11128631979227066,0.9903714060783386,0.08234001696109772],[0.14363424479961395,-0.09801384806632996,0.9847651720046997]],"file_name":"/home/jonas/Downloads/freiburg/rgbd_dataset_freiburg2_large_with_loop//rgb/1311875572.638021.png","t":[0.12200719863176346,0.06722454726696014,0.03185775503516197]},{"R":[[0.9781480431556702,-0.09957727789878845,-0.18251250684261322],[0.11565587669610977,0.9900902509689331,0.079655222594738],[0.17277200520038605,-0.0990232452750206,0.9799715280532837]],"file_name":"/home/jonas/Downloads/freiburg/rgbd_dataset_freiburg2_large_with_loop//rgb/1311875572.670171.png","t":[0.1073765754699707,0.08895182609558105,0.031908586621284485]},{"R":[[0.9741540551185608,-0.09562124311923981,-0.2046470046043396],[0.11328791826963425,0.9906202554702759,0.07640254497528076],[0.19542177021503448,-0.09761188179254532,0.9758495092391968]],"file_name":"/home/jonas/Downloads/freiburg/rgbd_dataset_freiburg2_large_with_loop//rgb/1311875572.705956.png","t":[0.06298813968896866,0.07843556255102158,0.07321912795305252]},{"R":[[0.9706680774688721,-0.07916650921106339,-0.22701571881771088],[0.09150151163339615,0.9948182106018066,0.04431988298892975],[0.2223307192325592,-0.06379217654466629,0.972882091999054]],"file_name":"/home/jonas/Downloads/freiburg/rgbd_dataset_freiburg2_large_with_loop//rgb/1311875572.738041.png","t":[0.056575827300548553,0.0941438227891922,0.11447370797395706]},{"R":[[0.9638895988464355,-0.05828890576958656,-0.259844571352005],[0.05974545329809189,0.9982110261917114,-0.002295997692272067],[0.2595135271549225,-0.013311442919075489,0.9656477570533752]],"file_name":"/home/jonas/Downloads/freiburg/rgbd_dataset_freiburg2_large_with_loop//rgb/1311875572.769992.png","t":[0.09506504237651825,0.16959819197654724,0.15536344051361084]},{"R":[[0.9549126029014587,-0.02895772084593773,-0.2954714298248291],[0.025633253157138824,0.9995570778846741,-0.015119488351047039],[0.2957783639431,0.006863896269351244,0.9552319049835205]],"file_name":"/home/jonas/Downloads/freiburg/rgbd_dataset_freiburg2_large_with_loop//rgb/1311875572.806149.png","t":[0.12863370776176453,0.1420564502477646,0.15900227427482605]},{"R":[[0.9421398043632507,-0.011924264952540398,-0.33500799536705017],[0.008050299249589443,0.9998837113380432,-0.012950054369866848],[0.3351234495639801,0.009503847919404507,0.9421262741088867]],"file_name":"/home/jonas/Downloads/freiburg/rgbd_dataset_freiburg2_large_with_loop//rgb/1311875572.838072.png","t":[0.12565170228481293,0.09695862233638763,0.13700665533542633]},{"R":[[0.9231194257736206,0.005012104287743568,-0.384480744600296],[-0.005687969271093607,0.9999836087226868,-0.0006207136320881546],[0.3844713568687439,0.0027599073946475983,0.9231327772140503]],"file_name":"/home/jonas/Downloads/freiburg/rgbd_dataset_freiburg2_large_with_loop//rgb/1311875572.870097.png","t":[0.12625490128993988,0.04657888039946556,0.17794454097747803]},{"R":[[0.8997635245323181,0.012773732654750347,-0.4361908435821533],[-0.0038763675838708878,0.9997659921646118,0.021281806752085686],[0.436360627412796,-0.017457757145166397,0.899602472782135]],"file_name":"/home/jonas/Downloads/freiburg/rgbd_dataset_freiburg2_large_with_loop//rgb/1311875572.905964.png","t":[0.12107624113559723,-0.005827660672366619,0.18281424045562744]},{"R":[[0.8743469715118408,0.00982861127704382,-0.4852018356323242],[0.004933466669172049,0.9995632171630859,0.029138144105672836],[0.4852762818336487,-0.027870573103427887,0.8739165663719177]],"file_name":"/home/jonas/Downloads/freiburg/rgbd_dataset_freiburg2_large_with_loop//rgb/1311875572.938139.png","t":[0.09684325009584427,-0.013463512063026428,0.21641258895397186]},{"R":[[0.8446361422538757,0.014326381497085094,-0.5351490378379822],[0.001019611139781773,0.9995970129966736,0.02836930751800537],[0.5353398323059082,-0.02450738660991192,0.8442811369895935]],"file_name":"/home/jonas/Downloads/freiburg/rgbd_dataset_freiburg2_large_with_loop//rgb/1311875572.970071.png","t":[0.0985039472579956,-0.008332031778991222,0.23079386353492737]},{"R":[[0.8103647232055664,0.027407260611653328,-0.585284411907196],[-0.012841830961406231,0.9994962215423584,0.02902330458164215],[0.5857850313186646,-0.016003338620066643,0.8103084564208984]],"file_name":"/home/jonas/Downloads/freiburg/rgbd_dataset_freiburg2_large_with_loop//rgb/1311875573.006008.png","t":[0.11419408768415451,-0.010925603099167347,0.22858956456184387]},{"R":[[0.7861317992210388,0.028192462399601936,-0.6174155473709106],[-0.01969791390001774,0.999594509601593,0.020562930032610893],[0.6177449226379395,-0.00400337390601635,0.7863683700561523]],"file_name":"/home/jonas/Downloads/freiburg/rgbd_dataset_freiburg2_large_with_loop//rgb/1311875573.038089.png","t":[0.028827469795942307,0.019474610686302185,0.20958390831947327]},{"R":[[0.7585175037384033,0.03254891186952591,-0.6508392691612244],[-0.012639468535780907,0.9992987513542175,0.03524499759078026],[0.6515300869941711,-0.018507685512304306,0.7583970427513123]],"file_name":"/home/jonas/Downloads/freiburg/rgbd_dataset_freiburg2_large_with_loop//rgb/1311875573.070140.png","t":[-0.024556228891015053,-0.002981329569593072,0.1836881935596466]},{"R":[[0.7126514315605164,0.03950105607509613,-0.7004052996635437],[0.0029010216239839792,0.9982389807701111,0.05924985557794571],[0.7015122771263123,-0.044256385415792465,0.7112818360328674]],"file_name":"/home/jonas/Downloads/freiburg/rgbd_dataset_freiburg2_large_with_loop//rgb/1311875573.106115.png","t":[0.02986842393875122,-0.05512114614248276,0.2634875774383545]},{"R":[[0.6947656273841858,0.035613104701042175,-0.7183539271354675],[0.02477583847939968,0.9969955682754517,0.07338932156562805],[0.7188093066215515,-0.06878620386123657,0.6917959451675415]],"file_name":"/home/jonas/Downloads/freiburg/rgbd_dataset_freiburg2_large_with_loop//rgb/1311875573.137999.png","t":[-0.040195830166339874,-0.05004626885056496,0.21564511954784393]},{"R":[[0.6979553699493408,0.024461844936013222,-0.7157233357429504],[0.03689810633659363,0.996860682964325,0.0700526013970375],[0.715190052986145,-0.07530242949724197,0.694861650466919]],"file_name":"/home/jonas/Downloads/freiburg/rgbd_dataset_freiburg2_large_with_loop//rgb/1311875573.170088.png","t":[-0.19214260578155518,0.015140177682042122,0.14092394709587097]},{"R":[[0.6832610964775085,0.02218456193804741,-0.7298370599746704],[0.03974692523479462,0.9969263076782227,0.06751356273889542],[0.7290915250778198,-0.0751381665468216,0.6802791953086853]],"file_name":"/home/jonas/Downloads/freiburg/rgbd_dataset_freiburg2_large_with_loop//rgb/1311875573.206145.png","t":[-0.25784510374069214,0.04117673262953758,0.13495296239852905]},{"R":[[0.6422191858291626,0.03715391829609871,-0.7656200528144836],[0.044483065605163574,0.995334804058075,0.085614874958992],[0.7652292251586914,-0.08904064446687698,0.6375703811645508]],"file_name":"/home/jonas/Downloads/freiburg/rgbd_dataset_freiburg2_large_with_loop//rgb/1311875573.238077.png","t":[-0.20679901540279388,0.006993455346673727,0.19252626597881317]},{"R":[[0.6192154884338379,0.05043723061680794,-0.7835995554924011],[0.0368584506213665,0.9949678778648376,0.09316844493150711],[0.7843555212020874,-0.08657360821962357,0.6142405271530151]],"file_name":"/home/jonas/Downloads/freiburg/rgbd_dataset_freiburg2_large_with_loop//rgb/1311875573.269952.png","t":[-0.22702255845069885,0.025178730487823486,0.18282659351825714]},{"R":[[0.600792407989502,0.06076645851135254,-0.7970921397209167],[0.03205982595682144,0.9944729804992676,0.09997827559709549],[0.7987619638442993,-0.08562082797288895,0.5955236554145813]],"file_name":"/home/jonas/Downloads/freiburg/rgbd_dataset_freiburg2_large_with_loop//rgb/1311875573.306031.png","t":[-0.24233011901378632,0.0358085036277771,0.1668296456336975]},{"R":[[0.5794498324394226,0.07228449732065201,-0.8117960691452026],[0.02694987691938877,0.993815004825592,0.10772842913866043],[0.8145622611045837,-0.08430102467536926,0.5739178657531738]],"file_name":"/home/jonas/Downloads/freiburg/rgbd_dataset_freiburg2_large_with_loop//rgb/1311875573.337963.png","t":[-0.24020670354366302,0.04423171654343605,0.16178299486637115]},{"R":[[0.5601474046707153,0.08290193229913712,-0.8242342472076416],[0.023305941373109818,0.9930088520050049,0.11571602523326874],[0.828065037727356,-0.08402758836746216,0.5542992949485779]],"file_name":"/home/jonas/Downloads/freiburg/rgbd_dataset_freiburg2_large_with_loop//rgb/1311875573.370172.png","t":[-0.25331854820251465,0.05479028820991516,0.1479979306459427]},{"R":[[0.5392904281616211,0.09217473119497299,-0.8370600938796997],[0.022176135331392288,0.9920925498008728,0.12353383004665375],[0.8418278098106384,-0.08518337458372116,0.5329819321632385]],"file_name":"/home/jonas/Downloads/freiburg/rgbd_dataset_freiburg2_large_with_loop//rgb/1311875573.406185.png","t":[-0.26193132996559143,0.06439689546823502,0.13450995087623596]},{"R":[[0.526808500289917,0.10574956238269806,-0.8433799743652344],[0.016072841361165047,0.990813672542572,0.1342756748199463],[0.8498319983482361,-0.08429308235645294,0.5202693939208984]],"file_name":"/home/jonas/Downloads/freiburg/rgbd_dataset_freiburg2_large_with_loop//rgb/1311875573.438150.png","t":[-0.2784293293952942,0.08451975882053375,0.11345764249563217]},{"R":[[0.5156999230384827,0.1151919811964035,-0.8489902019500732],[0.013690418563783169,0.9896860718727112,0.14259769022464752],[0.8566598892211914,-0.08516065031290054,0.5088040232658386]],"file_name":"/home/jonas/Downloads/freiburg/rgbd_dataset_freiburg2_large_with_loop//rgb/1311875573.470113.png","t":[-0.27703413367271423,0.09160535782575607,0.10196661949157715]},{"R":[[0.5020269155502319,0.13238000869750977,-0.8546604514122009],[0.00693358713760972,0.9875680208206177,0.1570390909910202],[0.8648242354393005,-0.08476371318101883,0.49486786127090454]],"file_name":"/home/jonas/Downloads/freiburg/rgbd_dataset_freiburg2_large_with_loop//rgb/1311875573.506114.png","t":[-0.27025845646858215,0.09715321660041809,0.108078233897686]},{"R":[[0.4934324026107788,0.1414567530155182,-0.858204185962677],[0.004846277181059122,0.9862239360809326,0.16534452140331268],[0.8697706460952759,-0.0857454389333725,0.4859493374824524]],"file_name":"/home/jonas/Downloads/freiburg/rgbd_dataset_freiburg2_large_with_loop//rgb/1311875573.538123.png","t":[-0.2669034004211426,0.10045009106397629,0.1019253209233284]},{"R":[[0.4854471981525421,0.148192897439003,-0.8616147041320801],[0.007243833504617214,0.9848136305809021,0.17346371710300446],[0.874235987663269,-0.09044886380434036,0.4770015478134155]],"file_name":"/home/jonas/Downloads/freiburg/rgbd_dataset_freiburg2_large_with_loop//rgb/1311875573.570120.png","t":[-0.26599910855293274,0.1051286980509758,0.09461931884288788]},{"R":[[0.47465088963508606,0.15564627945423126,-0.8663029670715332],[0.006096747238188982,0.9836353659629822,0.1800674945116043],[0.8801530599594116,-0.09075082838535309,0.4659344553947449]],"file_name":"/home/jonas/Downloads/freiburg/rgbd_dataset_freiburg2_large_with_loop//rgb/1311875573.606067.png","t":[-0.27944082021713257,0.13106046617031097,0.07643739879131317]},{"R":[[0.4608781635761261,0.15845610201358795,-0.8732027411460876],[0.007698149420320988,0.9831801056861877,0.18247629702091217],[0.8874300122261047,-0.09082138538360596,0.4519064128398895]],"file_name":"/home/jonas/Downloads/freiburg/rgbd_dataset_freiburg2_large_with_loop//rgb/1311875573.638114.png","t":[-0.2836158573627472,0.14449800550937653,0.06779895722866058]},{"R":[[0.4415263235569,0.1575918048620224,-0.883300244808197],[0.014073730446398258,0.9831171631813049,0.1824352741241455],[0.8971379399299622,-0.09298130869865417,0.4318541884422302]],"file_name":"/home/jonas/Downloads/freiburg/rgbd_dataset_freiburg2_large_with_loop//rgb/1311875573.670125.png","t":[-0.2799460291862488,0.17058321833610535,0.072579525411129]},{"R":[[0.42356470227241516,0.1551836133003235,-0.8924746513366699],[0.027648400515317917,0.9825435876846313,0.18396662175655365],[0.9054438471794128,-0.10259726643562317,0.4118801951408386]],"file_name":"/home/jonas/Downloads/freiburg/rgbd_dataset_freiburg2_large_with_loop//rgb/1311875573.706108.png","t":[-0.2876412570476532,0.16768433153629303,0.06247100234031677]},{"R":[[0.3997158110141754,0.15655435621738434,-0.9031710624694824],[0.031206905841827393,0.982411801815033,0.18410104513168335],[0.916107714176178,-0.10177327692508698,0.3877999484539032]],"file_name":"/home/jonas/Downloads/freiburg/rgbd_dataset_freiburg2_large_with_loop//rgb/1311875573.737992.png","t":[-0.2868731915950775,0.16911765933036804,0.05875593051314354]},{"R":[[0.3798316717147827,0.1587243378162384,-0.9113366603851318],[0.030091838911175728,0.9825281500816345,0.18366535007953644],[0.9245660305023193,-0.09718571603298187,0.36841899156570435]],"file_name":"/home/jonas/Downloads/freiburg/rgbd_dataset_freiburg2_large_with_loop//rgb/1311875573.770145.png","t":[-0.29394713044166565,0.17955687642097473,0.04230961203575134]},{"R":[[0.3603164851665497,0.170347660779953,-0.9171442985534668],[0.03115243650972843,0.9804389476776123,0.19434261322021484],[0.9323098063468933,-0.09859612584114075,0.34796157479286194]],"file_name":"/home/jonas/Downloads/freiburg/rgbd_dataset_freiburg2_large_with_loop//rgb/1311875573.806127.png","t":[-0.2935431897640228,0.17278353869915009,0.03719860315322876]},{"R":[[0.34644511342048645,0.18149243295192719,-0.9203457236289978],[0.02593650482594967,0.9788770079612732,0.20279806852340698],[0.9377115964889526,-0.09412895143032074,0.3344198763370514]],"file_name":"/home/jonas/Downloads/freiburg/rgbd_dataset_freiburg2_large_with_loop//rgb/1311875573.838018.png","t":[-0.2941814363002777,0.18630746006965637,0.03640088811516762]},{"R":[[0.3368857502937317,0.193523570895195,-0.9214426875114441],[0.019756944850087166,0.9769806861877441,0.2124110609292984],[0.9413382411003113,-0.08976314961910248,0.3253074288368225]],"file_name":"/home/jonas/Downloads/freiburg/rgbd_dataset_freiburg2_large_with_loop//rgb/1311875573.870096.png","t":[-0.301348477602005,0.19603459537029266,0.026966996490955353]},{"R":[[0.32434141635894775,0.2037428468465805,-0.9237377643585205],[0.016206111758947372,0.975188672542572,0.22078131139278412],[0.9458012580871582,-0.08657871931791306,0.3129922151565552]],"file_name":"/home/jonas/Downloads/freiburg/rgbd_dataset_freiburg2_large_with_loop//rgb/1311875573.906096.png","t":[-0.29791682958602905,0.2159317135810852,0.02382350154221058]},{"R":[[0.31394246220588684,0.20847788453102112,-0.9262705445289612],[0.026985345408320427,0.9732412099838257,0.22819587588310242],[0.9490584135055542,-0.096636101603508,0.2999158799648285]],"file_name":"/home/jonas/Downloads/freiburg/rgbd_dataset_freiburg2_large_with_loop//rgb/1311875573.938106.png","t":[-0.3031502366065979,0.2261931300163269,0.0037455125711858273]},{"R":[[0.3034363090991974,0.21363264322280884,-0.9285943508148193],[0.03793790191411972,0.9710609316825867,0.23579946160316467],[0.952096164226532,-0.10677904635667801,0.286550372838974]],"file_name":"/home/jonas/Downloads/freiburg/rgbd_dataset_freiburg2_large_with_loop//rgb/1311875573.970055.png","t":[-0.3063158392906189,0.2269786298274994,0.0012982151238247752]},{"R":[[0.2944699227809906,0.22347542643547058,-0.9291642308235168],[0.041835956275463104,0.9683275818824768,0.2461533099412918],[0.9547445774078369,-0.11135722696781158,0.27579405903816223]],"file_name":"/home/jonas/Downloads/freiburg/rgbd_dataset_freiburg2_large_with_loop//rgb/1311875574.006023.png","t":[-0.297794371843338,0.23412059247493744,-0.0009692066232673824]},{"R":[[0.2941543757915497,0.2328030914068222,-0.9269713759422302],[0.04531272500753403,0.9653933644294739,0.256831556558609],[0.9546831846237183,-0.11755172163248062,0.27342572808265686]],"file_name":"/home/jonas/Downloads/freiburg/rgbd_dataset_freiburg2_large_with_loop//rgb/1311875574.038034.png","t":[-0.3032282888889313,0.24774867296218872,-0.00017371383728459477]},{"R":[[0.2945823073387146,0.23944786190986633,-0.9251410365104675],[0.04781101644039154,0.9631940722465515,0.2645207941532135],[0.9544293284416199,-0.1221550777554512,0.2722916901111603]],"file_name":"/home/jonas/Downloads/freiburg/rgbd_dataset_freiburg2_large_with_loop//rgb/1311875574.070100.png","t":[-0.3038161098957062,0.25140848755836487,0.005553634837269783]},{"R":[[0.29418694972991943,0.24631978571414948,-0.9234611988067627],[0.049469370394945145,0.9609988331794739,0.2720918655395508],[0.9544667601585388,-0.12572892010211945,0.27052804827690125]],"file_name":"/home/jonas/Downloads/freiburg/rgbd_dataset_freiburg2_large_with_loop//rgb/1311875574.106091.png","t":[-0.31134074926376343,0.25421804189682007,-0.0014808482956141233]},{"R":[[0.29363149404525757,0.25022488832473755,-0.9225876927375793],[0.05113804340362549,0.9596381187438965,0.27654939889907837],[0.9545498490333557,-0.12838293612003326,0.26898396015167236]],"file_name":"/home/jonas/Downloads/freiburg/rgbd_dataset_freiburg2_large_with_loop//rgb/1311875574.137987.png","t":[-0.32152417302131653,0.25718796253204346,0.0013228293973952532]},{"R":[[0.289215087890625,0.25009554624557495,-0.9240167140960693],[0.05280051752924919,0.9596310257911682,0.27626141905784607],[0.9558068513870239,-0.1286875307559967,0.2643345892429352]],"file_name":"/home/jonas/Downloads/freiburg/rgbd_dataset_freiburg2_large_with_loop//rgb/1311875574.170062.png","t":[-0.33125123381614685,0.268053263425827,0.0024685985408723354]},{"R":[[0.2808859348297119,0.24728351831436157,-0.9273370504379272],[0.059763383120298386,0.959854781627655,0.27405673265457153],[0.957878589630127,-0.13239948451519012,0.2548311948776245]],"file_name":"/home/jonas/Downloads/freiburg/rgbd_dataset_freiburg2_large_with_loop//rgb/1311875574.206067.png","t":[-0.33962470293045044,0.27050668001174927,-0.002523303497582674]},{"R":[[0.26883381605148315,0.24199575185775757,-0.9322909712791443],[0.06784640997648239,0.960761547088623,0.2689499855041504],[0.9607940912246704,-0.1355554461479187,0.24186666309833527]],"file_name":"/home/jonas/Downloads/freiburg/rgbd_dataset_freiburg2_large_with_loop//rgb/1311875574.238111.png","t":[-0.34613537788391113,0.269152969121933,-0.015123926103115082]},{"R":[[0.2573104202747345,0.240491583943367,-0.935924768447876],[0.07332909107208252,0.9608845114707947,0.26706522703170776],[0.9635425209999084,-0.1373491883277893,0.22961057722568512]],"file_name":"/home/jonas/Downloads/freiburg/rgbd_dataset_freiburg2_large_with_loop//rgb/1311875574.269943.png","t":[-0.35205399990081787,0.2808521091938019,-0.022553488612174988]},{"R":[[0.2477828860282898,0.2399783879518509,-0.9386234879493713],[0.08354729413986206,0.9599339365959167,0.26748213171958923],[0.9652064442634583,-0.1446969360113144,0.2178056538105011]],"file_name":"/home/jonas/Downloads/freiburg/rgbd_dataset_freiburg2_large_with_loop//rgb/1311875574.306079.png","t":[-0.352239191532135,0.2729411721229553,-0.03315029293298721]},{"R":[[0.23218199610710144,0.2438463568687439,-0.94161057472229],[0.0902155190706253,0.9584938287734985,0.27046388387680054],[0.968479573726654,-0.14774473011493683,0.2005462795495987]],"file_name":"/home/jonas/Downloads/freiburg/rgbd_dataset_freiburg2_large_with_loop//rgb/1311875574.370031.png","t":[-0.3473653197288513,0.2733503580093384,-0.032278724014759064]},{"R":[[0.22670811414718628,0.2521324157714844,-0.9407617449760437],[0.09160679578781128,0.9561094641685486,0.2783214747905731],[0.969645082950592,-0.14927791059017181,0.19366073608398438]],"file_name":"/home/jonas/Downloads/freiburg/rgbd_dataset_freiburg2_large_with_loop//rgb/1311875574.406093.png","t":[-0.34339654445648193,0.27319127321243286,-0.03854202479124069]},{"R":[[0.2262353152036667,0.260616272687912,-0.9385610222816467],[0.0911916047334671,0.9536445736885071,0.28678587079048157],[0.9697946310043335,-0.15046997368335724,0.19198206067085266]],"file_name":"/home/jonas/Downloads/freiburg/rgbd_dataset_freiburg2_large_with_loop//rgb/1311875574.437990.png","t":[-0.34835579991340637,0.28133365511894226,-0.04427920654416084]},{"R":[[0.22859326004981995,0.2683299779891968,-0.9358119964599609],[0.08532234281301498,0.9520432949066162,0.29382598400115967],[0.9697758555412292,-0.14701230823993683,0.19473613798618317]],"file_name":"/home/jonas/Downloads/freiburg/rgbd_dataset_freiburg2_large_with_loop//rgb/1311875574.470136.png","t":[-0.3505512773990631,0.3030451834201813,-0.03978502377867699]},{"R":[[0.22894136607646942,0.27232784032821655,-0.9345712661743164],[0.0845576673746109,0.9508780241012573,0.29779356718063354],[0.9697607159614563,-0.14720243215560913,0.19466790556907654]],"file_name":"/home/jonas/Downloads/freiburg/rgbd_dataset_freiburg2_large_with_loop//rgb/1311875574.506066.png","t":[-0.3408958911895752,0.29747238755226135,-0.04370535910129547]},{"R":[[0.2365705966949463,0.2768542766571045,-0.9313356280326843],[0.09147825092077255,0.9479400515556335,0.3050267994403839],[0.9672983288764954,-0.1573573350906372,0.1989286094903946]],"file_name":"/home/jonas/Downloads/freiburg/rgbd_dataset_freiburg2_large_with_loop//rgb/1311875574.569960.png","t":[-0.35130730271339417,0.30780166387557983,-0.052657924592494965]},{"R":[[0.23841311037540436,0.2748583257198334,-0.931456983089447],[0.09433715790510178,0.9480239152908325,0.30389323830604553],[0.9665710926055908,-0.1603231430053711,0.20009198784828186]],"file_name":"/home/jonas/Downloads/freiburg/rgbd_dataset_freiburg2_large_with_loop//rgb/1311875574.605974.png","t":[-0.3559299111366272,0.3017180860042572,-0.04818502441048622]},{"R":[[0.23854871094226837,0.2735846936702728,-0.9317971467971802],[0.09340038895606995,0.9485859274864197,0.30242541432380676],[0.9666286110877991,-0.1591734141111374,0.20073102414608002]],"file_name":"/home/jonas/Downloads/freiburg/rgbd_dataset_freiburg2_large_with_loop//rgb/1311875574.638099.png","t":[-0.35821425914764404,0.3083873391151428,-0.05247765779495239]},{"R":[[0.23981836438179016,0.27280014753341675,-0.9317012429237366],[0.09129533916711807,0.9491174221038818,0.3013988435268402],[0.9665155410766602,-0.15734095871448517,0.20271040499210358]],"file_name":"/home/jonas/Downloads/freiburg/rgbd_dataset_freiburg2_large_with_loop//rgb/1311875574.670103.png","t":[-0.3731129467487335,0.3325299322605133,-0.06045839190483093]},{"R":[[0.2408524751663208,0.27268704771995544,-0.931467592716217],[0.09587115049362183,0.9483421444892883,0.30241677165031433],[0.9658151268959045,-0.1621387004852295,0.20226773619651794]],"file_name":"/home/jonas/Downloads/freiburg/rgbd_dataset_freiburg2_large_with_loop//rgb/1311875574.706096.png","t":[-0.3716457784175873,0.3357241749763489,-0.07025149464607239]},{"R":[[0.2493792176246643,0.26712706685066223,-0.9308346509933472],[0.10083784908056259,0.9488149285316467,0.2993023693561554],[0.9631416201591492,-0.16850316524505615,0.20967821776866913]],"file_name":"/home/jonas/Downloads/freiburg/rgbd_dataset_freiburg2_large_with_loop//rgb/1311875574.770010.png","t":[-0.36629214882850647,0.32739531993865967,-0.08059029281139374]},{"R":[[0.25747615098953247,0.2653367817401886,-0.9291406869888306],[0.1017645001411438,0.9487667083740234,0.2991415858268738],[0.9609110355377197,-0.1715753674507141,0.21728292107582092]],"file_name":"/home/jonas/Downloads/freiburg/rgbd_dataset_freiburg2_large_with_loop//rgb/1311875574.806010.png","t":[-0.36747732758522034,0.3403469920158386,-0.07506418228149414]},{"R":[[0.27086472511291504,0.2666873037815094,-0.9249379634857178],[0.10777117311954498,0.9464151263237,0.3044402003288269],[0.9565655589103699,-0.18214376270771027,0.22760926187038422]],"file_name":"/home/jonas/Downloads/freiburg/rgbd_dataset_freiburg2_large_with_loop//rgb/1311875574.870100.png","t":[-0.37706124782562256,0.34021082520484924,-0.07542768120765686]},{"R":[[0.2765960097312927,0.2662809491157532,-0.9233575463294983],[0.10794441401958466,0.9461537599563599,0.30519023537635803],[0.9549044966697693,-0.1840856820344925,0.2329588085412979]],"file_name":"/home/jonas/Downloads/freiburg/rgbd_dataset_freiburg2_large_with_loop//rgb/1311875574.906095.png","t":[-0.37803223729133606,0.33552196621894836,-0.06894287467002869]},{"R":[[0.28453701734542847,0.26683247089385986,-0.9207817912101746],[0.10303890705108643,0.9464070200920105,0.30609914660453796],[0.9531115889549255,-0.18197289109230042,0.24179372191429138]],"file_name":"/home/jonas/Downloads/freiburg/rgbd_dataset_freiburg2_large_with_loop//rgb/1311875574.970094.png","t":[-0.38362404704093933,0.33696219325065613,-0.06265433877706528]},{"R":[[0.2858582139015198,0.2678612768650055,-0.9200735688209534],[0.0984419509768486,0.9468501210212708,0.3062417209148407],[0.9532021284103394,-0.17811556160449982,0.2442961186170578]],"file_name":"/home/jonas/Downloads/freiburg/rgbd_dataset_freiburg2_large_with_loop//rgb/1311875575.006058.png","t":[-0.3916071355342865,0.34281212091445923,-0.06322749704122543]},{"R":[[0.28367286920547485,0.267270028591156,-0.9209215044975281],[0.09830715507268906,0.9472067952156067,0.30518025159835815],[0.9538686275482178,-0.17710453271865845,0.24242231249809265]],"file_name":"/home/jonas/Downloads/freiburg/rgbd_dataset_freiburg2_large_with_loop//rgb/1311875575.038021.png","t":[-0.39780446887016296,0.3428645133972168,-0.06918419897556305]},{"R":[[0.278413325548172,0.2652255892753601,-0.923115074634552],[0.09990853071212769,0.9479048848152161,0.3024807274341583],[0.9552509188652039,-0.1764417290687561,0.23741105198860168]],"file_name":"/home/jonas/Downloads/freiburg/rgbd_dataset_freiburg2_large_with_loop//rgb/1311875575.069940.png","t":[-0.40073293447494507,0.3476808965206146,-0.07167667895555496]},{"R":[[0.27320510149002075,0.2656415104866028,-0.924550473690033],[0.10279319435358047,0.9475502967834473,0.30262523889541626],[0.9564478993415833,-0.17771625518798828,0.23156942427158356]],"file_name":"/home/jonas/Downloads/freiburg/rgbd_dataset_freiburg2_large_with_loop//rgb/1311875575.106063.png","t":[-0.40265899896621704,0.34992271661758423,-0.07921337336301804]},{"R":[[0.2680143117904663,0.2661297023296356,-0.9259283542633057],[0.10337607562541962,0.9475969672203064,0.30228036642074585],[0.9578526616096497,-0.1767343133687973,0.2264581024646759]],"file_name":"/home/jonas/Downloads/freiburg/rgbd_dataset_freiburg2_large_with_loop//rgb/1311875575.138155.png","t":[-0.40681976079940796,0.34692129492759705,-0.07759745419025421]},{"R":[[0.2629813253879547,0.26837578415870667,-0.9267228841781616],[0.1010151207447052,0.9475943446159363,0.30308571457862854],[0.9594981670379639,-0.17331890761852264,0.22208960354328156]],"file_name":"/home/jonas/Downloads/freiburg/rgbd_dataset_freiburg2_large_with_loop//rgb/1311875575.169977.png","t":[-0.4023841917514801,0.3504098355770111,-0.0809553787112236]},{"R":[[0.2618662416934967,0.27020522952079773,-0.9265069961547852],[0.10013887286186218,0.9472182393074036,0.3045485019683838],[0.9598949551582336,-0.17253033816814423,0.22098642587661743]],"file_name":"/home/jonas/Downloads/freiburg/rgbd_dataset_freiburg2_large_with_loop//rgb/1311875575.205908.png","t":[-0.4023247957229614,0.35496121644973755,-0.08403731137514114]},{"R":[[0.26332446932792664,0.2702164649963379,-0.9260903000831604],[0.10146315395832062,0.9468885064125061,0.30513501167297363],[0.9593567848205566,-0.17431356012821198,0.2219218909740448]],"file_name":"/home/jonas/Downloads/freiburg/rgbd_dataset_freiburg2_large_with_loop//rgb/1311875575.238113.png","t":[-0.4059399962425232,0.35455605387687683,-0.08392501622438431]},{"R":[[0.26396065950393677,0.2682734727859497,-0.9264740347862244],[0.10112994909286499,0.947549045085907,0.30318886041641235],[0.9592171311378479,-0.1737242043018341,0.2229851931333542]],"file_name":"/home/jonas/Downloads/freiburg/rgbd_dataset_freiburg2_large_with_loop//rgb/1311875575.270036.png","t":[-0.41141656041145325,0.35681796073913574,-0.08013077825307846]},{"R":[[0.2627737820148468,0.26763826608657837,-0.9269949793815613],[0.10108643770217896,0.9478345513343811,0.3023098111152649],[0.9595475196838379,-0.17314571142196655,0.2220114767551422]],"file_name":"/home/jonas/Downloads/freiburg/rgbd_dataset_freiburg2_large_with_loop//rgb/1311875575.306054.png","t":[-0.4116099178791046,0.3685617446899414,-0.08436394482851028]},{"R":[[0.26004692912101746,0.2636241316795349,-0.9289122223854065],[0.1079433485865593,0.9480425119400024,0.2992717921733856],[0.9595435261726379,-0.17809461057186127,0.2180790901184082]],"file_name":"/home/jonas/Downloads/freiburg/rgbd_dataset_freiburg2_large_with_loop//rgb/1311875575.338141.png","t":[-0.41680148243904114,0.360070139169693,-0.08505160361528397]},{"R":[[0.2549714148044586,0.25834137201309204,-0.9317989945411682],[0.11816272139549255,0.9481021165847778,0.29519471526145935],[0.9597015976905823,-0.18537011742591858,0.211212620139122]],"file_name":"/home/jonas/Downloads/freiburg/rgbd_dataset_freiburg2_large_with_loop//rgb/1311875575.370068.png","t":[-0.424772173166275,0.35469648241996765,-0.08711642026901245]},{"R":[[0.24581117928028107,0.2564030587673187,-0.934791088104248],[0.12609919905662537,0.9477264881134033,0.2931099534034729],[0.9610805511474609,-0.1899261176586151,0.20062954723834991]],"file_name":"/home/jonas/Downloads/freiburg/rgbd_dataset_freiburg2_large_with_loop//rgb/1311875575.405950.png","t":[-0.42456772923469543,0.35507863759994507,-0.08734670281410217]},{"R":[[0.23711028695106506,0.256143718957901,-0.9371067881584167],[0.13238820433616638,0.9470967054367065,0.2923716902732849],[0.9624199271202087,-0.1933862268924713,0.19065596163272858]],"file_name":"/home/jonas/Downloads/freiburg/rgbd_dataset_freiburg2_large_with_loop//rgb/1311875575.438074.png","t":[-0.4240700602531433,0.3541095554828644,-0.09699851274490356]},{"R":[[0.2310713827610016,0.2555082142353058,-0.9387872815132141],[0.13931883871555328,0.9462674856185913,0.291835755109787],[0.9629102945327759,-0.19822564721107483,0.1830582171678543]],"file_name":"/home/jonas/Downloads/freiburg/rgbd_dataset_freiburg2_large_with_loop//rgb/1311875575.470110.png","t":[-0.42488643527030945,0.3543480634689331,-0.10626960545778275]},{"R":[[0.22720009088516235,0.25415390729904175,-0.9400988817214966],[0.14788402616977692,0.9451449513435364,0.2912582457065582],[0.9625540971755981,-0.20519950985908508,0.17715170979499817]],"file_name":"/home/jonas/Downloads/freiburg/rgbd_dataset_freiburg2_large_with_loop//rgb/1311875575.505900.png","t":[-0.42608925700187683,0.3479223847389221,-0.10755466669797897]},{"R":[[0.2235470861196518,0.254528284072876,-0.9408730268478394],[0.15126065909862518,0.9445478320121765,0.2914612293243408],[0.9628846645355225,-0.20747238397598267,0.1726507991552353]],"file_name":"/home/jonas/Downloads/freiburg/rgbd_dataset_freiburg2_large_with_loop//rgb/1311875575.537958.png","t":[-0.4285294711589813,0.3486233055591583,-0.1071324571967125]},{"R":[[0.22003735601902008,0.25323766469955444,-0.9420478940010071],[0.15540647506713867,0.9442824125289917,0.2901371717453003],[0.9630329012870789,-0.21024136245250702,0.1684226244688034]],"file_name":"/home/jonas/Downloads/freiburg/rgbd_dataset_freiburg2_large_with_loop//rgb/1311875575.570117.png","t":[-0.42826515436172485,0.33849042654037476,-0.11077987402677536]},{"R":[[0.21681839227676392,0.2513613998889923,-0.943295955657959],[0.15751318633556366,0.9446128010749817,0.28791701793670654],[0.9634206891059875,-0.2110072523355484,0.16521669924259186]],"file_name":"/home/jonas/Downloads/freiburg/rgbd_dataset_freiburg2_large_with_loop//rgb/1311875575.605888.png","t":[-0.4266741871833801,0.34306836128234863,-0.11556260287761688]},{"R":[[0.2159954458475113,0.2509501874446869,-0.9435941576957703],[0.15855537354946136,0.9445646405220032,0.2875027358531952],[0.9634345769882202,-0.21171119809150696,0.16423216462135315]],"file_name":"/home/jonas/Downloads/freiburg/rgbd_dataset_freiburg2_large_with_loop//rgb/1311875575.637846.png","t":[-0.43684372305870056,0.3561306297779083,-0.11387418955564499]},{"R":[[0.21208272874355316,0.2503493130207062,-0.9446407556533813],[0.16303177177906036,0.9440199732780457,0.2867873013019562],[0.963556706905365,-0.21482908725738525,0.15939544141292572]],"file_name":"/home/jonas/Downloads/freiburg/rgbd_dataset_freiburg2_large_with_loop//rgb/1311875575.670182.png","t":[-0.4361792206764221,0.34900474548339844,-0.1204853430390358]},{"R":[[0.208131343126297,0.24952732026576996,-0.9457364678382874],[0.16755302250385284,0.9435224533081055,0.28581708669662476],[0.9636427164077759,-0.21794849634170532,0.15456752479076385]],"file_name":"/home/jonas/Downloads/freiburg/rgbd_dataset_freiburg2_large_with_loop//rgb/1311875575.705968.png","t":[-0.4408421218395233,0.3525688052177429,-0.12178219854831696]},{"R":[[0.20223139226436615,0.2500734031200409,-0.9468715786933899],[0.17154619097709656,0.9428548812866211,0.28565117716789246],[0.9641962051391602,-0.220199853181839,0.14777570962905884]],"file_name":"/home/jonas/Downloads/freiburg/rgbd_dataset_freiburg2_large_with_loop//rgb/1311875575.738356.png","t":[-0.4402684271335602,0.35697221755981445,-0.12338603287935257]},{"R":[[0.1950354427099228,0.2526969015598297,-0.9476842284202576],[0.178423672914505,0.9409756064414978,0.28762805461883545],[0.9644305109977722,-0.22518695890903473,0.1384364813566208]],"file_name":"/home/jonas/Downloads/freiburg/rgbd_dataset_freiburg2_large_with_loop//rgb/1311875575.770046.png","t":[-0.43857353925704956,0.3601052165031433,-0.1320897787809372]},{"R":[[0.18903736770153046,0.2599440813064575,-0.94693922996521],[0.18545134365558624,0.9375221729278564,0.29438063502311707],[0.9642990827560425,-0.23126009106636047,0.12901975214481354]],"file_name":"/home/jonas/Downloads/freiburg/rgbd_dataset_freiburg2_large_with_loop//rgb/1311875575.805917.png","t":[-0.4367924630641937,0.35845455527305603,-0.1366553008556366]},{"R":[[0.18569815158843994,0.2670554518699646,-0.9456202387809753],[0.19100622832775116,0.9341909289360046,0.3013369143009186],[0.9638634920120239,-0.23657704889774323,0.12246827036142349]],"file_name":"/home/jonas/Downloads/freiburg/rgbd_dataset_freiburg2_large_with_loop//rgb/1311875575.838103.png","t":[-0.4333794414997101,0.3649318218231201,-0.14754360914230347]},{"R":[[0.1844107061624527,0.2723541259765625,-0.944360077381134],[0.19629795849323273,0.9312742948532104,0.30691245198249817],[0.9630471467971802,-0.2419738918542862,0.11827440559864044]],"file_name":"/home/jonas/Downloads/freiburg/rgbd_dataset_freiburg2_large_with_loop//rgb/1311875575.870120.png","t":[-0.42873403429985046,0.36188408732414246,-0.14653481543064117]},{"R":[[0.1842852681875229,0.27712827920913696,-0.9429946541786194],[0.1970694363117218,0.9295255541801453,0.3116823732852936],[0.9629135727882385,-0.24327388405799866,0.11668434739112854]],"file_name":"/home/jonas/Downloads/freiburg/rgbd_dataset_freiburg2_large_with_loop//rgb/1311875575.906012.png","t":[-0.4283278286457062,0.36891233921051025,-0.14466135203838348]},{"R":[[0.18381918966770172,0.28094059228897095,-0.9419569373130798],[0.19816119968891144,0.9280198216438293,0.3154542148113251],[0.962778627872467,-0.2446458637714386,0.11491633206605911]],"file_name":"/home/jonas/Downloads/freiburg/rgbd_dataset_freiburg2_large_with_loop//rgb/1311875575.938069.png","t":[-0.42834043502807617,0.37700992822647095,-0.14682723581790924]},{"R":[[0.18289302289485931,0.2807351052761078,-0.9421984553337097],[0.19942110776901245,0.9278467893600464,0.31516915559768677],[0.9626948237419128,-0.24553650617599487,0.11371218413114548]],"file_name":"/home/jonas/Downloads/freiburg/rgbd_dataset_freiburg2_large_with_loop//rgb/1311875575.974014.png","t":[-0.43430081009864807,0.38315266370773315,-0.14563700556755066]},{"R":[[0.17831674218177795,0.27644082903862,-0.9443429708480835],[0.20411448180675507,0.9284563064575195,0.31033241748809814],[0.9625697135925293,-0.24809153378009796,0.10913372784852982]],"file_name":"/home/jonas/Downloads/freiburg/rgbd_dataset_freiburg2_large_with_loop//rgb/1311875576.005968.png","t":[-0.4390639364719391,0.36606672406196594,-0.14847920835018158]},{"R":[[0.16950500011444092,0.274097740650177,-0.9466459155082703],[0.20627053081989288,0.9294041395187378,0.3060399293899536],[0.9637014865875244,-0.24714045226573944,0.1010003536939621]],"file_name":"/home/jonas/Downloads/freiburg/rgbd_dataset_freiburg2_large_with_loop//rgb/1311875576.038038.png","t":[-0.43467992544174194,0.37171241641044617,-0.15476667881011963]},{"R":[[0.16369235515594482,0.27195262908935547,-0.9482861161231995],[0.21028560400009155,0.929540753364563,0.3028760850429535],[0.9638385772705078,-0.24898943305015564,0.09497098624706268]],"file_name":"/home/jonas/Downloads/freiburg/rgbd_dataset_freiburg2_large_with_loop//rgb/1311875576.073986.png","t":[-0.44036900997161865,0.3745894134044647,-0.15965932607650757]},{"R":[[0.15592773258686066,0.2683340609073639,-0.9506226181983948],[0.21699611842632294,0.9295786023139954,0.2979871332645416],[0.9636385440826416,-0.2527458667755127,0.08671963214874268]],"file_name":"/home/jonas/Downloads/freiburg/rgbd_dataset_freiburg2_large_with_loop//rgb/1311875576.106053.png","t":[-0.44209322333335876,0.37167224287986755,-0.15940093994140625]},{"R":[[0.14716733992099762,0.26548317074775696,-0.9528171420097351],[0.22234615683555603,0.9297719597816467,0.29340457916259766],[0.9637966156005859,-0.25503480434417725,0.07780291140079498]],"file_name":"/home/jonas/Downloads/freiburg/rgbd_dataset_freiburg2_large_with_loop//rgb/1311875576.138072.png","t":[-0.44225093722343445,0.36535578966140747,-0.16479934751987457]},{"R":[[0.13823293149471283,0.2643658220767975,-0.9544644355773926],[0.22317099571228027,0.9306166172027588,0.29008182883262634],[0.964928150177002,-0.25310763716697693,0.06964308023452759]],"file_name":"/home/jonas/Downloads/freiburg/rgbd_dataset_freiburg2_large_with_loop//rgb/1311875576.173872.png","t":[-0.4434267282485962,0.3714623