0 1 0 0 -0 0 1 0 -0 0 0 1 -0
1 0.999894 0.0145416 -0.00044532 -0.00236462 -0.0145447 0.999861 -0.00814916 -0.0248737 0.000326757 0.00815477 0.999967 0.0111515
2 0.999342 0.0329402 0.0151819 -0.0154297 -0.0323575 0.998786 -0.0371435 -0.0153979 -0.016387 0.0366278 0.999195 0.0274841
3 0.997447 0.0546845 0.0459262 -0.0793613 -0.0519286 0.996895 -0.0591962 0.0195188 -0.0490207 0.0566602 0.997189 0.0205464
4 0.995615 0.0727877 0.0587644 -0.0586255 -0.0680804 0.994588 -0.0784811 0.0162724 -0.0641588 0.0741362 0.995182 0.0175486
5 0.992071 0.091636 0.0860137 -0.0770057 -0.0831097 0.991714 -0.0979604 0.0140939 -0.0942777 0.0900351 0.991466 0.0250228
6 0.988455 0.10705 0.107227 -0.0827515 -0.0951463 0.989302 -0.110579 0.0240967 -0.117918 0.0991004 0.988066 -0.00257625
7 0.983354 0.111286 0.143634 -0.132033 -0.097764 0.990371 -0.0980138 -0.0515269 -0.153159 0.08234 0.984765 -0.0182212
8 0.978148 0.115656 0.172772 -0.120831 -0.0995773 0.99009 -0.0990232 -0.0742184 -0.182513 0.0796552 0.979972 -0.0187574
9 0.974154 0.113288 0.195422 -0.0845546 -0.0956212 0.99062 -0.0976119 -0.0645298 -0.204647 0.0764025 0.97585 -0.0645532
10 0.970668 0.0915015 0.222331 -0.0889817 -0.0791665 0.994818 -0.0637922 -0.0818746 -0.227016 0.0443199 0.972882 -0.102698
11 0.96389 0.0597455 0.259514 -0.142084 -0.0582889 0.998211 -0.0133114 -0.161685 -0.259845 -0.002296 0.965648 -0.124935
12 0.954913 0.0256333 0.295778 -0.173505 -0.0289577 0.999557 0.0068639 -0.13936 -0.295471 -0.0151195 0.955232 -0.111729
13 0.94214 0.0080503 0.335123 -0.165076 -0.0119243 0.999884 0.00950385 -0.0967511 -0.335008 -0.0129501 0.942126 -0.0857276
14 0.923119 -0.00568797 0.384471 -0.184698 0.0050121 0.999984 0.00275991 -0.047702 -0.384481 -0.000620714 0.923133 -0.115695
15 0.899764 -0.00387637 0.436361 -0.188736 0.0127737 0.999766 -0.0174578 0.00747123 -0.436191 0.0212818 0.899602 -0.111524
16 0.874347 0.00493347 0.485276 -0.189628 0.00982861 0.999563 -0.0278706 0.0185373 -0.485202 0.0291381 0.873917 -0.141746
17 0.844636 0.00101961 0.53534 -0.206745 0.0143264 0.999597 -0.0245074 0.0125736 -0.535149 0.0283693 0.844281 -0.141904
18 0.810365 -0.0128418 0.585785 -0.226584 0.0274073 0.999496 -0.0160033 0.0114485 -0.585284 0.0290233 0.810308 -0.118075
19 0.786132 -0.0196979 0.617745 -0.151748 0.0281925 0.999595 -0.00400337 -0.0194404 -0.617416 0.0205629 0.786368 -0.147412
20 0.758518 -0.0126395 0.65153 -0.10109 0.0325489 0.999299 -0.0185077 0.00717816 -0.650839 0.035245 0.758397 -0.155186
21 0.712651 0.00290102 0.701512 -0.205966 0.0395011 0.998239 -0.0442564 0.0655053 -0.700405 0.0592499 0.711282 -0.163228
22 0.694766 0.0247758 0.718809 -0.125841 0.0356131 0.996996 -0.0687862 0.0661608 -0.718354 0.0733893 0.691796 -0.174384
23 0.697955 0.0368981 0.71519 0.0327609 0.0244618 0.996861 -0.0753024 0.00021943 -0.715723 0.0700526 0.694862 -0.236504
24 0.683261 0.0397469 0.729092 0.0761458 0.0221846 0.996926 -0.0751382 -0.0251899 -0.729837 0.0675136 0.680279 -0.282771
25 0.642219 0.0444831 0.765229 -0.0148275 0.0371539 0.995335 -0.0890406 0.0178652 -0.76562 0.0856149 0.63757 -0.281677
26 0.619215 0.0368585 0.784356 -0.00375321 0.0504372 0.994968 -0.0865736 0.00222632 -0.7836 0.0931684 0.614241 -0.29254
27 0.600792 0.0320598 0.798762 0.0111849 0.0607665 0.994473 -0.0856208 -0.00660095 -0.797092 0.0999783 0.595524 -0.296091
28 0.57945 0.0269499 0.814562 0.00621337 0.0722845 0.993815 -0.084301 -0.0129565 -0.811796 0.107728 0.573918 -0.292614
29 0.560147 0.0233059 0.828065 0.0180669 0.0829019 0.993009 -0.0840276 -0.0209707 -0.824234 0.115716 0.554299 -0.297169
30 0.53929 0.0221761 0.841828 0.0265948 0.0921747 0.992093 -0.0851834 -0.0282862 -0.83706 0.123534 0.532982 -0.298899
31 0.526809 0.0160728 0.849832 0.0489005 0.10575 0.990814 -0.0842931 -0.0447359 -0.84338 0.134276 0.520269 -0.305199
32 0.5157 0.0136904 0.85666 0.0542617 0.115192 0.989686 -0.0851607 -0.0500649 -0.84899 0.142598 0.508804 -0.300143
33 0.502027 0.00693359 0.864824 0.0415347 0.13238 0.987568 -0.0847637 -0.0510075 -0.85466 0.157039 0.494868 -0.299721
34 0.493432 0.00484628 0.869771 0.0425603 0.141457 0.986224 -0.0857454 -0.0525714 -0.858204 0.165345 0.485949 -0.295197
35 0.485447 0.00724383 0.874236 0.0456474 0.148193 0.984814 -0.0904489 -0.0555548 -0.861615 0.173464 0.477002 -0.292558
36 0.474651 0.00609675 0.880153 0.0645612 0.155646 0.983635 -0.0907508 -0.078485 -0.866303 0.180067 0.465934 -0.301295
37 0.460878 0.00769815 0.88743 0.0694332 0.158456 0.98318 -0.0908214 -0.0909693 -0.873203 0.182476 0.451906 -0.30466
38 0.441526 0.0140737 0.897138 0.056089 0.157592 0.983117 -0.0929813 -0.116838 -0.8833 0.182435 0.431854 -0.309741
39 0.423565 0.0276484 0.905444 0.0606345 0.155184 0.982544 -0.102597 -0.113711 -0.892475 0.183967 0.41188 -0.313291
40 0.399716 0.0312069 0.916108 0.0555634 0.156554 0.982412 -0.101773 -0.115252 -0.903171 0.184101 0.3878 -0.313016
41 0.379832 0.0300918 0.924566 0.0671292 0.158724 0.982528 -0.0971857 -0.125651 -0.911337 0.183665 0.368419 -0.316451
42 0.360316 0.0311524 0.93231 0.0657052 0.170348 0.980439 -0.0985961 -0.115732 -0.917144 0.194343 0.347962 -0.315744
43 0.346445 0.0259365 0.937712 0.062952 0.181492 0.978877 -0.094129 -0.125554 -0.920346 0.202798 0.33442 -0.320705
44 0.336886 0.0197569 0.941338 0.0722619 0.193524 0.976981 -0.0897631 -0.130783 -0.921443 0.212411 0.325307 -0.328088
45 0.324341 0.0162061 0.945801 0.0705951 0.203743 0.975189 -0.0865787 -0.147813 -0.923738 0.220781 0.312992 -0.330327
46 0.313942 0.0269853 0.949058 0.0855131 0.208478 0.973241 -0.0966361 -0.156578 -0.926271 0.228196 0.299916 -0.333539
47 0.303436 0.0379379 0.952096 0.0831002 0.213633 0.971061 -0.106779 -0.154832 -0.928594 0.235799 0.28655 -0.338337
48 0.29447 0.041836 0.954745 0.0788222 0.223475 0.968328 -0.111357 -0.160264 -0.929164 0.246153 0.275794 -0.334062
49 0.294154 0.0453127 0.954683 0.0781356 0.232803 0.965393 -0.117552 -0.168603 -0.926971 0.256832 0.273426 -0.344666
50 0.294582 0.047811 0.954429 0.0721782 0.239448 0.963194 -0.122155 -0.168729 -0.925141 0.264521 0.272292 -0.349088
51 0.294187 0.0494694 0.954467 0.0804298 0.24632 0.960999 -0.125729 -0.1678 -0.923461 0.272092 0.270528 -0.356281
52 0.293631 0.051138 0.95455 0.0799948 0.250225 0.959638 -0.128383 -0.166184 -0.922588 0.276549 0.268984 -0.368115
53 0.289215 0.0528005 0.955807 0.07929 0.250096 0.959631 -0.128688 -0.17407 -0.924017 0.276261 0.264335 -0.380787
54 0.280886 0.0597634 0.957879 0.0816464 0.247284 0.959855 -0.132399 -0.175998 -0.927337 0.274057 0.254831 -0.388438
55 0.268834 0.0678464 0.960794 0.0893228 0.241996 0.960762 -0.135555 -0.176879 -0.932291 0.26895 0.241867 -0.39143
56 0.25731 0.0733291 0.963543 0.0917238 0.240492 0.960885 -0.137349 -0.188298 -0.935925 0.267065 0.229611 -0.399323
57 0.247783 0.0835473 0.965206 0.0964722 0.239978 0.959934 -0.144697 -0.182272 -0.938623 0.267482 0.217806 -0.396407
58 0.232182 0.0902155 0.96848 0.0872528 0.243846 0.958494 -0.147745 -0.18207 -0.941611 0.270464 0.200546 -0.394541
59 0.226708 0.0916068 0.969645 0.0901967 0.252132 0.956109 -0.149278 -0.180373 -0.940762 0.278321 0.193661 -0.391625
60 0.226235 0.0911916 0.969795 0.0960969 0.260616 0.953645 -0.15047 -0.184168 -0.938561 0.286786 0.191982 -0.399135
61 0.228593 0.0853223 0.969776 0.0928597 0.26833 0.952043 -0.147012 -0.200298 -0.935812 0.293826 0.194736 -0.409345
62 0.228941 0.0845577 0.969761 0.0952753 0.272328 0.950878 -0.147202 -0.196458 -0.934571 0.297794 0.194668 -0.398669
63 0.236571 0.0914783 0.967298 0.105888 0.276854 0.94794 -0.157357 -0.202803 -0.931336 0.305027 0.198929 -0.410598
64 0.238413 0.0943372 0.966571 0.102969 0.274858 0.948024 -0.160323 -0.195931 -0.931457 0.303893 0.200092 -0.413582
65 0.238549 0.0934004 0.966629 0.107374 0.273585 0.948586 -0.159173 -0.202883 -0.931797 0.302425 0.200731 -0.416513
66 0.239818 0.0912953 0.966516 0.117555 0.2728 0.949117 -0.157341 -0.223337 -0.931701 0.301399 0.20271 -0.435598
67 0.240852 0.0958712 0.965815 0.125175 0.272687 0.948342 -0.162139 -0.228429 -0.931468 0.302417 0.202268 -0.433495
68 0.249379 0.100838 0.963142 0.135952 0.267127 0.948815 -0.168503 -0.226371 -0.930835 0.299302 0.209678 -0.42205
69 0.257476 0.101765 0.960911 0.132111 0.265337 0.948767 -0.171575 -0.238284 -0.929141 0.299142 0.217283 -0.42694
70 0.270865 0.107771 0.956566 0.137619 0.266687 0.946415 -0.182144 -0.235162 -0.924938 0.30444 0.227609 -0.435164
71 0.276596 0.107944 0.954904 0.134178 0.266281 0.946154 -0.184086 -0.229484 -0.923358 0.30519 0.232959 -0.435396
72 0.284537 0.103039 0.953112 0.134152 0.266832 0.946407 -0.181973 -0.227941 -0.920782 0.306099 0.241794 -0.441228
73 0.285858 0.098442 0.953202 0.138466 0.267861 0.94685 -0.178116 -0.230957 -0.920074 0.306242 0.244296 -0.449845
74 0.283673 0.0983072 0.953869 0.145133 0.26727 0.947207 -0.177105 -0.230695 -0.920922 0.30518 0.242422 -0.45421
75 0.278413 0.0999085 0.955251 0.145302 0.265226 0.947905 -0.176442 -0.235931 -0.923115 0.302481 0.237411 -0.458073
76 0.273205 0.102793 0.956448 0.149802 0.265642 0.94755 -0.177716 -0.238684 -0.92455 0.302625 0.231569 -0.459831
77 0.268014 0.103376 0.957853 0.147497 0.26613 0.947597 -0.176734 -0.234189 -0.925928 0.30228 0.226458 -0.463981
78 0.262981 0.101015 0.959498 0.148099 0.268376 0.947594 -0.173319 -0.238087 -0.926723 0.303086 0.22209 -0.461124
79 0.261866 0.100139 0.959895 0.150477 0.270205 0.947218 -0.17253 -0.242014 -0.926507 0.304549 0.220986 -0.462289
80 0.263324 0.101463 0.959357 0.151434 0.270216 0.946889 -0.174314 -0.240663 -0.92609 0.305135 0.221922 -0.4655
81 0.263961 0.10113 0.959217 0.149376 0.268273 0.947549 -0.173724 -0.241651 -0.926474 0.303189 0.222985 -0.471482
82 0.262774 0.101086 0.959548 0.151855 0.267638 0.947835 -0.173146 -0.25378 -0.926995 0.30231 0.222011 -0.47425
83 0.260047 0.107943 0.959544 0.151131 0.263624 0.948043 -0.178095 -0.24663 -0.928912 0.299272 0.218079 -0.476383
84 0.254971 0.118163 0.959702 0.149999 0.258341 0.948102 -0.18537 -0.242701 -0.931799 0.295195 0.211213 -0.482107
85 0.245811 0.126099 0.961081 0.143536 0.256403 0.947726 -0.189926 -0.244246 -0.934791 0.29311 0.20063 -0.483435
86 0.23711 0.132388 0.96242 0.147025 0.256144 0.947097 -0.193386 -0.245511 -0.937107 0.292372 0.190656 -0.482437
87 0.231071 0.139319 0.96291 0.15114 0.255508 0.946267 -0.198226 -0.247811 -0.938787 0.291836 0.183058 -0.482836
88 0.2272 0.147884 0.962554 0.148883 0.254154 0.945145 -0.2052 -0.242615 -0.940099 0.291258 0.177152 -0.482848
89 0.223547 0.151261 0.962885 0.14622 0.254528 0.944548 -0.207472 -0.242446 -0.940873 0.291461 0.172651 -0.486305
90 0.220037 0.155406 0.963033 0.148315 0.253238 0.944282 -0.210241 -0.234468 -0.942048 0.290137 0.168423 -0.482997
91 0.216818 0.157513 0.963421 0.149808 0.251361 0.944613 -0.211007 -0.241202 -0.943296 0.287917 0.165217 -0.482162
92 0.215995 0.158555 0.963435 0.1476 0.25095 0.944565 -0.211711 -0.250871 -0.943594 0.287503 0.164232 -0.49589
93 0.212083 0.163032 0.963557 0.151702 0.250349 0.94402 -0.214829 -0.246154 -0.944641 0.286787 0.159395 -0.492918
94 0.208131 0.167553 0.963643 0.150034 0.249527 0.943522 -0.217948 -0.249197 -0.945736 0.285817 0.154568 -0.498867
95 0.202231 0.171546 0.964196 0.146767 0.250073 0.942855 -0.2202 -0.253643 -0.946872 0.285651 0.147776 -0.500614
96 0.195035 0.178424 0.964431 0.148678 0.252697 0.940976 -0.225187 -0.257769 -0.947684 0.287628 0.138436 -0.50092
97 0.189037 0.185451 0.964299 0.147871 0.259944 0.937522 -0.23126 -0.25412 -0.946939 0.294381 0.12902 -0.501507
98 0.185698 0.191006 0.963863 0.152985 0.267055 0.934191 -0.236577 -0.260085 -0.94562 0.301337 0.122468 -0.50171
99 0.184411 0.196298 0.963047 0.149146 0.272354 0.931274 -0.241974 -0.255703 -0.94436 0.306912 0.118274 -0.498615
100 0.184285 0.197069 0.962914 0.14553 0.277128 0.929526 -0.243274 -0.259404 -0.942995 0.311682 0.116684 -0.502015
101 0.183819 0.198161 0.962779 0.145391 0.280941 0.92802 -0.244646 -0.265455 -0.941957 0.315454 0.114916 -0.505535
102 0.182893 0.199421 0.962695 0.143226 0.280735 0.927847 -0.245537 -0.269343 -0.942198 0.315169 0.113712 -0.513395
103 0.178317 0.204114 0.96257 0.146495 0.276441 0.928456 -0.248092 -0.255338 -0.944343 0.310332 0.109134 -0.512025
104 0.169505 0.206271 0.963701 0.146156 0.274098 0.929404 -0.24714 -0.264575 -0.946646 0.30604 0.101 -0.509615
105 0.163692 0.210286 0.963839 0.1472 0.271953 0.929541 -0.248989 -0.26819 -0.948286 0.302876 0.094971 -0.515887
106 0.155928 0.216996 0.963639 0.141888 0.268334 0.929579 -0.252746 -0.267158 -0.950623 0.297987 0.0867196 -0.517194
107 0.147167 0.222346 0.963797 0.142682 0.265483 0.929772 -0.255035 -0.264317 -0.952817 0.293405 0.0778029 -0.515759
108 0.138233 0.223171 0.964928 0.141046 0.264366 0.930617 -0.253108 -0.271126 -0.954464 0.290082 0.0696431 -0.51925
109 0.131254 0.227002 0.965009 0.145573 0.263716 0.930361 -0.25472 -0.274452 -0.955629 0.287921 0.0622494 -0.519822
110 0.125494 0.232074 0.964569 0.147884 0.263465 0.929549 -0.257926 -0.260575 -0.956472 0.286498 0.0555092 -0.513652
111 0.120895 0.229412 0.965792 0.14042 0.265378 0.930047 -0.254141 -0.256104 -0.956535 0.287025 0.0515567 -0.513425
112 0.11868 0.222885 0.967593 0.146519 0.268691 0.930915 -0.247393 -0.270542 -0.955887 0.289344 0.0505935 -0.515915
113 0.118395 0.221409 0.967967 0.14473 0.270732 0.930693 -0.245997 -0.27402 -0.955346 0.291184 0.0502468 -0.509784
114 0.117423 0.220849 0.968214 0.138128 0.274032 0.929899 -0.245344 -0.24549 -0.954525 0.294131 0.0486715 -0.493779
115 0.117367 0.211103 0.970392 0.143477 0.278732 0.930865 -0.236216 -0.248061 -0.95317 0.298203 0.0504121 -0.499324
116 0.117214 0.205735 0.971563 0.149911 0.283852 0.930554 -0.231296 -0.257556 -0.951677 0.302891 0.0506755 -0.496587
117 0.122396 0.201838 0.971741 0.153488 0.287162 0.930021 -0.229342 -0.266873 -0.95003 0.307118 0.0558708 -0.51591
118 0.121925 0.200703 0.972035 0.141202 0.289926 0.929427 -0.228272 -0.262871 -0.949251 0.309651 0.0551318 -0.491214
119 0.127759 0.19361 0.972724 0.149802 0.293219 0.929547 -0.223528 -0.262392 -0.94747 0.313779 0.061988 -0.508071
120 0.125333 0.190514 0.973651 0.139253 0.293234 0.93043 -0.219803 -0.251425 -0.94779 0.313056 0.0607481 -0.472508
121 0.130149 0.182609 0.974533 0.150703 0.291823 0.932301 -0.213669 -0.243327 -0.947576 0.3122 0.0680488 -0.498144
122 0.129108 0.175887 0.975907 0.156901 0.289485 0.93459 -0.206738 -0.245793 -0.948435 0.309202 0.0697466 -0.502371
123 0.125698 0.170871 0.977243 0.163702 0.285959 0.937006 -0.200617 -0.247673 -0.949962 0.304669 0.0689176 -0.507845
124 0.121493 0.169298 0.978048 0.173233 0.282884 0.938578 -0.197606 -0.253759 -0.951428 0.300682 0.0661386 -0.506016
125 0.118367 0.170479 0.978226 0.17208 0.280851 0.939178 -0.197658 -0.2577 -0.952424 0.298132 0.0632888 -0.496571
126 0.118586 0.168235 0.978588 0.16702 0.281379 0.939449 -0.195604 -0.247565 -0.952241 0.29855 0.0640678 -0.488642
127 0.12212 0.160861 0.979393 0.165893 0.283202 0.940108 -0.189721 -0.261442 -0.951253 0.300535 0.0692495 -0.487858
128 0.127446 0.159414 0.978951 0.172365 0.28447 0.939658 -0.19005 -0.259239 -0.950176 0.302704 0.0744069 -0.488425
129 0.131409 0.156042 0.97897 0.171927 0.284395 0.94009 -0.188019 -0.252946 -0.949659 0.303121 0.0791586 -0.482812
130 0.134156 0.152784 0.979111 0.175394 0.287634 0.939503 -0.186015 -0.258177 -0.948298 0.306581 0.0820939 -0.477061
131 0.140592 0.149984 0.978641 0.172116 0.289201 0.939128 -0.185475 -0.264365 -0.946888 0.3091 0.0886583 -0.469305
132 0.148638 0.147174 0.977879 0.171894 0.289645 0.939016 -0.185352 -0.264531 -0.945522 0.310788 0.0969455 -0.460157
133 0.157307 0.141894 0.977303 0.168385 0.290378 0.93923 -0.183105 -0.262148 -0.943894 0.312591 0.106545 -0.457309
134 0.164417 0.138574 0.976609 0.17028 0.290789 0.939273 -0.182232 -0.257264 -0.942554 0.313949 0.114136 -0.451294
135 0.170111 0.134774 0.976165 0.171904 0.290798 0.939623 -0.180404 -0.258127 -0.941541 0.314555 0.120648 -0.445757
136 0.175609 0.131256 0.975671 0.172563 0.290357 0.940079 -0.178728 -0.264453 -0.940667 0.314679 0.126976 -0.44078
137 0.181666 0.128196 0.974968 0.167109 0.289342 0.940608 -0.177591 -0.279912 -0.939829 0.314361 0.133784 -0.43838
138 0.185926 0.129384 0.974008 0.163271 0.286288 0.941147 -0.179668 -0.275691 -0.939931 0.312252 0.137943 -0.428284
139 0.193257 0.128814 0.972656 0.169376 0.284826 0.941287 -0.181252 -0.283301 -0.938896 0.312066 0.14522 -0.437705
140 0.197338 0.13306 0.971263 0.164757 0.282423 0.941026 -0.186299 -0.275348 -0.938773 0.311071 0.148122 -0.424079
141 0.203441 0.129504 0.970485 0.160634 0.282322 0.941352 -0.184799 -0.304029 -0.9375 0.311585 0.154947 -0.425879
142 0.209209 0.133505 0.968715 0.147971 0.280079 0.940953 -0.190166 -0.292634 -0.936903 0.311101 0.159464 -0.412069
143 0.216034 0.133561 0.967208 0.149029 0.280575 0.940327 -0.192517 -0.30487 -0.935204 0.312965 0.165669 -0.410443
144 0.222772 0.137235 0.965163 0.141392 0.280735 0.939072 -0.198322 -0.306046 -0.933574 0.315135 0.170672 -0.402529
145 0.228244 0.139022 0.963627 0.13912 0.27935 0.938786 -0.201604 -0.308234 -0.932667 0.315204 0.175436 -0.397437
146 0.233595 0.142246 0.961873 0.139676 0.27722 0.93844 -0.206104 -0.31767 -0.931977 0.314796 0.179782 -0.39825
147 0.237796 0.149899 0.959679 0.135937 0.277131 0.936481 -0.214945 -0.308725 -0.930941 0.31707 0.18115 -0.389447
148 0.242827 0.152508 0.958006 0.125537 0.279161 0.934803 -0.219574 -0.315845 -0.929034 0.320757 0.184421 -0.383067
149 0.249231 0.153994 0.956122 0.110353 0.28037 0.933525 -0.223437 -0.311753 -0.926972 0.323755 0.189488 -0.370007
150 0.255699 0.154108 0.954394 0.10401 0.279874 0.933139 -0.225659 -0.313922 -0.925359 0.324811 0.195472 -0.365907
151 0.262627 0.15398 0.952532 0.107391 0.281203 0.932118 -0.228212 -0.334459 -0.923012 0.327789 0.2015 -0.382221
152 0.265545 0.16127 0.950515 0.10365 0.279144 0.930819 -0.235912 -0.322604 -0.922803 0.327976 0.202157 -0.377843
153 0.266588 0.165106 0.949563 0.0968555 0.277744 0.930263 -0.239726 -0.321534 -0.922924 0.327644 0.20214 -0.370862
154 0.268071 0.168168 0.948608 0.0910795 0.276355 0.929844 -0.242938 -0.3265 -0.922912 0.327277 0.20279 -0.373876
155 0.267862 0.172283 0.947929 0.0810735 0.275745 0.929017 -0.246765 -0.329356 -0.923155 0.327485 0.201342 -0.363197
156 0.269425 0.175374 0.946918 0.081274 0.272972 0.929043 -0.249731 -0.326979 -0.923524 0.325766 0.202435 -0.36353
157 0.268629 0.181071 0.946072 0.0837985 0.268891 0.929032 -0.254159 -0.339361 -0.924952 0.322664 0.200877 -0.368432
158 0.267431 0.191611 0.944333 0.0749009 0.265566 0.927417 -0.263386 -0.341212 -0.926259 0.321221 0.197135 -0.3707
159 0.264629 0.201711 0.943019 0.0714981 0.263137 0.925668 -0.271841 -0.336342 -0.927756 0.32008 0.191881 -0.35976
160 0.264372 0.206235 0.942112 0.0607157 0.262587 0.924569 -0.276081 -0.340886 -0.927985 0.320374 0.190276 -0.357995
161 0.266429 0.210741 0.940534 0.0517143 0.262053 0.92321 -0.281091 -0.344196 -0.927547 0.32136 0.190744 -0.350451
162 0.270228 0.21467 0.938559 0.0426694 0.261814 0.921708 -0.286196 -0.336785 -0.926515 0.323066 0.192868 -0.337681
163 0.279967 0.216274 0.935331 0.029164 0.257449 0.921691 -0.290181 -0.343385 -0.924845 0.322041 0.202363 -0.329907
164 0.285 0.219741 0.933 0.0244922 0.252548 0.921761 -0.294239 -0.343243 -0.924659 0.319485 0.207206 -0.323046
165 0.2896 0.223549 0.930676 0.0184493 0.246758 0.922037 -0.298258 -0.326912 -0.924793 0.316028 0.21186 -0.315381
166 0.295097 0.220345 0.929713 0.00776035 0.242967 0.923753 -0.296052 -0.34628 -0.924059 0.313254 0.21906 -0.318587
167 0.299043 0.224447 0.927468 0.000328083 0.23794 0.923705 -0.300255 -0.3354 -0.924098 0.310471 0.222823 -0.304955
168 0.303762 0.223858 0.926076 -0.007247 0.233662 0.924816 -0.300197 -0.329219 -0.923651 0.307577 0.228616 -0.303906
169 0.306928 0.223269 0.925173 -0.00204196 0.228293 0.926442 -0.299312 -0.318549 -0.923946 0.303078 0.23338 -0.300862
170 0.308802 0.218765 0.925626 -0.00198532 0.225423 0.928627 -0.294679 -0.33123 -0.924027 0.299655 0.237448 -0.30527
171 0.311014 0.217203 0.925253 -0.00669027 0.222254 0.929919 -0.293006 -0.352687 -0.924053 0.296771 0.240944 -0.306101
172 0.31294 0.223719 0.923048 -0.0100443 0.215809 0.929692 -0.298494 -0.328965 -0.92493 0.292613 0.242657 -0.293868
173 0.314452 0.22251 0.922827 -0.00705268 0.210251 0.93167 -0.296286 -0.326944 -0.925697 0.287193 0.246183 -0.294876
174 0.311443 0.233492 0.921132 -0.00820429 0.200814 0.931279 -0.303962 -0.342697 -0.928804 0.279643 0.243152 -0.29462
175 0.311375 0.23494 0.920787 -0.0324141 0.198287 0.931565 -0.304743 -0.32512 -0.92937 0.277469 0.243481 -0.264042
176 0.318428 0.225049 0.920845 -0.0382905 0.198395 0.934076 -0.296888 -0.311304 -0.926954 0.277228 0.252787 -0.239452
177 0.340101 0.201854 0.91847 -0.0448876 0.199141 0.939081 -0.280124 -0.315877 -0.919062 0.278176 0.279184 -0.235814
178 0.350116 0.195317 0.916117 -0.0305076 0.195381 0.94128 -0.275351 -0.322317 -0.916103 0.275396 0.291396 -0.251931
179 0.355048 0.191081 0.915111 -0.0314234 0.192346 0.943012 -0.271534 -0.330793 -0.914846 0.272426 0.298061 -0.254569
180 0.358615 0.187392 0.914483 -0.0363436 0.191266 0.944109 -0.268468 -0.330782 -0.913681 0.271186 0.30273 -0.249322
181 0.362489 0.184193 0.913605 -0.0448119 0.191296 0.9447 -0.266362 -0.325643 -0.912144 0.271322 0.307208 -0.232843
182 0.368814 0.178776 0.912149 -0.0507382 0.190845 0.945858 -0.262548 -0.312791 -0.9097 0.27091 0.314727 -0.221793
183 0.376317 0.165967 0.911505 -0.0545226 0.194225 0.947832 -0.252768 -0.303749 -0.905904 0.272158 0.32445 -0.201129
184 0.387084 0.148527 0.910003 -0.0497154 0.19688 0.950865 -0.238942 -0.2999 -0.90078 0.271652 0.338823 -0.189793
185 0.400726 0.12868 0.907116 -0.0481887 0.199553 0.954059 -0.223493 -0.307444 -0.894202 0.270577 0.356638 -0.198685
186 0.411262 0.111585 0.904662 -0.0614326 0.200495 0.957099 -0.209199 -0.302772 -0.889194 0.267415 0.371246 -0.187729
187 0.419475 0.0988588 0.902368 -0.0560242 0.194715 0.961116 -0.19581 -0.308177 -0.886638 0.257842 0.383915 -0.186856
188 0.426128 0.0937002 0.899797 -0.0479148 0.189137 0.963414 -0.189897 -0.309838 -0.88467 0.251106 0.392816 -0.204242
189 0.425033 0.0909646 0.900595 -0.0507591 0.183524 0.965613 -0.184145 -0.303493 -0.886378 0.243549 0.393724 -0.180753
190 0.428035 0.0830823 0.899935 -0.049395 0.178215 0.968454 -0.174172 -0.313486 -0.886016 0.234934 0.399726 -0.188966
191 0.430232 0.0810661 0.899071 -0.0465094 0.17294 0.97011 -0.170228 -0.326241 -0.885998 0.228723 0.403353 -0.185286
192 0.431802 0.0816169 0.898268 -0.054466 0.16952 0.970807 -0.169697 -0.305917 -0.885895 0.22555 0.40536 -0.171742
193 0.434745 0.0720186 0.897669 -0.0535797 0.170219 0.972257 -0.16044 -0.290549 -0.88432 0.222551 0.410425 -0.160561
194 0.437553 0.0606021 0.897148 -0.0590754 0.169389 0.974308 -0.148428 -0.301687 -0.883094 0.216911 0.416046 -0.146765
195 0.443188 0.0542782 0.894784 -0.0570158 0.169427 0.975103 -0.143068 -0.296723 -0.880272 0.215007 0.422958 -0.139825
196 0.44761 0.0467123 0.893008 -0.0498228 0.167455 0.97659 -0.135019 -0.302321 -0.87841 0.209974 0.429309 -0.139051
197 0.447871 0.0384355 0.893272 -0.057639 0.168031 0.977655 -0.126314 -0.311613 -0.878167 0.20667 0.431405 -0.140182
198 0.448111 0.0351327 0.893287 -0.0570608 0.167399 0.978256 -0.122449 -0.313541 -0.878165 0.204406 0.432486 -0.138204
199 0.447619 0.0303394 0.893709 -0.0657393 0.168551 0.978647 -0.117643 -0.315149 -0.878196 0.203295 0.432948 -0.111966
200 0.455566 0.0193471 0.889992 -0.0660216 0.168307 0.97986 -0.107453 -0.31786 -0.874147 0.198744 0.443135 -0.102915
201 0.459934 0.0160113 0.887809 -0.0635603 0.168873 0.980012 -0.10516 -0.309873 -0.871747 0.198294 0.448037 -0.0928089
202 0.464563 0.0110917 0.88547 -0.0649107 0.167535 0.980763 -0.100183 -0.309162 -0.869547 0.194889 0.453768 -0.0875912
203 0.469311 0.00838723 0.882993 -0.0620274 0.165061 0.981497 -0.0970528 -0.304008 -0.867469 0.191296 0.459243 -0.0796731
204 0.4722 0.0031408 0.881486 -0.0675898 0.162298 0.982588 -0.0904416 -0.306943 -0.866422 0.18577 0.463468 -0.0671292
205 0.476278 -0.00524862 0.879279 -0.081451 0.160849 0.983629 -0.0812551 -0.317168 -0.864458 0.180131 0.469325 -0.0608373
206 0.49115 -0.0227647 0.870777 -0.0803591 0.159198 0.985168 -0.0640382 -0.306718 -0.856404 0.170078 0.487489 -0.0469758
207 0.496297 -0.0306504 0.867612 -0.0791624 0.159315 0.98562 -0.0563131 -0.309492 -0.85341 0.166172 0.494044 -0.0392905
208 0.506864 -0.0394063 0.861125 -0.0798043 0.156425 0.986575 -0.0469256 -0.302122 -0.847715 0.158486 0.506223 -0.0338557
209 0.507241 -0.0412659 0.860816 -0.0785645 0.154408 0.987042 -0.0436688 -0.315906 -0.847859 0.155067 0.50704 -0.0216192
210 0.509398 -0.0386874 0.859661 -0.0844823 0.151468 0.987423 -0.0453163 -0.300356 -0.847095 0.153295 0.508852 -0.0199153
211 0.511103 -0.0411181 0.858535 -0.0809798 0.149741 0.98784 -0.0418331 -0.298157 -0.846375 0.149939 0.511045 -0.00556757
212 0.513682 -0.0449 0.856805 -0.0837255 0.148477 0.988215 -0.0372303 -0.309317 -0.845035 0.14634 0.514295 -0.00724936
213 0.514632 -0.0469655 0.856124 -0.0907277 0.147203 0.988513 -0.0342586 -0.307607 -0.84468 0.143655 0.515634 0.00287123
214 0.516814 -0.0485532 0.85472 -0.0963699 0.146121 0.988743 -0.0321873 -0.297496 -0.843535 0.141528 0.518091 0.00959442
215 0.52076 -0.0520612 0.852114 -0.0971077 0.144538 0.989106 -0.0279017 -0.302154 -0.841379 0.137693 0.522611 0.0114686
216 0.524488 -0.0522603 0.849812 -0.099771 0.141915 0.989518 -0.026736 -0.30165 -0.839507 0.134624 0.526407 0.0206275
217 0.529269 -0.0521778 0.846848 -0.102445 0.137703 0.990157 -0.0250546 -0.305539 -0.837205 0.129874 0.531244 0.0294957
218 0.536383 -0.0532097 0.842296 -0.107249 0.134588 0.990632 -0.0231267 -0.304453 -0.833175 0.125768 0.538519 0.0329152
219 0.543392 -0.0558995 0.837616 -0.111371 0.131887 0.991075 -0.0194191 -0.304139 -0.829054 0.121023 0.545915 0.0368921
220 0.551671 -0.058025 0.832041 -0.11252 0.12903 0.991505 -0.0164055 -0.3064 -0.824021 0.116409 0.554471 0.0379768
221 0.562844 -0.0578585 0.824536 -0.115425 0.121618 0.992487 -0.0133749 -0.305734 -0.817567 0.107806 0.565652 0.0448222
222 0.566212 -0.0576818 0.822239 -0.122114 0.118979 0.992821 -0.0122831 -0.29856 -0.815627 0.104784 0.56901 0.0533952
223 0.5717 -0.0599892 0.818267 -0.123885 0.116662 0.993134 -0.008699 -0.313536 -0.812126 0.100434 0.574773 0.0475454
224 0.580674 -0.0536717 0.812365 -0.137395 0.11322 0.993452 -0.0152929 -0.295553 -0.806225 0.100856 0.582949 0.0579919
225 0.583418 -0.060654 0.809904 -0.148005 0.115991 0.993208 -0.00917268 -0.301966 -0.803847 0.0992929 0.58649 0.0626866
226 0.588503 -0.0632085 0.80602 -0.148854 0.119067 0.992845 -0.00907523 -0.300058 -0.79968 0.101311 0.591818 0.0657974
227 0.591396 -0.0647311 0.803779 -0.161823 0.119186 0.992842 -0.00773663 -0.301387 -0.797525 0.100375 0.594877 0.0713427
228 0.595461 -0.0662457 0.800648 -0.167383 0.118798 0.992899 -0.00620001 -0.299808 -0.794552 0.0988069 0.599103 0.0679621
229 0.59723 -0.0686796 0.799124 -0.171926 0.120338 0.992722 -0.00461708 -0.295859 -0.792991 0.0989224 0.601148 0.0789319
230 0.601032 -0.0704462 0.796114 -0.177711 0.121564 0.992576 -0.00394512 -0.290785 -0.789925 0.09915 0.605134 0.0773782
231 0.604544 -0.0774987 0.792793 -0.190728 0.125124 0.99214 0.0015725 -0.278512 -0.786683 0.0982468 0.609489 0.0837941
232 0.611584 -0.0845804 0.786646 -0.198538 0.126495 0.991932 0.00830796 -0.281849 -0.781002 0.0944261 0.617349 0.0862679
233 0.617054 -0.0890838 0.781862 -0.207222 0.126837 0.99184 0.0129072 -0.277929 -0.776631 0.0912045 0.623318 0.10596
234 0.625568 -0.0935797 0.774537 -0.210862 0.124755 0.992004 0.0190939 -0.287147 -0.770131 0.0846825 0.63224 0.0954881
235 0.627692 -0.0918512 0.773024 -0.220019 0.122125 0.992338 0.0187453 -0.27503 -0.768823 0.0826392 0.6341 0.106199
236 0.631781 -0.0886934 0.770056 -0.226279 0.118038 0.992855 0.0175125 -0.278143 -0.766107 0.0798318 0.637736 0.113015
237 0.635811 -0.0860347 0.767035 -0.236411 0.114527 0.993283 0.0164782 -0.273818 -0.763301 0.0773691 0.641394 0.112211
238 0.640793 -0.0867285 0.762799 -0.245327 0.114125 0.99332 0.0170674 -0.271548 -0.759184 0.0761175 0.64641 0.119628
239 0.647568 -0.0862044 0.757115 -0.255479 0.112403 0.993518 0.0169813 -0.267428 -0.753671 0.0741056 0.65306 0.1242
240 0.654956 -0.0878434 0.750544 -0.263778 0.111481 0.993585 0.0190063 -0.25476 -0.747399 0.0712228 0.660547 0.122751
241 0.661069 -0.0931323 0.744523 -0.267575 0.112295 0.993371 0.0245528 -0.249566 -0.741875 0.0673752 0.667145 0.136661
242 0.675976 -0.0962039 0.730617 -0.285164 0.111417 0.993387 0.02772 -0.253628 -0.728453 0.0626649 0.682224 0.145406
243 0.684026 -0.0967301 0.723016 -0.295249 0.109572 0.993548 0.0292604 -0.247501 -0.721181 0.0592075 0.690211 0.141099
244 0.689871 -0.0998635 0.717011 -0.299097 0.108014 0.993552 0.0344536 -0.255886 -0.715829 0.0536789 0.69621 0.157941
245 0.699245 -0.0994241 0.707935 -0.30278 0.109896 0.99346 0.0309767 -0.252571 -0.706385 0.0561391 0.705598 0.155549
246 0.707233 -0.102866 0.699457 -0.310934 0.112821 0.993101 0.0319755 -0.24919 -0.697921 0.056299 0.713959 0.148421
247 0.712919 -0.108852 0.692747 -0.320196 0.115265 0.992632 0.0373518 -0.254895 -0.691708 0.0532206 0.720213 0.158375
248 0.720024 -0.109758 0.685215 -0.32701 0.115035 0.99263 0.0381211 -0.261252 -0.684349 0.0513755 0.727343 0.16503
249 0.727461 -0.108625 0.677496 -0.330138 0.114052 0.992796 0.0367149 -0.25263 -0.676604 0.0505614 0.734609 0.149701
250 0.730684 -0.107767 0.674156 -0.339019 0.107909 0.993281 0.041824 -0.258091 -0.674133 0.0421872 0.737404 0.140469
251 0.730961 -0.103659 0.6745 -0.349195 0.100213 0.993986 0.0441567 -0.273626 -0.675021 0.0353166 0.736953 0.155908
252 0.734248 -0.0960058 0.672059 -0.352716 0.0976748 0.99459 0.0353673 -0.25276 -0.671818 0.0396748 0.739653 0.161336
253 0.738018 -0.0973669 0.667719 -0.362815 0.0971472 0.994558 0.0376515 -0.254568 -0.667751 0.0370795 0.743461 0.15801
254 0.743514 -0.0984341 0.661436 -0.363701 0.0979484 0.99447 0.037893 -0.251465 -0.661508 0.0366127 0.749043 0.168966
255 0.745331 -0.100656 0.659052 -0.376788 0.0981801 0.994331 0.040829 -0.270386 -0.659425 0.0342746 0.750988 0.204712
256 0.751689 -0.102484 0.651506 -0.382756 0.0984428 0.994221 0.0428141 -0.267331 -0.652129 0.0319532 0.757434 0.203647
257 0.757632 -0.102933 0.644515 -0.387505 0.0976371 0.994248 0.044015 -0.26608 -0.645338 0.0295814 0.763324 0.214716
258 0.763471 -0.102572 0.637645 -0.396851 0.0973118 0.994306 0.0434305 -0.266331 -0.638469 0.0288925 0.769105 0.221934
259 0.771415 -0.101709 0.628152 -0.39937 0.0960525 0.994444 0.0430591 -0.260678 -0.629042 0.0271191 0.776898 0.220069
260 0.777459 -0.1021 0.620591 -0.412125 0.0938228 0.994522 0.0460812 -0.264827 -0.621896 0.0223994 0.782779 0.231578
261 0.784101 -0.0991985 0.612654 -0.420123 0.0902953 0.994874 0.0455222 -0.265586 -0.61403 0.0196258 0.789039 0.243406
262 0.790893 -0.0942689 0.60465 -0.42614 0.0842044 0.995429 0.0450533 -0.280625 -0.606134 0.0152819 0.795216 0.246723
263 0.796661 -0.0889221 0.597849 -0.438229 0.0804779 0.995917 0.040889 -0.273269 -0.599045 0.0155389 0.800565 0.246351
264 0.811281 -0.0816948 0.578921 -0.450971 0.0747145 0.996558 0.0359275 -0.268647 -0.579863 0.0141064 0.814592 0.250661
265 0.815452 -0.0806354 0.57318 -0.469217 0.0724192 0.996681 0.0371845 -0.284292 -0.574276 0.011187 0.818585 0.265592
266 0.821813 -0.0777943 0.564422 -0.475382 0.0713431 0.996888 0.0335237 -0.279254 -0.565273 0.0127174 0.824806 0.2719
267 0.827496 -0.0754006 0.556386 -0.480435 0.0709148 0.997042 0.0296481 -0.279074 -0.556975 0.0149223 0.830395 0.280575
268 0.833428 -0.0737569 0.547684 -0.492519 0.070878 0.997135 0.0264274 -0.270963 -0.548064 0.0167935 0.836268 0.285162
269 0.840319 -0.0723531 0.537242 -0.495723 0.0698051 0.997244 0.0251194 -0.26824 -0.537579 0.0163939 0.843054 0.288245
270 0.843161 -0.0739329 0.532553 -0.512944 0.072579 0.997085 0.0235123 -0.262603 -0.532739 0.0188276 0.84607 0.313251
271 0.84882 -0.0753298 0.523288 -0.519407 0.0734072 0.997002 0.0244503 -0.265829 -0.523562 0.0176592 0.851805 0.3164
272 0.854877 -0.0727568 0.513704 -0.524023 0.0710311 0.997208 0.0230304 -0.265225 -0.513946 0.0168008 0.857658 0.323527
273 0.859849 -0.0724432 0.505383 -0.529369 0.0708654 0.997235 0.0223779 -0.258274 -0.505607 0.0165726 0.862605 0.323597
274 0.863153 -0.0744832 0.499419 -0.53718 0.0720941 0.997106 0.024107 -0.267504 -0.499769 0.0151971 0.866025 0.336283
275 0.866198 -0.0732714 0.4943 -0.548357 0.0714737 0.997187 0.022567 -0.264316 -0.494563 0.0157819 0.868999 0.340662
276 0.87031 -0.0745895 0.486823 -0.551872 0.0730335 0.997082 0.0222054 -0.263527 -0.487059 0.0162288 0.873218 0.345375
277 0.873951 -0.0778966 0.479731 -0.559878 0.0764011 0.996819 0.0226752 -0.263491 -0.479972 0.016835 0.877122 0.34767
278 0.877167 -0.0844188 0.472706 -0.565061 0.0831844 0.996256 0.0235583 -0.269499 -0.472925 0.0186573 0.880905 0.351913
279 0.880674 -0.0880312 0.465472 -0.573067 0.0868698 0.995931 0.023995 -0.269143 -0.46569 0.0193036 0.884737 0.352141
280 0.883525 -0.092706 0.459118 -0.575109 0.0913017 0.995502 0.025313 -0.271071 -0.4594 0.0195536 0.888014 0.358719
281 0.887197 -0.09233 0.452058 -0.569226 0.0917128 0.995512 0.0233338 -0.282291 -0.452184 0.0207578 0.891683 0.36807
282 0.889811 -0.0888944 0.447586 -0.577999 0.0909371 0.995712 0.0169716 -0.280177 -0.447176 0.0256006 0.89408 0.372882
283 0.897064 -0.0852714 0.433595 -0.575542 0.0929073 0.995668 0.00359367 -0.290531 -0.432023 0.0370604 0.901101 0.378576
284 0.899127 -0.081636 0.430007 -0.589924 0.0933265 0.995617 -0.00612587 -0.287382 -0.427622 0.0456389 0.902805 0.394686
285 0.902673 -0.079368 0.422945 -0.597659 0.0939671 0.99548 -0.0137424 -0.283169 -0.419943 0.0521478 0.906051 0.398625
286 0.905363 -0.0775105 0.417504 -0.605141 0.0935787 0.995447 -0.0181198 -0.287544 -0.414198 0.0554744 0.908495 0.404724
287 0.908334 -0.0723983 0.411932 -0.605322 0.0915008 0.995444 -0.0268123 -0.286728 -0.408114 0.0620467 0.91082 0.413544
288 0.910252 -0.0663136 0.40871 -0.61487 0.0881934 0.995492 -0.0348988 -0.288663 -0.404553 0.0678122 0.911997 0.418857
289 0.9137 -0.0577799 0.402262 -0.627181 0.0848034 0.995158 -0.0496807 -0.287067 -0.397444 0.0795064 0.914176 0.443726
290 0.915469 -0.051807 0.39904 -0.635563 0.0808927 0.995127 -0.056386 -0.28355 -0.394174 0.083899 0.915198 0.451111
291 0.916994 -0.0515202 0.39556 -0.639461 0.0818347 0.99483 -0.0601379 -0.289766 -0.390416 0.0875166 0.916469 0.461532
292 0.919545 -0.045405 0.390353 -0.641162 0.0782514 0.994567 -0.068649 -0.290982 -0.385115 0.0936715 0.918102 0.462852
293 0.921904 -0.0423045 0.385101 -0.638651 0.0758142 0.994501 -0.0722447 -0.290534 -0.379927 0.0957988 0.920042 0.461132
294 0.925378 -0.03976 0.376955 -0.635479 0.0761159 0.993718 -0.0820407 -0.293077 -0.371325 0.104611 0.922591 0.465862
295 0.923846 -0.03445 0.381211 -0.664039 0.0721848 0.993751 -0.0851312 -0.296778 -0.375896 0.106166 0.92056 0.494822
296 0.926193 -0.0316351 0.375721 -0.672202 0.0729425 0.992683 -0.0962286 -0.302763 -0.369928 0.116532 0.921723 0.515799
297 0.927556 -0.0285447 0.372593 -0.67678 0.0719301 0.992071 -0.103063 -0.306752 -0.366697 0.122398 0.922254 0.521777
298 0.928754 -0.02654 0.369745 -0.680124 0.0712367 0.991621 -0.10776 -0.305839 -0.363787 0.126422 0.922863 0.531123
299 0.929901 -0.0255816 0.36692 -0.691181 0.0734901 0.990386 -0.1172 -0.308774 -0.360394 0.135949 0.92284 0.542137
300 0.931878 -0.022629 0.362065 -0.696358 0.0731492 0.989273 -0.126441 -0.313282 -0.35532 0.144313 0.923538 0.548731
301 0.933531 -0.0212246 0.357868 -0.70232 0.0731727 0.988512 -0.13225 -0.309064 -0.35095 0.149646 0.924359 0.557093
302 0.935725 -0.022683 0.352001 -0.698191 0.0748331 0.98798 -0.135263 -0.311979 -0.344701 0.152911 0.926174 0.560509
303 0.936506 -0.0204466 0.350056 -0.704092 0.0747725 0.986982 -0.14239 -0.3172 -0.342588 0.159523 0.925843 0.572997
304 0.937777 -0.0180375 0.346768 -0.704377 0.075831 0.985184 -0.153827 -0.317441 -0.338856 0.170551 0.925251 0.57336
305 0.938557 -0.018261 0.344641 -0.702947 0.0778951 0.98404 -0.159991 -0.320093 -0.336219 0.177006 0.925 0.578549
306 0.939449 -0.0221314 0.341974 -0.699587 0.0844693 0.982077 -0.168492 -0.321821 -0.332116 0.187176 0.92448 0.580375
307 0.940069 -0.0211464 0.340327 -0.701487 0.0874923 0.979619 -0.180807 -0.32838 -0.329567 0.199747 0.92276 0.587908
308 0.940408 -0.0218089 0.339348 -0.703671 0.0894576 0.978656 -0.185011 -0.326619 -0.328071 0.204343 0.922287 0.585295
309 0.941196 -0.0210601 0.337205 -0.699011 0.089243 0.978105 -0.188005 -0.32965 -0.325862 0.207043 0.922468 0.591156
310 0.940714 -0.0173999 0.338754 -0.698989 0.0882755 0.97683 -0.194965 -0.332783 -0.327513 0.21331 0.920453 0.599506
311 0.936476 -0.00839762 0.350631 -0.732811 0.0828223 0.976735 -0.197811 -0.343352 -0.340813 0.214286 0.915384 0.631786
312 0.933809 -0.00324686 0.357758 -0.736648 0.0823324 0.975071 -0.206052 -0.352714 -0.34817 0.221868 0.910797 0.649545
313 0.932601 0.00234041 0.360901 -0.736327 0.0804983 0.973439 -0.214328 -0.350346 -0.351817 0.228934 0.907642 0.64948
314 0.929419 0.00796692 0.368939 -0.750772 0.0792297 0.972144 -0.220585 -0.354043 -0.36042 0.234247 0.902899 0.661686
315 0.92962 0.00762246 0.36844 -0.751896 0.0793558 0.97219 -0.220338 -0.352983 -0.359873 0.234068 0.903163 0.665902
316 0.930321 0.0101995 0.366603 -0.755142 0.0767199 0.972084 -0.221735 -0.360305 -0.358631 0.234411 0.903568 0.671256
317 0.930398 0.0143829 0.366269 -0.755844 0.0730797 0.971891 -0.223802 -0.354112 -0.359192 0.234992 0.903194 0.670096
318 0.931159 0.0148585 0.364309 -0.750689 0.0706978 0.972849 -0.220379 -0.364489 -0.357692 0.230963 0.904827 0.67552
319 0.934332 0.0263143 0.355432 -0.752118 0.0614113 0.970468 -0.233281 -0.363517 -0.351074 0.23979 0.905123 0.67408
320 0.935272 0.0259029 0.352981 -0.753342 0.059382 0.971697 -0.228647 -0.361202 -0.348913 0.234808 0.907262 0.672495
321 0.940813 0.0254792 0.337968 -0.752635 0.0527455 0.974014 -0.22026 -0.362182 -0.334798 0.225049 0.915021 0.6748
322 0.941731 0.0327194 0.334771 -0.772208 0.0457819 0.973528 -0.223937 -0.357781 -0.333236 0.226214 0.915304 0.709429
323 0.940691 0.0392382 0.336988 -0.806463 0.0401117 0.973459 -0.225318 -0.345109 -0.336885 0.225472 0.91415 0.719082
324 0.941672 0.0405096 0.334086 -0.815893 0.0367527 0.974412 -0.221746 -0.347487 -0.33452 0.22109 0.916087 0.727152
325 0.943468 0.046905 0.328128 -0.822803 0.0313103 0.972899 -0.2291 -0.359277 -0.329981 0.226422 0.916431 0.739264
326 0.94466 0.0538804 0.323597 -0.830944 0.0263377 0.970779 -0.238526 -0.346836 -0.326993 0.233848 0.915637 0.7432
327 0.945825 0.0542534 0.320113 -0.840746 0.0235127 0.971906 -0.234192 -0.339545 -0.323826 0.229031 0.917977 0.748992
328 0.948353 0.0518559 0.312949 -0.845064 0.0227915 0.97286 -0.230271 -0.338186 -0.316396 0.225511 0.921433 0.755517
329 0.951542 0.0488426 0.303615 -0.849679 0.0213916 0.974402 -0.223794 -0.335866 -0.306774 0.219445 0.926139 0.755013
330 0.953888 0.0461644 0.29659 -0.869653 0.0198094 0.976266 -0.215667 -0.328717 -0.299507 0.211597 0.930334 0.767328
331 0.956785 0.042348 0.287696 -0.876323 0.0190861 0.978061 -0.207442 -0.333375 -0.290169 0.203968 0.934986 0.783017
332 0.959761 0.042699 0.277551 -0.87596 0.0156308 0.978717 -0.204618 -0.327084 -0.280381 0.200723 0.938667 0.78032
333 0.961464 0.0432606 0.271506 -0.889563 0.0116542 0.980242 -0.197458 -0.326364 -0.274684 0.193012 0.941963 0.782921
334 0.962947 0.0447304 0.265955 -0.895295 0.00663759 0.98192 -0.18918 -0.322898 -0.269609 0.183936 0.94524 0.789548
335 0.964488 0.0446817 0.26032 -0.905482 0.00389145 0.983076 -0.183155 -0.32345 -0.264098 0.177664 0.947992 0.793535
336 0.966103 0.0450169 0.254202 -0.909061 0.00149257 0.983688 -0.179875 -0.306002 -0.258153 0.174157 0.950277 0.804855
337 0.966825 0.0411303 0.252105 -0.924832 0.00192564 0.98575 -0.168208 -0.299387 -0.255431 0.163113 0.952969 0.80913
338 0.968479 0.0352926 0.246584 -0.936924 0.00374851 0.987735 -0.156093 -0.306457 -0.249069 0.152097 0.956468 0.813067
339 0.970079 0.031443 0.240746 -0.944163 0.00497228 0.988798 -0.149179 -0.286595 -0.24274 0.145913 0.959055 0.823669
340 0.971167 0.0279091 0.23676 -0.953959 0.00454084 0.990778 -0.135418 -0.285647 -0.238356 0.132589 0.962084 0.828906
341 0.971741 0.0283026 0.234349 -0.969388 0.000675115 0.992449 -0.122659 -0.301213 -0.236051 0.119351 0.964383 0.825853
