[{"R":[[0.9967365264892578,-0.009530377574265003,-0.08015935868024826],[0.011500148102641106,0.9996422529220581,0.024147525429725647],[0.07990054786205292,-0.024990564212203026,0.9964895248413086]],"file_name":"/home/jonas/Downloads/freiburg/rgbd_dataset_freiburg2_large_with_loop//rgb/1311875572.406161.png","mnId":1,"t":[0.3779062330722809,-0.1347888559103012,0.1192086786031723]},{"R":[[0.9965779781341553,-0.023465735837817192,-0.07925744354724884],[0.02618318237364292,0.9990983009338379,0.0334227979183197],[0.07840168476104736,-0.03538363426923752,0.9962937235832214]],"file_name":"/home/jonas/Downloads/freiburg/rgbd_dataset_freiburg2_large_with_loop//rgb/1311875572.438063.png","mnId":2,"t":[0.37779948115348816,-0.10707259178161621,0.1118466779589653]},{"R":[[0.9947813749313354,-0.043956857174634933,-0.09207489341497421],[0.049171365797519684,0.9972665309906006,0.05515141040086746],[0.08939892798662186,-0.059391044080257416,0.9942235946655273]],"file_name":"/home/jonas/Downloads/freiburg/rgbd_dataset_freiburg2_large_with_loop//rgb/1311875572.470142.png","mnId":3,"t":[0.3686787486076355,-0.08947776257991791,0.11781763285398483]},{"R":[[0.9833170175552368,-0.09126298874616623,-0.15734891593456268],[0.10749834775924683,0.9893684983253479,0.09794935584068298],[0.14673690497875214,-0.11323001980781555,0.9826735258102417]],"file_name":"/home/jonas/Downloads/freiburg/rgbd_dataset_freiburg2_large_with_loop//rgb/1311875572.570183.png","mnId":4,"t":[0.37053242325782776,-0.05142546072602272,0.14311619102954865]},{"R":[[0.9637844562530518,-0.09043414145708084,-0.2508808672428131],[0.119410440325737,0.9875125885009766,0.10276219993829727],[0.23845480382442474,-0.12899839878082275,0.962548017501831]],"file_name":"/home/jonas/Downloads/freiburg/rgbd_dataset_freiburg2_large_with_loop//rgb/1311875572.705956.png","mnId":7,"t":[0.27359020709991455,-0.03407495096325874,0.22722533345222473]},{"R":[[0.9597010612487793,-0.07539436221122742,-0.27072054147720337],[0.09825916588306427,0.9925597906112671,0.07190443575382233],[0.2632851302623749,-0.09560753405094147,0.9599688053131104]],"file_name":"/home/jonas/Downloads/freiburg/rgbd_dataset_freiburg2_large_with_loop//rgb/1311875572.738041.png","mnId":8,"t":[0.25600653886795044,-0.025267083197832108,0.24012090265750885]},{"R":[[0.9323645830154419,0.004222852177917957,-0.3614947497844696],[0.007223167922347784,0.9995145797729492,0.030305912718176842],[0.3614472448825836,-0.03086729720234871,0.9318814873695374]],"file_name":"/home/jonas/Downloads/freiburg/rgbd_dataset_freiburg2_large_with_loop//rgb/1311875572.838072.png","mnId":10,"t":[0.25833743810653687,-0.08543079346418381,0.26316091418266296]},{"R":[[0.9115265607833862,0.01936561055481434,-0.4107849597930908],[-0.006264504045248032,0.9994285702705383,0.03321514651179314],[0.41119346022605896,-0.027703123167157173,0.9111270308494568]],"file_name":"/home/jonas/Downloads/freiburg/rgbd_dataset_freiburg2_large_with_loop//rgb/1311875572.870097.png","mnId":11,"t":[0.24976667761802673,-0.09464704245328903,0.2833434045314789]},{"R":[[0.8593074679374695,0.022618265822529793,-0.5109589695930481],[0.0020924401469528675,0.998857855796814,0.04773471876978874],[0.5114550590515137,-0.04208795353770256,0.8582786917686462]],"file_name":"/home/jonas/Downloads/freiburg/rgbd_dataset_freiburg2_large_with_loop//rgb/1311875572.938139.png","mnId":12,"t":[0.21270215511322021,-0.0895756334066391,0.3197115361690521]},{"R":[[0.8317973017692566,0.025642642751336098,-0.554486870765686],[0.0008814450120553374,0.9988700747489929,0.047515738755464554],[0.5550788044929504,-0.040012210607528687,0.8308348655700684]],"file_name":"/home/jonas/Downloads/freiburg/rgbd_dataset_freiburg2_large_with_loop//rgb/1311875572.970071.png","mnId":13,"t":[0.17998455464839935,-0.08723067492246628,0.3331630527973175]},{"R":[[0.7992164492607117,0.03533964604139328,-0.6000034809112549],[-0.010104124434292316,0.9989188313484192,0.0453764945268631],[0.6009584069252014,-0.03020312823355198,0.7987094521522522]],"file_name":"/home/jonas/Downloads/freiburg/rgbd_dataset_freiburg2_large_with_loop//rgb/1311875573.006008.png","mnId":14,"t":[0.1655297577381134,-0.08852218836545944,0.34083792567253113]},{"R":[[0.7719205021858215,0.041734158992767334,-0.634347677230835],[-0.020436890423297882,0.9989561438560486,0.04085289686918259],[0.6353904604911804,-0.018571095541119576,0.7719676494598389]],"file_name":"/home/jonas/Downloads/freiburg/rgbd_dataset_freiburg2_large_with_loop//rgb/1311875573.038089.png","mnId":15,"t":[0.09210128337144852,-0.06626579910516739,0.3275824189186096]},{"R":[[0.7419121861457825,0.041906822472810745,-0.6691861152648926],[-0.012272084131836891,0.9987264275550842,0.04893801733851433],[0.6703847050666809,-0.02809540368616581,0.741481602191925]],"file_name":"/home/jonas/Downloads/freiburg/rgbd_dataset_freiburg2_large_with_loop//rgb/1311875573.070140.png","mnId":16,"t":[0.042940448969602585,-0.06159278005361557,0.296586811542511]},{"R":[[0.7126055359840393,0.03870735317468643,-0.7004963159561157],[0.002873900579288602,0.9983074069023132,0.05808709189295769],[0.7015590071678162,-0.04340634122490883,0.7112881541252136]],"file_name":"/home/jonas/Downloads/freiburg/rgbd_dataset_freiburg2_large_with_loop//rgb/1311875573.106115.png","mnId":17,"t":[0.011912195011973381,-0.04047800600528717,0.28380289673805237]},{"R":[[0.6731581687927246,0.03832092881202698,-0.738504946231842],[0.03300558030605316,0.99610435962677,0.0817728042602539],[0.7387616038322449,-0.07942081987857819,0.6692709922790527]],"file_name":"/home/jonas/Downloads/freiburg/rgbd_dataset_freiburg2_large_with_loop//rgb/1311875573.170088.png","mnId":19,"t":[-0.08482363820075989,-0.025115126743912697,0.2749383747577667]},{"R":[[0.6511852145195007,0.0412808433175087,-0.7577953338623047],[0.03682001680135727,0.9956251978874207,0.08587662130594254],[0.7580251693725586,-0.08382362127304077,0.6468164324760437]],"file_name":"/home/jonas/Downloads/freiburg/rgbd_dataset_freiburg2_large_with_loop//rgb/1311875573.206145.png","mnId":20,"t":[-0.10921045392751694,-0.02367240935564041,0.2629479765892029]},{"R":[[0.599300742149353,0.0648973360657692,-0.7978890538215637],[0.03309354931116104,0.9938480257987976,0.10569273680448532],[0.7998396158218384,-0.08974672108888626,0.5934661626815796]],"file_name":"/home/jonas/Downloads/freiburg/rgbd_dataset_freiburg2_large_with_loop//rgb/1311875573.269952.png","mnId":21,"t":[-0.1461866796016693,-0.0035552300978451967,0.24048136174678802]},{"R":[[0.5600175261497498,0.08385298401117325,-0.8242263197898865],[0.024374354630708694,0.9927665591239929,0.11756055057048798],[0.8281221389770508,-0.08592595160007477,0.5539227724075317]],"file_name":"/home/jonas/Downloads/freiburg/rgbd_dataset_freiburg2_large_with_loop//rgb/1311875573.337963.png","mnId":22,"t":[-0.17004339396953583,0.02344880998134613,0.22374863922595978]},{"R":[[0.5040523409843445,0.11759732663631439,-0.8556296229362488],[0.014308695681393147,0.9894139170646667,0.14441384375095367],[0.8635545372962952,-0.08503507822751999,0.4970337450504303]],"file_name":"/home/jonas/Downloads/freiburg/rgbd_dataset_freiburg2_large_with_loop//rgb/1311875573.438150.png","mnId":23,"t":[-0.20361675322055817,0.06720361858606339,0.18033425509929657]},{"R":[[0.47630518674850464,0.1567876785993576,-0.8651884198188782],[-0.0027623313944786787,0.9842356443405151,0.17684045433998108],[0.8792756795883179,-0.08184008300304413,0.46922963857650757]],"file_name":"/home/jonas/Downloads/freiburg/rgbd_dataset_freiburg2_large_with_loop//rgb/1311875573.538123.png","mnId":24,"t":[-0.2189001441001892,0.11770061403512955,0.16078785061836243]},{"R":[[0.46008649468421936,0.17090800404548645,-0.871269702911377],[0.0004917279002256691,0.9812495112419128,0.1927412748336792],[0.8878739476203918,-0.08910608291625977,0.4513756036758423]],"file_name":"/home/jonas/Downloads/freiburg/rgbd_dataset_freiburg2_large_with_loop//rgb/1311875573.606067.png","mnId":25,"t":[-0.23937223851680756,0.13245713710784912,0.13170646131038666]},{"R":[[0.43044140934944153,0.17044013738632202,-0.8863804936408997],[0.011760417371988297,0.9808676838874817,0.1943199336528778],[0.9025418758392334,-0.09406755119562149,0.4202016294002533]],"file_name":"/home/jonas/Downloads/freiburg/rgbd_dataset_freiburg2_large_with_loop//rgb/1311875573.670125.png","mnId":26,"t":[-0.25454241037368774,0.1600119024515152,0.11276107281446457]},{"R":[[0.39195260405540466,0.16643400490283966,-0.9048054218292236],[0.0314534455537796,0.9805005192756653,0.1939830183982849],[0.9194476008415222,-0.10449139028787613,0.3790748119354248]],"file_name":"/home/jonas/Downloads/freiburg/rgbd_dataset_freiburg2_large_with_loop//rgb/1311875573.737992.png","mnId":27,"t":[-0.27223312854766846,0.14877142012119293,0.08801580220460892]},{"R":[[0.3406173288822174,0.18958500027656555,-0.9208894371986389],[0.0246628075838089,0.9773204326629639,0.21032479405403137],[0.9398784637451172,-0.09435199201107025,0.3282165825366974]],"file_name":"/home/jonas/Downloads/freiburg/rgbd_dataset_freiburg2_large_with_loop//rgb/1311875573.838018.png","mnId":28,"t":[-0.28947004675865173,0.18113306164741516,0.06195133179426193]},{"R":[[0.3092496693134308,0.21462781727313995,-0.9264445900917053],[0.02569444477558136,0.9719575047492981,0.23374859988689423],[0.950633704662323,-0.09609115868806839,0.295062780380249]],"file_name":"/home/jonas/Downloads/freiburg/rgbd_dataset_freiburg2_large_with_loop//rgb/1311875573.938106.png","mnId":29,"t":[-0.30388569831848145,0.22402118146419525,0.029208658263087273]},{"R":[[0.29177889227867126,0.23729819059371948,-0.9265822172164917],[0.043278321623802185,0.9644684791564941,0.2606291174888611],[0.9555062055587769,-0.1161470040678978,0.2711416780948639]],"file_name":"/home/jonas/Downloads/freiburg/rgbd_dataset_freiburg2_large_with_loop//rgb/1311875574.038034.png","mnId":30,"t":[-0.31392744183540344,0.254828542470932,0.013836869969964027]},{"R":[[0.24692927300930023,0.27331575751304626,-0.9296904802322388],[0.09789794683456421,0.947455108165741,0.30454036593437195],[0.9640756845474243,-0.166214719414711,0.20719733834266663]],"file_name":"/home/jonas/Downloads/freiburg/rgbd_dataset_freiburg2_large_with_loop//rgb/1311875574.770010.png","mnId":32,"t":[-0.3697168231010437,0.3392240107059479,-0.05561724305152893]},{"R":[[0.28139135241508484,0.27213549613952637,-0.9201962947845459],[0.10283199697732925,0.9448705911636353,0.31087809801101685],[0.9540673494338989,-0.18210402131080627,0.23789416253566742]],"file_name":"/home/jonas/Downloads/freiburg/rgbd_dataset_freiburg2_large_with_loop//rgb/1311875574.970094.png","mnId":33,"t":[-0.38380464911460876,0.33482566475868225,-0.044219374656677246]},{"R":[[0.21870318055152893,0.260696142911911,-0.9403225183486938],[0.15054252743721008,0.9430995583534241,0.2964797019958496],[0.9641088247299194,-0.2063995897769928,0.167013019323349]],"file_name":"/home/jonas/Downloads/freiburg/rgbd_dataset_freiburg2_large_with_loop//rgb/1311875575.570117.png","mnId":34,"t":[-0.43452146649360657,0.3597138822078705,-0.09315457195043564]},{"R":[[0.18157199025154114,0.2783642113208771,-0.943156898021698],[0.19289107620716095,0.9303858280181885,0.31172940135002136],[0.9642741680145264,-0.23852789402008057,0.11523803323507309]],"file_name":"/home/jonas/Downloads/freiburg/rgbd_dataset_freiburg2_large_with_loop//rgb/1311875575.870120.png","mnId":35,"t":[-0.43065783381462097,0.37627291679382324,-0.12750735878944397]},{"R":[[0.2631145715713501,0.26713287830352783,-0.9270440936088562],[0.20105691254138947,0.9246213436126709,0.3234989047050476],[0.9435819387435913,-0.2715058922767639,0.18957243859767914]],"file_name":"/home/jonas/Downloads/freiburg/rgbd_dataset_freiburg2_large_with_loop//rgb/1311875577.905834.png","mnId":37,"t":[-0.272773414850235,0.411398321390152,-0.07041402161121368]},{"R":[[0.27820461988449097,0.26120465993881226,-0.9243236780166626],[0.21603839099407196,0.920641303062439,0.32518768310546875],[0.9359111189842224,-0.29015812277793884,0.19969642162322998]],"file_name":"/home/jonas/Downloads/freiburg/rgbd_dataset_freiburg2_large_with_loop//rgb/1311875578.074023.png","mnId":38,"t":[-0.2303837388753891,0.41564545035362244,-0.03963925689458847]},{"R":[[0.30948910117149353,0.20383600890636444,-0.9287989139556885],[0.23332515358924866,0.9306156635284424,0.28198200464248657],[0.9218328595161438,-0.3039824962615967,0.24045534431934357]],"file_name":"/home/jonas/Downloads/freiburg/rgbd_dataset_freiburg2_large_with_loop//rgb/1311875578.473992.png","mnId":39,"t":[-0.2067898064851761,0.40036383271217346,-0.00943951029330492]},{"R":[[0.37613338232040405,0.19718001782894135,-0.9053417444229126],[0.16474895179271698,0.9472923874855042,0.2747633159160614],[0.9118012189865112,-0.2525017559528351,0.32382309436798096]],"file_name":"/home/jonas/Downloads/freiburg/rgbd_dataset_freiburg2_large_with_loop//rgb/1311875578.806012.png","mnId":40,"t":[-0.11697882413864136,0.35743623971939087,0.056847602128982544]},{"R":[[0.456964373588562,0.16819846630096436,-0.8734374046325684],[0.017938664183020592,0.9800161123275757,0.1981075406074524],[0.8893041014671326,-0.10619638860225677,0.44481518864631653]],"file_name":"/home/jonas/Downloads/freiburg/rgbd_dataset_freiburg2_large_with_loop//rgb/1311875579.438118.png","mnId":42,"t":[0.002403514226898551,0.31368836760520935,0.07960831373929977]},{"R":[[0.48878610134124756,0.1584344208240509,-0.8578966856002808],[-0.019565043970942497,0.9851146340370178,0.17078158259391785],[0.8721842765808105,-0.06669087707996368,0.48461011052131653]],"file_name":"/home/jonas/Downloads/freiburg/rgbd_dataset_freiburg2_large_with_loop//rgb/1311875579.637928.png","mnId":43,"t":[0.04744171351194382,0.2864285409450531,0.07949333637952805]},{"R":[[0.5144405961036682,0.14526374638080597,-0.8451327085494995],[-0.04698525369167328,0.9888419508934021,0.14136451482772827],[0.8562378883361816,-0.03301486372947693,0.5155256986618042]],"file_name":"/home/jonas/Downloads/freiburg/rgbd_dataset_freiburg2_large_with_loop//rgb/1311875579.973958.png","mnId":44,"t":[0.09921427071094513,0.2791895866394043,0.06747645139694214]},{"R":[[0.5400869250297546,0.13112187385559082,-0.8313321471214294],[-0.053168147802352905,0.9911314845085144,0.12178477644920349],[0.839928150177002,-0.021573973819613457,0.542268693447113]],"file_name":"/home/jonas/Downloads/freiburg/rgbd_dataset_freiburg2_large_with_loop//rgb/1311875580.138049.png","mnId":45,"t":[0.13462120294570923,0.2734733819961548,0.0690244510769844]},{"R":[[0.5666282176971436,0.11418061703443527,-0.8160240650177002],[-0.05556824430823326,0.993392825126648,0.10041330009698868],[0.8220977187156677,-0.01155198272317648,0.5692291855812073]],"file_name":"/home/jonas/Downloads/freiburg/rgbd_dataset_freiburg2_large_with_loop//rgb/1311875580.306188.png","mnId":46,"t":[0.15756508708000183,0.2764603793621063,0.06333764642477036]},{"R":[[0.6236690282821655,0.11967436969280243,-0.7724732756614685],[-0.08872393518686295,0.9926624894142151,0.08215413987636566],[0.7766370177268982,0.017299877479672432,0.6297107934951782]],"file_name":"/home/jonas/Downloads/freiburg/rgbd_dataset_freiburg2_large_with_loop//rgb/1311875580.737976.png","mnId":48,"t":[0.27088019251823425,0.23230648040771484,0.08561135083436966]},{"R":[[0.6939640641212463,0.10874585807323456,-0.7117501497268677],[-0.09962298721075058,0.993522584438324,0.05466341972351074],[0.7130842804908752,0.03297222778201103,0.7003025412559509]],"file_name":"/home/jonas/Downloads/freiburg/rgbd_dataset_freiburg2_large_with_loop//rgb/1311875581.105884.png","mnId":50,"t":[0.3748152256011963,0.21781542897224426,0.08490195125341415]},{"R":[[0.7253437042236328,0.10837393999099731,-0.6798025965690613],[-0.10802800208330154,0.9932143092155457,0.043072961270809174],[0.6798576712608337,0.042195018380880356,0.7321291565895081]],"file_name":"/home/jonas/Downloads/freiburg/rgbd_dataset_freiburg2_large_with_loop//rgb/1311875581.273913.png","mnId":51,"t":[0.3957701623439789,0.21862049400806427,0.09000621736049652]},{"R":[[0.743205726146698,0.09762398153543472,-0.6619023680686951],[-0.0987892746925354,0.9944660067558289,0.03574993833899498],[0.6617294549942017,0.038819294422864914,0.7487370371818542]],"file_name":"/home/jonas/Downloads/freiburg/rgbd_dataset_freiburg2_large_with_loop//rgb/1311875581.438046.png","mnId":52,"t":[0.44623544812202454,0.21578019857406616,0.07875879853963852]},{"R":[[0.7749407887458801,0.09368006139993668,-0.6250526905059814],[-0.10210414975881577,0.9945200085639954,0.022465355694293976],[0.6237319707870483,0.04641114920377731,0.7802592515945435]],"file_name":"/home/jonas/Downloads/freiburg/rgbd_dataset_freiburg2_large_with_loop//rgb/1311875581.605991.png","mnId":53,"t":[0.4933667778968811,0.2160651534795761,0.06536173820495605]},{"R":[[0.8138638138771057,0.07230739295482635,-0.5765390992164612],[-0.07837502658367157,0.9968202114105225,0.014380419626832008],[0.5757456421852112,0.033482566475868225,0.8169429898262024]],"file_name":"/home/jonas/Downloads/freiburg/rgbd_dataset_freiburg2_large_with_loop//rgb/1311875581.805850.png","mnId":54,"t":[0.5527174472808838,0.22648853063583374,0.03240978345274925]},{"R":[[0.8438760042190552,0.07194122672080994,-0.5316932797431946],[-0.07348299771547318,0.9971287846565247,0.018288983032107353],[0.5314823985099792,0.02363678254187107,0.8467394709587097]],"file_name":"/home/jonas/Downloads/freiburg/rgbd_dataset_freiburg2_large_with_loop//rgb/1311875581.973742.png","mnId":55,"t":[0.5983365178108215,0.21846041083335876,0.0009669149294495583]},{"R":[[0.9200295805931091,0.0811060220003128,-0.3833632469177246],[-0.05142495036125183,0.9948743581771851,0.08706580102443695],[0.38845983147621155,-0.060388676822185516,0.9194847345352173]],"file_name":"/home/jonas/Downloads/freiburg/rgbd_dataset_freiburg2_large_with_loop//rgb/1311875582.737904.png","mnId":59,"t":[0.7456436157226563,0.21401181817054749,-0.1805022805929184]},{"R":[[0.9266791939735413,0.0725918710231781,-0.36877644062042236],[-0.03517090529203415,0.9936141967773438,0.10720904916524887],[0.37420400977134705,-0.08637819439172745,0.9233147501945496]],"file_name":"/home/jonas/Downloads/freiburg/rgbd_dataset_freiburg2_large_with_loop//rgb/1311875582.905803.png","mnId":60,"t":[0.7790088653564453,0.2157016396522522,-0.2198265790939331]},{"R":[[0.9321025609970093,0.07219458371400833,-0.3549264073371887],[-0.026112325489521027,0.9907779693603516,0.13295555114746094],[0.36125192046165466,-0.11466026306152344,0.9253918528556824]],"file_name":"/home/jonas/Downloads/freiburg/rgbd_dataset_freiburg2_large_with_loop//rgb/1311875583.073899.png","mnId":61,"t":[0.8254925608634949,0.22832871973514557,-0.2750283181667328]},{"R":[[0.9384339451789856,0.0729086622595787,-0.33767738938331604],[-0.020850397646427155,0.987647294998169,0.1553000658750534],[0.34482887387275696,-0.13869814574718475,0.9283619523048401]],"file_name":"/home/jonas/Downloads/freiburg/rgbd_dataset_freiburg2_large_with_loop//rgb/1311875583.206025.png","mnId":62,"t":[0.8488574624061584,0.22792941331863403,-0.32261884212493896]},{"R":[[0.9407551288604736,0.0828653946518898,-0.328805536031723],[-0.018421510234475136,0.9807377457618713,0.19445866346359253],[0.33858588337898254,-0.17688089609146118,0.9241605401039124]],"file_name":"/home/jonas/Downloads/freiburg/rgbd_dataset_freiburg2_large_with_loop//rgb/1311875583.337934.png","mnId":63,"t":[0.8699521422386169,0.2148548662662506,-0.352444052696228]},{"R":[[0.9373372197151184,0.0811578780412674,-0.3388397693634033],[-0.004923300817608833,0.9754818081855774,0.22002506256103516],[0.34838879108428955,-0.20456945896148682,0.9147549271583557]],"file_name":"/home/jonas/Downloads/freiburg/rgbd_dataset_freiburg2_large_with_loop//rgb/1311875583.537725.png","mnId":64,"t":[0.8921759724617004,0.2105945348739624,-0.3794916570186615]},{"R":[[0.9339007139205933,0.07527966052293777,-0.34951743483543396],[0.00936842430382967,0.9720942378044128,0.23440347611904144],[0.3574097156524658,-0.22218400239944458,0.9071342349052429]],"file_name":"/home/jonas/Downloads/freiburg/rgbd_dataset_freiburg2_large_with_loop//rgb/1311875583.705760.png","mnId":65,"t":[0.9217164516448975,0.20364126563072205,-0.39123833179473877]},{"R":[[0.9362325668334961,0.05614512413740158,-0.3468663990497589],[0.029567712917923927,0.9710628390312195,0.23698663711547852],[0.3501347303390503,-0.23213064670562744,0.9074805974960327]],"file_name":"/home/jonas/Downloads/freiburg/rgbd_dataset_freiburg2_large_with_loop//rgb/1311875583.873865.png","mnId":66,"t":[0.944861888885498,0.20186318457126617,-0.40783748030662537]},{"R":[[0.9517635107040405,0.018766075372695923,-0.3062581419944763],[0.05290075019001961,0.9731453657150269,0.22403036057949066],[0.302237868309021,-0.22942520678043365,0.925211489200592]],"file_name":"/home/jonas/Downloads/freiburg/rgbd_dataset_freiburg2_large_with_loop//rgb/1311875584.173905.png","mnId":68,"t":[0.9920865297317505,0.21189996600151062,-0.48090746998786926]},{"R":[[0.9693793654441833,-0.002189852297306061,-0.24555830657482147],[0.04299260675907135,0.9860295057296753,0.1609266996383667],[0.24177533388137817,-0.1665562093257904,0.9559308290481567]],"file_name":"/home/jonas/Downloads/freiburg/rgbd_dataset_freiburg2_large_with_loop//rgb/1311875584.473922.png","mnId":70,"t":[1.0560706853866577,0.20796768367290497,-0.5489156246185303]},{"R":[[0.9746547937393188,-0.006871924269944429,-0.22360859811306],[0.03257329389452934,0.9932355284690857,0.11145492643117905],[0.22133009135723114,-0.1159137412905693,0.9682856202125549]],"file_name":"/home/jonas/Downloads/freiburg/rgbd_dataset_freiburg2_large_with_loop//rgb/1311875584.637854.png","mnId":71,"t":[1.0886725187301636,0.245187908411026,-0.5846247673034668]},{"R":[[0.974321722984314,-0.021918628364801407,-0.2240910530090332],[0.042565859854221344,0.9952347874641418,0.08772621303796768],[0.22110037505626678,-0.09501218050718307,0.9706118106842041]],"file_name":"/home/jonas/Downloads/freiburg/rgbd_dataset_freiburg2_large_with_loop//rgb/1311875584.773890.png","mnId":72,"t":[1.1426421403884888,0.24884741008281708,-0.5883350968360901]},{"R":[[0.9757670760154724,-0.029749544337391853,-0.2167799323797226],[0.041373319923877716,0.997927725315094,0.049279604107141495],[0.21486465632915497,-0.057054322212934494,0.9749758839607239]],"file_name":"/home/jonas/Downloads/freiburg/rgbd_dataset_freiburg2_large_with_loop//rgb/1311875584.905747.png","mnId":73,"t":[1.1812747716903687,0.27556201815605164,-0.6063002347946167]},{"R":[[0.9796291589736938,-0.040793512016534805,-0.19662821292877197],[0.04038044437766075,0.9991657137870789,-0.0061111063696444035],[0.19671344757080078,-0.001953316619619727,0.9804590940475464]],"file_name":"/home/jonas/Downloads/freiburg/rgbd_dataset_freiburg2_large_with_loop//rgb/1311875585.173831.png","mnId":75,"t":[1.2576552629470825,0.2965621054172516,-0.6312795877456665]},{"R":[[0.9860159754753113,-0.07161323726177216,-0.1504792720079422],[0.06164904683828354,0.995648980140686,-0.06987475603818893],[0.1548284888267517,0.05962072312831879,0.9861407279968262]],"file_name":"/home/jonas/Downloads/freiburg/rgbd_dataset_freiburg2_large_with_loop//rgb/1311875585.441710.png","mnId":77,"t":[1.3137727975845337,0.36508381366729736,-0.7033634781837463]},{"R":[[0.9886325597763062,-0.07742425054311752,-0.12888438999652863],[0.06564830243587494,0.9934770464897156,-0.0932399183511734],[0.13526271283626556,0.08371897786855698,0.987266480922699]],"file_name":"/home/jonas/Downloads/freiburg/rgbd_dataset_freiburg2_large_with_loop//rgb/1311875585.541741.png","mnId":78,"t":[1.3178476095199585,0.39086976647377014,-0.7292548418045044]},{"R":[[0.9909481406211853,-0.09286338835954666,-0.09694436192512512],[0.07842095196247101,0.9865506291389465,-0.14341561496257782],[0.10895857959985733,0.1345149576663971,0.9849029183387756]],"file_name":"/home/jonas/Downloads/freiburg/rgbd_dataset_freiburg2_large_with_loop//rgb/1311875585.805863.png","mnId":80,"t":[1.3625078201293945,0.4396180212497711,-0.7855277061462402]},{"R":[[0.9931435585021973,-0.09570811688899994,-0.06712573766708374],[0.08334571868181229,0.982342004776001,-0.167504221200943],[0.08197194337844849,0.16076108813285828,0.9835835099220276]],"file_name":"/home/jonas/Downloads/freiburg/rgbd_dataset_freiburg2_large_with_loop//rgb/1311875586.005852.png","mnId":81,"t":[1.3856807947158813,0.47141924500465393,-0.8514904975891113]},{"R":[[0.9947778582572937,-0.08940064162015915,-0.049239009618759155],[0.07913602143526077,0.9802831411361694,-0.18105925619602203],[0.06445498764514923,0.17621716856956482,0.9822388291358948]],"file_name":"/home/jonas/Downloads/freiburg/rgbd_dataset_freiburg2_large_with_loop//rgb/1311875586.141892.png","mnId":82,"t":[1.4018410444259644,0.4861452281475067,-0.899442732334137]},{"R":[[0.9964545369148254,-0.08017420023679733,-0.02550334855914116],[0.0735357478260994,0.9772416353225708,-0.19897545874118805],[0.0408756323158741,0.19639459252357483,0.9796725511550903]],"file_name":"/home/jonas/Downloads/freiburg/rgbd_dataset_freiburg2_large_with_loop//rgb/1311875586.241825.png","mnId":83,"t":[1.418891429901123,0.5020752549171448,-0.9404168725013733]},{"R":[[0.996882975101471,-0.07884524017572403,-0.0027765841223299503],[0.07646461576223373,0.9742526412010193,-0.21209651231765747],[0.019427893683314323,0.21122309565544128,0.9772447943687439]],"file_name":"/home/jonas/Downloads/freiburg/rgbd_dataset_freiburg2_large_with_loop//rgb/1311875586.305855.png","mnId":84,"t":[1.4104068279266357,0.5267457365989685,-0.9875231385231018]},{"R":[[0.9968404173851013,-0.07916555553674698,0.006479416508227587],[0.0787009447813034,0.9733668565750122,-0.21532098948955536],[0.010739156976342201,0.2151505947113037,0.9765218496322632]],"file_name":"/home/jonas/Downloads/freiburg/rgbd_dataset_freiburg2_large_with_loop//rgb/1311875586.341725.png","mnId":85,"t":[1.4089651107788086,0.5331580638885498,-1.0033798217773438]},{"R":[[0.9967465400695801,-0.07910910993814468,0.015431702136993408],[0.08056771010160446,0.9724794030189514,-0.21861538290977478],[0.0022874553687870502,0.21914741396903992,0.9756890535354614]],"file_name":"/home/jonas/Downloads/freiburg/rgbd_dataset_freiburg2_large_with_loop//rgb/1311875586.373904.png","mnId":86,"t":[1.4020347595214844,0.5417762994766235,-1.0220433473587036]},{"R":[[0.996497392654419,-0.08027143776416779,0.023439858108758926],[0.08346718549728394,0.9719030857086182,-0.22008541226387024],[-0.0051146987825632095,0.22127099335193634,0.9751989245414734]],"file_name":"/home/jonas/Downloads/freiburg/rgbd_dataset_freiburg2_large_with_loop//rgb/1311875586.405960.png","mnId":87,"t":[1.403647541999817,0.5515116453170776,-1.03611159324646]},{"R":[[0.9961362481117249,-0.082296222448349,0.030657947063446045],[0.08704439550638199,0.9715405106544495,-0.22030042111873627],[-0.011655544862151146,0.2221178412437439,0.9749501347541809]],"file_name":"/home/jonas/Downloads/freiburg/rgbd_dataset_freiburg2_large_with_loop//rgb/1311875586.441800.png","mnId":88,"t":[1.4048142433166504,0.553889274597168,-1.051082968711853]},{"R":[[0.9945975542068481,-0.08919689059257507,0.05309980362653732],[0.09893180429935455,0.9694000482559204,-0.22466875612735748],[-0.031435199081897736,0.22870826721191406,0.9729873538017273]],"file_name":"/home/jonas/Downloads/freiburg/rgbd_dataset_freiburg2_large_with_loop//rgb/1311875586.541893.png","mnId":91,"t":[1.4045157432556152,0.587540328502655,-1.0987476110458374]},{"R":[[0.993958055973053,-0.09178046137094498,0.06019724905490875],[0.10313943028450012,0.9686013460159302,-0.22621609270572662],[-0.037544917315244675,0.2310580313205719,0.9722152948379517]],"file_name":"/home/jonas/Downloads/freiburg/rgbd_dataset_freiburg2_large_with_loop//rgb/1311875586.573945.png","mnId":92,"t":[1.4077728986740112,0.5982242822647095,-1.1102492809295654]},{"R":[[0.9929731488227844,-0.09452507644891739,0.07119947671890259],[0.108468197286129,0.9675521850585938,-0.22820477187633514],[-0.04731813445687294,0.23432409763336182,0.9710062742233276]],"file_name":"/home/jonas/Downloads/freiburg/rgbd_dataset_freiburg2_large_with_loop//rgb/1311875586.605879.png","mnId":93,"t":[1.3887841701507568,0.6120080947875977,-1.136769413948059]},{"R":[[0.9923029541969299,-0.09740099310874939,0.07647134363651276],[0.112549789249897,0.9669212102890015,-0.2289014309644699],[-0.05164654180407524,0.23574639856815338,0.9704412817955017]],"file_name":"/home/jonas/Downloads/freiburg/rgbd_dataset_freiburg2_large_with_loop//rgb/1311875586.641927.png","mnId":94,"t":[1.392042636871338,0.6214335560798645,-1.1463544368743896]},{"R":[[0.9908715486526489,-0.10308896005153656,0.08686886727809906],[0.12097615003585815,0.9643000960350037,-0.2355634719133377],[-0.05948365852236748,0.24392220377922058,0.9679688215255737]],"file_name":"/home/jonas/Downloads/freiburg/rgbd_dataset_freiburg2_large_with_loop//rgb/1311875586.705775.png","mnId":95,"t":[1.3934617042541504,0.6427557468414307,-1.16477370262146]},{"R":[[0.9900556206703186,-0.10622663795948029,0.09222686290740967],[0.12557010352611542,0.9628769159317017,-0.2389564961194992],[-0.06341957300901413,0.24816115200519562,0.9666405916213989]],"file_name":"/home/jonas/Downloads/freiburg/rgbd_dataset_freiburg2_large_with_loop//rgb/1311875586.741661.png","mnId":96,"t":[1.3962594270706177,0.6572375893592834,-1.1735397577285767]},{"R":[[0.9890491366386414,-0.1073860451579094,0.10124269872903824],[0.12923480570316315,0.9614507555961609,-0.242715522646904],[-0.07127560675144196,0.2531416416168213,0.9648000001907349]],"file_name":"/home/jonas/Downloads/freiburg/rgbd_dataset_freiburg2_large_with_loop//rgb/1311875586.773825.png","mnId":97,"t":[1.3829675912857056,0.6659862399101257,-1.1872661113739014]},{"R":[[0.9830377101898193,-0.1312585324048996,0.12809409201145172],[0.16278330981731415,0.9461897611618042,-0.27969011664390564],[-0.0844895988702774,0.2957974970340729,0.9515068531036377]],"file_name":"/home/jonas/Downloads/freiburg/rgbd_dataset_freiburg2_large_with_loop//rgb/1311875587.173798.png","mnId":98,"t":[1.4150809049606323,0.7746039628982544,-1.258658528327942]},{"R":[[0.9894565939903259,-0.07742753624916077,0.12239555269479752],[0.10863219201564789,0.9556815028190613,-0.2736273407936096],[-0.09578487277030945,0.2840384542942047,0.9540164470672607]],"file_name":"/home/jonas/Downloads/freiburg/rgbd_dataset_freiburg2_large_with_loop//rgb/1311875587.605774.png","mnId":100,"t":[1.5890449285507202,0.6987180709838867,-1.3411651849746704]},{"R":[[0.9832576513290405,-0.05986222252249718,0.17210708558559418],[0.10152583569288254,0.9642879366874695,-0.24462465941905975],[-0.15131701529026031,0.2580024003982544,0.9542211294174194]],"file_name":"/home/jonas/Downloads/freiburg/rgbd_dataset_freiburg2_large_with_loop//rgb/1311875587.805675.png","mnId":102,"t":[1.6096268892288208,0.6526866555213928,-1.466421365737915]},{"R":[[0.9745301008224487,-0.06443072855472565,0.214801624417305],[0.1147971823811531,0.9661529660224915,-0.2310195416212082],[-0.19264647364616394,0.2497941106557846,0.9489416480064392]],"file_name":"/home/jonas/Downloads/freiburg/rgbd_dataset_freiburg2_large_with_loop//rgb/1311875587.941784.png","mnId":103,"t":[1.5992025136947632,0.6605784296989441,-1.5555942058563232]},{"R":[[0.9649291038513184,-0.06856662780046463,0.2533978819847107],[0.12784072756767273,0.9658259153366089,-0.22547073662281036],[-0.22927847504615784,0.2499578297138214,0.9407191276550293]],"file_name":"/home/jonas/Downloads/freiburg/rgbd_dataset_freiburg2_large_with_loop//rgb/1311875588.041631.png","mnId":104,"t":[1.5621720552444458,0.6841387748718262,-1.634031057357788]},{"R":[[0.9507206678390503,-0.06923681497573853,0.3022192120552063],[0.13321062922477722,0.9714109897613525,-0.19650867581367493],[-0.27997341752052307,0.22708368301391602,0.9327635765075684]],"file_name":"/home/jonas/Downloads/freiburg/rgbd_dataset_freiburg2_large_with_loop//rgb/1311875588.173804.png","mnId":105,"t":[1.5071734189987183,0.6645645499229431,-1.757079839706421]},{"R":[[0.9333944916725159,-0.06921359151601791,0.35211384296417236],[0.13778240978717804,0.9751375317573547,-0.17355914413928986],[-0.3313467800617218,0.21051424741744995,0.9197244644165039]],"file_name":"/home/jonas/Downloads/freiburg/rgbd_dataset_freiburg2_large_with_loop//rgb/1311875588.341780.png","mnId":107,"t":[1.4448868036270142,0.6596695780754089,-1.8706642389297485]},{"R":[[0.9263678789138794,-0.07361866533756256,0.36935463547706604],[0.14192968606948853,0.9766451716423035,-0.16130782663822174],[-0.34885314106941223,0.20185276865959167,0.9151813983917236]],"file_name":"/home/jonas/Downloads/freiburg/rgbd_dataset_freiburg2_large_with_loop//rgb/1311875588.405695.png","mnId":108,"t":[1.4187153577804565,0.6495171189308167,-1.913384199142456]},{"R":[[0.9212042689323425,-0.07254399359226227,0.3822565972805023],[0.14157195389270782,0.9776153564453125,-0.15564562380313873],[-0.3624087870121002,0.19749821722507477,0.9108536243438721]],"file_name":"/home/jonas/Downloads/freiburg/rgbd_dataset_freiburg2_large_with_loop//rgb/1311875588.473781.png","mnId":109,"t":[1.4045000076293945,0.6503467559814453,-1.9524142742156982]},{"R":[[0.9178460240364075,-0.07244614511728287,0.3902694582939148],[0.14073103666305542,0.9787269234657288,-0.14929281175136566],[-0.37115156650543213,0.19195084273815155,0.9085160493850708]],"file_name":"/home/jonas/Downloads/freiburg/rgbd_dataset_freiburg2_large_with_loop//rgb/1311875588.505701.png","mnId":110,"t":[1.3924014568328857,0.6378019452095032,-1.9765619039535522]},{"R":[[0.9150152802467346,-0.07198796421289444,0.3969443440437317],[0.1407482624053955,0.979089081287384,-0.14688248932361603],[-0.37807008624076843,0.19026894867420197,0.9060136675834656]],"file_name":"/home/jonas/Downloads/freiburg/rgbd_dataset_freiburg2_large_with_loop//rgb/1311875588.541846.png","mnId":111,"t":[1.381569504737854,0.6419851183891296,-1.9912410974502563]},{"R":[[0.9114418029785156,-0.07438172399997711,0.4046494960784912],[0.14226941764354706,0.9798284769058228,-0.140341117978096],[-0.38604825735092163,0.185481995344162,0.9036388397216797]],"file_name":"/home/jonas/Downloads/freiburg/rgbd_dataset_freiburg2_large_with_loop//rgb/1311875588.573756.png","mnId":112,"t":[1.3699904680252075,0.6337956190109253,-2.017941474914551]},{"R":[[0.908697783946991,-0.07421809434890747,0.4108041226863861],[0.14133493602275848,0.9806498885154724,-0.13546304404735565],[-0.3928011953830719,0.18115593492984772,0.9016039967536926]],"file_name":"/home/jonas/Downloads/freiburg/rgbd_dataset_freiburg2_large_with_loop//rgb/1311875588.605762.png","mnId":113,"t":[1.3578810691833496,0.6204696297645569,-2.0352282524108887]},{"R":[[0.9051542282104492,-0.07768893986940384,0.41792377829551697],[0.14244192838668823,0.9817498922348022,-0.12600573897361755],[-0.4005073606967926,0.1735844910144806,0.8997012376785278]],"file_name":"/home/jonas/Downloads/freiburg/rgbd_dataset_freiburg2_large_with_loop//rgb/1311875588.673700.png","mnId":114,"t":[1.3446239233016968,0.622504711151123,-2.0829639434814453]},{"R":[[0.9038673639297485,-0.07755855470895767,0.4207237958908081],[0.14080996811389923,0.9825679063796997,-0.12137888371944427],[-0.4039757251739502,0.16895250976085663,0.8990320563316345]],"file_name":"/home/jonas/Downloads/freiburg/rgbd_dataset_freiburg2_large_with_loop//rgb/1311875588.705778.png","mnId":115,"t":[1.3404567241668701,0.610916793346405,-2.078669786453247]},{"R":[[0.8989924192428589,-0.070503830909729,0.43225204944610596],[0.12958873808383942,0.98558509349823,-0.10876008123159409],[-0.41835319995880127,0.1537894904613495,0.8951700329780579]],"file_name":"/home/jonas/Downloads/freiburg/rgbd_dataset_freiburg2_large_with_loop//rgb/1311875588.841709.png","mnId":116,"t":[1.312456727027893,0.5926609635353088,-2.1389224529266357]},{"R":[[0.8958224654197693,-0.06560858339071274,0.4395425617694855],[0.12030184268951416,0.9879158735275269,-0.09772281348705292],[-0.4278196096420288,0.140420064330101,0.8928900361061096]],"file_name":"/home/jonas/Downloads/freiburg/rgbd_dataset_freiburg2_large_with_loop//rgb/1311875588.941789.png","mnId":117,"t":[1.3104060888290405,0.5688359141349792,-2.181490898132324]},{"R":[[0.8770589828491211,-0.0559663288295269,0.47711142897605896],[0.09867753088474274,0.9929999113082886,-0.0649145171046257],[-0.4701385796070099,0.10401403903961182,0.8764421343803406]],"file_name":"/home/jonas/Downloads/freiburg/rgbd_dataset_freiburg2_large_with_loop//rgb/1311875589.173634.png","mnId":118,"t":[1.2248514890670776,0.5079897046089172,-2.305976152420044]},{"R":[[0.8120673894882202,-0.07249334454536438,0.5790433883666992],[0.08296488970518112,0.99651700258255,0.0084065617993474],[-0.5776360034942627,0.04121357575058937,0.8152533769607544]],"file_name":"/home/jonas/Downloads/freiburg/rgbd_dataset_freiburg2_large_with_loop//rgb/1311875589.541711.png","mnId":121,"t":[0.9473978877067566,0.40101301670074463,-2.5528223514556885]},{"R":[[0.7659808993339539,-0.06297547370195389,0.6397712826728821],[0.047911666333675385,0.9980148673057556,0.040875595062971115],[-0.6410754323005676,-0.0006574157741852105,0.7674775719642639]],"file_name":"/home/jonas/Downloads/freiburg/rgbd_dataset_freiburg2_large_with_loop//rgb/1311875589.741782.png","mnId":123,"t":[0.7937688827514648,0.24413426220417023,-2.650876522064209]},{"R":[[0.7465062141418457,-0.05948254466056824,0.6627143621444702],[0.046254854649305344,0.9982258081436157,0.03749348968267441],[-0.6637687683105469,0.0026646351907402277,0.7479330897331238]],"file_name":"/home/jonas/Downloads/freiburg/rgbd_dataset_freiburg2_large_with_loop//rgb/1311875589.841797.png","mnId":124,"t":[0.729731023311615,0.24230122566223145,-2.6602251529693604]},{"R":[[0.7008239030838013,-0.07500270754098892,0.7093803286552429],[0.058402951806783676,0.9971513748168945,0.047730203717947006],[-0.7109394669532776,0.007979435846209526,0.7032079100608826]],"file_name":"/home/jonas/Downloads/freiburg/rgbd_dataset_freiburg2_large_with_loop//rgb/1311875590.141776.png","mnId":126,"t":[0.5773877501487732,0.2344367504119873,-2.755613088607788]},{"R":[[0.6989121437072754,-0.07847292721271515,0.710889458656311],[0.05846569687128067,0.9969045519828796,0.052564624696969986],[-0.7128138542175293,0.0048245941288769245,0.701336681842804]],"file_name":"/home/jonas/Downloads/freiburg/rgbd_dataset_freiburg2_large_with_loop//rgb/1311875590.241612.png","mnId":127,"t":[0.5833144187927246,0.2279791384935379,-2.782825469970703]},{"R":[[0.6983211636543274,-0.09617234021425247,0.709294319152832],[0.07855594903230667,0.9952440857887268,0.057603269815444946],[-0.7114608287811279,0.015493709594011307,0.7025549411773682]],"file_name":"/home/jonas/Downloads/freiburg/rgbd_dataset_freiburg2_large_with_loop//rgb/1311875590.373933.png","mnId":128,"t":[0.5899980068206787,0.2671518325805664,-2.8212969303131104]},{"R":[[0.6917283535003662,-0.11207104474306107,0.7134087085723877],[0.09528762847185135,0.9934117794036865,0.06366553157567978],[-0.715843677520752,0.023939769715070724,0.6978501081466675]],"file_name":"/home/jonas/Downloads/freiburg/rgbd_dataset_freiburg2_large_with_loop//rgb/1311875590.473644.png","mnId":129,"t":[0.5932381749153137,0.29948997497558594,-2.8360588550567627]},{"R":[[0.6869445443153381,-0.11706477403640747,0.7172189354896545],[0.10850033164024353,0.9923995137214661,0.058059416711330414],[-0.7185644507408142,0.03793489560484886,0.6944249868392944]],"file_name":"/home/jonas/Downloads/freiburg/rgbd_dataset_freiburg2_large_with_loop//rgb/1311875590.573617.png","mnId":130,"t":[0.5784021615982056,0.3271297216415405,-2.8761441707611084]},{"R":[[0.6917914748191833,-0.12342077493667603,0.7114716172218323],[0.12139482796192169,0.9911398887634277,0.053898632526397705],[-0.711820125579834,0.04908236116170883,0.7006447315216064]],"file_name":"/home/jonas/Downloads/freiburg/rgbd_dataset_freiburg2_large_with_loop//rgb/1311875590.673646.png","mnId":131,"t":[0.6147067546844482,0.3677920401096344,-2.88905930519104]},{"R":[[0.7252544164657593,-0.13436439633369446,0.6752423644065857],[0.14803530275821686,0.9882650971412659,0.03765224292874336],[-0.6723775863647461,0.07265225052833557,0.7366342544555664]],"file_name":"/home/jonas/Downloads/freiburg/rgbd_dataset_freiburg2_large_with_loop