0 1 0 0 -0 0 1 0 -0 0 0 1 -0
1 1 0.000417535 0.000798564 -0.00163171 -0.000417702 1 0.000208157 0.00215927 -0.000798477 -0.00020849 1 0.000718904
2 0.999996 0.00209105 0.00169904 -0.0058207 -0.00209468 0.999996 0.00213587 -0.00348736 -0.00169456 -0.00213942 0.999996 0.000545631
3 0.999995 0.00328414 0.000250283 -0.00277215 -0.00328392 0.999994 -0.000872017 -0.000925682 -0.000253146 0.000871191 1 -0.000369784
4 0.999989 0.00436659 0.0015755 -0.00472619 -0.00436524 0.99999 -0.000862466 -0.000855911 -0.00157925 0.000855579 0.999998 -0.000920629
5 0.999986 0.0044174 0.00274419 -0.0077523 -0.00441459 0.99999 -0.00102998 -0.00110616 -0.00274872 0.00101785 0.999996 -0.000869463
6 0.999985 0.00523495 0.00159673 -0.00679023 -0.00523038 0.999982 -0.00285206 0.00144665 -0.00161163 0.00284367 0.999995 -0.00128356
7 0.999976 0.00654625 0.00245021 -0.00708823 -0.00654065 0.999976 -0.00228642 0.00134393 -0.00246512 0.00227034 0.999994 -0.00291016
8 0.999976 0.00612451 0.00336404 -0.00842369 -0.0061203 0.99998 -0.00126065 -0.000445395 -0.00337169 0.00124003 0.999994 -0.00275905
9 0.999972 0.00631521 0.0040127 -0.0114236 -0.00630768 0.999978 -0.0018873 -5.63512e-05 -0.00402453 0.00186193 0.99999 -0.00384766
10 0.999973 0.00637655 0.00375294 -0.0113033 -0.00636923 0.999978 -0.00195842 0.000813207 -0.00376534 0.00193447 0.999991 -0.00243134
11 0.999965 0.0067732 0.00488218 -0.011454 -0.00676609 0.999976 -0.00147155 -0.00134791 -0.00489203 0.00143846 0.999987 -0.00448813
12 0.999951 0.00598341 0.00793939 -0.0170977 -0.0059557 0.999976 -0.00350923 0.00210889 -0.0079602 0.00346177 0.999962 -0.00451905
13 0.999961 0.00382293 0.00794655 -0.017145 -0.00379914 0.999988 -0.00300682 0.00263272 -0.00795795 0.00297651 0.999964 -0.00481703
14 0.999962 0.000359537 0.00874316 -0.0209251 -0.000351165 0.999999 -0.000959084 -0.00067817 -0.0087435 0.000955977 0.999961 -0.00508962
15 0.999955 -0.00376599 0.00875983 -0.0235378 0.00379686 0.999987 -0.0035108 0.00131724 -0.00874649 0.0035439 0.999955 -0.00582136
16 0.999951 -0.00594446 0.00796076 -0.0259092 0.00597185 0.999976 -0.00342012 0.001176 -0.00794024 0.00346749 0.999962 -0.00669805
17 0.999955 -0.00602197 0.00734437 -0.0248134 0.00604221 0.999978 -0.00273591 -0.000273636 -0.00732773 0.00278016 0.999969 -0.00658414
18 0.999929 -0.0061432 0.0101652 -0.0276732 0.00618426 0.999973 -0.00401224 0.000751357 -0.0101403 0.00407482 0.99994 -0.00940585
19 0.999896 -0.00747745 0.0123574 -0.0317073 0.00753103 0.999962 -0.00429503 0.000637422 -0.0123248 0.00438765 0.999914 -0.0100404
20 0.999856 -0.0094953 0.0140783 -0.0389981 0.0095537 0.999946 -0.00408721 -0.00020169 -0.0140388 0.00422112 0.999893 -0.00911145
21 0.999826 -0.0118422 0.0144086 -0.0446032 0.0119274 0.999912 -0.00584086 0.000672302 -0.0143382 0.0060117 0.999879 -0.0108843
22 0.999824 -0.0128805 0.0136157 -0.0468535 0.0129637 0.999898 -0.00603692 0.00162616 -0.0135366 0.00621237 0.999889 -0.0139188
23 0.999819 -0.0129964 0.0138814 -0.048648 0.0130698 0.999901 -0.00520955 0.000475513 -0.0138123 0.00539003 0.99989 -0.0145298
24 0.999807 -0.0123767 0.0152643 -0.0529025 0.012483 0.999898 -0.00688337 0.0017735 -0.0151775 0.00707258 0.99986 -0.0172444
25 0.999799 -0.0112724 0.0165746 -0.0561806 0.0113835 0.999913 -0.00662196 0.0026776 -0.0164985 0.00680931 0.999841 -0.0182118
26 0.999726 -0.00950563 0.0214048 -0.0666171 0.00966365 0.999927 -0.00729119 0.00154694 -0.0213339 0.00749604 0.999744 -0.0185267
27 0.999646 -0.0109804 0.0242443 -0.0748503 0.011261 0.999871 -0.011465 0.00729445 -0.0241152 0.0117339 0.99964 -0.0217674
28 0.999663 -0.0102296 0.0238584 -0.0762188 0.0104533 0.999902 -0.0092701 0.00943964 -0.0237612 0.00951637 0.999672 -0.0253416
29 0.999618 -0.00956324 0.0259336 -0.0820497 0.00975726 0.999925 -0.00736554 0.00504253 -0.0258612 0.00761577 0.999637 -0.0245152
30 0.999566 -0.0113267 0.0271972 -0.0873719 0.0115987 0.999884 -0.00986649 0.0145033 -0.0270823 0.0101777 0.999581 -0.0266105
31 0.999519 -0.01178 0.0286843 -0.0957057 0.0119873 0.999903 -0.00706553 0.0141544 -0.0285983 0.00740598 0.999564 -0.0272394
32 0.999536 -0.0110884 0.0283626 -0.0988795 0.0113084 0.999907 -0.00760803 0.0227407 -0.0282756 0.00792523 0.999569 -0.0276344
33 0.999506 -0.0108878 0.0294695 -0.103443 0.0109965 0.999933 -0.00353063 0.0226441 -0.0294291 0.00385295 0.999559 -0.0289023
34 0.999458 -0.00968355 0.0314787 -0.114407 0.0097676 0.999949 -0.00251746 0.0196582 -0.0314527 0.00282356 0.999501 -0.0275979
35 0.999492 -0.0105247 0.0300689 -0.121076 0.0106259 0.999938 -0.00320963 0.0245947 -0.0300333 0.00352751 0.999543 -0.0338479
36 0.999564 -0.00990082 0.0278178 -0.122785 0.00982977 0.999948 0.00268949 0.0256145 -0.027843 -0.00241488 0.999609 -0.0324442
37 0.999579 -0.00849099 0.0277517 -0.130546 0.00834525 0.999951 0.00536342 0.0230296 -0.0277958 -0.00512957 0.9996 -0.030766
38 0.999595 -0.00387876 0.0281872 -0.142926 0.00387111 0.999992 0.000325993 0.0228851 -0.0281882 -0.000216745 0.999603 -0.0308108
39 0.999658 -0.00196272 0.0260821 -0.144 0.0020323 0.999994 -0.00264136 0.0276948 -0.0260768 0.00269346 0.999656 -0.0335192
40 0.999602 -0.000329038 0.0281923 -0.156942 0.000336351 1 -0.000254648 0.0138445 -0.0281922 0.00026403 0.999602 -0.0303945
41 0.999717 -0.00264573 0.0236232 -0.157257 0.00287664 0.999948 -0.00974606 0.0218728 -0.0235962 0.00981126 0.999673 -0.0340174
42 0.999815 -0.00303178 0.0189883 -0.148796 0.00313222 0.999981 -0.00526202 0.0188047 -0.018972 0.00532052 0.999806 -0.0409212
43 0.99974 -0.0023098 0.022695 -0.150135 0.00232409 0.999997 -0.000603182 0.0134895 -0.0226936 0.00065577 0.999742 -0.039091
44 0.999657 -0.000708907 0.0261646 -0.150863 0.000754354 0.999998 -0.00172711 0.0105319 -0.0261634 0.00174625 0.999656 -0.0390873
45 0.999418 0.0010592 0.0340908 -0.161124 -0.000971429 0.999996 -0.002591 0.00969885 -0.0340934 0.00255638 0.999415 -0.0372138
46 0.999223 -0.00486531 0.0391013 -0.170552 0.00513723 0.999963 -0.00685676 0.0106156 -0.0390665 0.00705231 0.999212 -0.0368744
47 0.999345 -0.0146774 0.03309 -0.176836 0.015244 0.99974 -0.0169377 0.0113435 -0.0328328 0.017431 0.999309 -0.0383688
48 0.999364 -0.0156781 0.0320166 -0.173874 0.0161506 0.999764 -0.0145503 0.000716266 -0.0317809 0.0150582 0.999381 -0.0434976
49 0.999179 -0.016919 0.0368215 -0.172117 0.0175203 0.999717 -0.0160701 0.000493434 -0.0365392 0.0167021 0.999193 -0.0447291
50 0.998558 -0.0169566 0.0509381 -0.197662 0.0170865 0.999852 -0.00211649 -0.0331887 -0.0508946 0.00298379 0.9987 -0.0436919
51 0.998338 -0.0184032 0.0546148 -0.202176 0.018312 0.99983 0.00217009 -0.0369865 -0.0546454 -0.00116637 0.998505 -0.040698
52 0.998112 -0.0203848 0.0579325 -0.204908 0.0201772 0.999788 0.00416477 -0.0337482 -0.0580051 -0.00298799 0.998312 -0.0429825
53 0.997666 -0.0241144 0.0638864 -0.210369 0.0234746 0.999667 0.0107466 -0.0368273 -0.0641242 -0.00922179 0.997899 -0.0400138
54 0.997571 -0.0244441 0.0652273 -0.203595 0.0238999 0.999673 0.00911004 -0.0289013 -0.0654287 -0.00752898 0.997829 -0.0402926
55 0.997196 -0.0254337 0.070383 -0.207895 0.0246302 0.999621 0.0122607 -0.0304615 -0.0706682 -0.0104928 0.997445 -0.0407806
56 0.996617 -0.0257769 0.0780419 -0.21515 0.024579 0.999565 0.0162718 -0.0333778 -0.0784274 -0.0142985 0.996817 -0.0405017
57 0.99584 -0.0263795 0.0872151 -0.225425 0.0250419 0.999552 0.0163959 -0.0297085 -0.0876085 -0.0141437 0.996055 -0.0361203
58 0.995268 -0.0291784 0.0926801 -0.233714 0.028084 0.99952 0.0130909 -0.0238992 -0.0930176 -0.0104261 0.99561 -0.0314195
59 0.99474 -0.0326445 0.0970867 -0.242369 0.03158 0.999423 0.0124817 -0.0230541 -0.0974382 -0.00935002 0.995198 -0.0303264
60 0.994139 -0.0331144 0.102916 -0.257216 0.0319095 0.999402 0.0133321 -0.0311149 -0.103296 -0.00996998 0.994601 -0.0274223
61 0.993726 -0.0356195 0.106021 -0.270447 0.0350339 0.999359 0.00738118 -0.0295459 -0.106216 -0.00362055 0.994337 -0.024784
62 0.993813 -0.0387336 0.104092 -0.277412 0.0388478 0.999245 0.000930918 -0.0212747 -0.10405 0.00311859 0.994567 -0.026705
63 0.993803 -0.0432533 0.102395 -0.292765 0.0434534 0.999055 0.000277251 -0.0137862 -0.10231 0.00417387 0.994744 -0.0246337
64 0.994262 -0.0440341 0.097494 -0.295378 0.0435825 0.999027 0.00675755 -0.0229945 -0.0976967 -0.00246973 0.995213 -0.0283443
65 0.994138 -0.0403318 0.100313 -0.303168 0.0395899 0.999172 0.00937664 -0.0247679 -0.100608 -0.0053503 0.994912 -0.0298172
66 0.993554 -0.0412936 0.105571 -0.318634 0.04034 0.999124 0.0111535 -0.0220697 -0.105939 -0.00682287 0.994349 -0.0269585
67 0.993355 -0.0431504 0.106696 -0.331579 0.0422005 0.999047 0.0111454 -0.0162682 -0.107075 -0.00656865 0.994229 -0.0217005
68 0.993112 -0.0452237 0.108086 -0.345549 0.0453699 0.99897 0.00110786 0.0145498 -0.108025 0.00380364 0.994141 -0.022044
69 0.992917 -0.0478623 0.108742 -0.357882 0.0479438 0.998848 0.00186661 0.00876475 -0.108706 0.0033601 0.994068 -0.0206621
70 0.992776 -0.0502414 0.108961 -0.372965 0.0509135 0.998697 -0.0033934 0.0156177 -0.108648 0.00891644 0.99404 -0.0198672
71 0.993151 -0.0520038 0.104626 -0.378701 0.0527313 0.9986 -0.0041977 0.0176339 -0.104261 0.00968603 0.994503 -0.0216186
72 0.993281 -0.0527453 0.103008 -0.385217 0.0531137 0.998588 -0.000834335 0.0138885 -0.102819 0.00629987 0.99468 -0.022685
73 0.993543 -0.0514415 0.101121 -0.385122 0.0512277 0.998676 0.00471152 0.0118587 -0.10123 0.000499114 0.994863 -0.0281418
74 0.993099 -0.0496522 0.106248 -0.397491 0.0487502 0.99875 0.0110719 0.00844688 -0.106665 -0.00581586 0.994278 -0.0272253
75 0.992465 -0.0487631 0.112407 -0.408352 0.0472968 0.998758 0.0156767 0.00211224 -0.113032 -0.0102421 0.993539 -0.0250206
76 0.991522 -0.0481462 0.120694 -0.424659 0.0466192 0.998793 0.0154452 0.000699807 -0.121292 -0.00968765 0.99257 -0.0204229
77 0.991242 -0.0507822 0.121901 -0.435193 0.0498891 0.998701 0.0103697 0.00752997 -0.122269 -0.0041974 0.992488 -0.0195913
78 0.990622 -0.0569738 0.124183 -0.458152 0.0553597 0.998332 0.0164122 -0.00124565 -0.124911 -0.00938353 0.992124 -0.0162139
79 0.990929 -0.0543196 0.12292 -0.464668 0.0517898 0.998377 0.0236858 -0.0178578 -0.124007 -0.017105 0.992134 -0.0176919
80 0.990786 -0.0479155 0.126677 -0.468549 0.0453268 0.998702 0.0232412 -0.0251507 -0.127626 -0.0172852 0.991672 -0.0256798
81 0.98964 -0.0452076 0.136266 -0.482014 0.0429283 0.998885 0.0196207 -0.0180095 -0.137001 -0.0135678 0.990478 -0.0253507
82 0.988404 -0.0473389 0.14428 -0.502965 0.0451887 0.998814 0.0181456 -0.0123215 -0.144968 -0.0114154 0.989371 -0.020687
83 0.988002 -0.0478594 0.146839 -0.517369 0.0456925 0.998792 0.0180963 -0.0173679 -0.147527 -0.0111698 0.988995 -0.0195755
84 0.987808 -0.0474417 0.148272 -0.526544 0.0457244 0.998842 0.0149711 -0.0167431 -0.14881 -0.00800893 0.988833 -0.0250039
85 0.986551 -0.0514679 0.15514 -0.556205 0.0514389 0.998667 0.00420395 -0.0138407 -0.15515 0.00383283 0.987884 -0.0279093
86 0.986716 -0.0541898 0.153152 -0.565548 0.0547306 0.998501 0.000686098 -0.00856235 -0.152959 0.00770509 0.988202 -0.031378
87 0.986538 -0.0566336 0.153411 -0.58033 0.0571363 0.998366 0.00113302 -0.0149638 -0.153224 0.00764757 0.988162 -0.0292612
88 0.986208 -0.0547409 0.156196 -0.592757 0.0555616 0.998455 -0.000890168 -0.0189015 -0.155906 0.0095564 0.987726 -0.0319096
89 0.985398 -0.0552264 0.16106 -0.612811 0.0573407 0.998318 -0.00850602 -0.0172687 -0.160319 0.0176171 0.986908 -0.030427
90 0.985418 -0.0616867 0.158577 -0.626971 0.0648116 0.997791 -0.0146053 -0.00618051 -0.157326 0.02467 0.987239 -0.0349811
91 0.985367 -0.0665629 0.156914 -0.648413 0.0697029 0.997461 -0.014588 -0.00749125 -0.155545 0.0253119 0.987504 -0.0336797
92 0.986114 -0.067845 0.151578 -0.651593 0.0709432 0.997366 -0.0151195 -0.00480473 -0.150153 0.025663 0.98833 -0.0400852
93 0.986174 -0.06577 0.152102 -0.657094 0.0683763 0.997588 -0.0119628 -0.00366444 -0.150948 0.0221975 0.988292 -0.0486806
94 0.985395 -0.0635631 0.157976 -0.674084 0.06611 0.997753 -0.0109145 5.86338e-05 -0.156928 0.0211989 0.987383 -0.0473659
95 0.9846 -0.0641011 0.162648 -0.68723 0.0661645 0.997782 -0.00729547 9.45134e-05 -0.161819 0.0179446 0.986657 -0.0481881
96 0.984012 -0.0623652 0.166824 -0.698175 0.0640224 0.997938 -0.00456901 0.00796574 -0.166195 0.0151764 0.985976 -0.0525967
97 0.983144 -0.0607201 0.172456 -0.712686 0.0610014 0.998131 0.00367324 0.00971287 -0.172357 0.00690872 0.98501 -0.0458375
98 0.982429 -0.0590177 0.177062 -0.729485 0.0590973 0.998241 0.00482901 0.0104982 -0.177036 0.00571973 0.984188 -0.0401754
99 0.983148 -0.056044 0.174008 -0.729884 0.0557504 0.998423 0.00657857 0.0204502 -0.174102 0.00323329 0.984722 -0.0517091
100 0.982312 -0.0541277 0.17926 -0.750476 0.0519544 0.998508 0.0168 0.0175702 -0.179901 -0.0071895 0.983658 -0.0426633
101 0.982529 -0.0570271 0.177158 -0.762956 0.0549332 0.99835 0.016706 0.0225212 -0.177818 -0.00668224 0.984041 -0.0366241
102 0.98317 -0.0582874 0.173144 -0.769595 0.0553613 0.998231 0.0216854 0.0222044 -0.174102 -0.011735 0.984658 -0.0357572
103 0.982579 -0.0574063 0.176757 -0.790182 0.0538327 0.998238 0.0249511 0.0276855 -0.177878 -0.0150011 0.983938 -0.0266693
104 0.98206 -0.0584734 0.179275 -0.808883 0.0542181 0.998121 0.0285491 0.0279678 -0.180607 -0.018317 0.983385 -0.0166454
105 0.98332 -0.0658468 0.169548 -0.82337 0.0605491 0.997507 0.0362344 0.0291131 -0.171511 -0.025364 0.984856 -0.00593002
106 0.983033 -0.0678013 0.170436 -0.836582 0.0615963 0.99724 0.0414406 0.0237795 -0.172775 -0.0302393 0.984497 0.00245022
107 0.983032 -0.0669486 0.17078 -0.844866 0.0608489 0.997316 0.0407106 0.023354 -0.173047 -0.0296281 0.984468 0.00911225
108 0.982414 -0.0654494 0.174868 -0.861215 0.0584151 0.997274 0.045081 0.014917 -0.177341 -0.0340733 0.983559 0.0196507
109 0.98195 -0.0663758 0.17711 -0.865059 0.058626 0.997094 0.0486429 0.00687457 -0.179824 -0.0373816 0.982988 0.0236234
110 0.980673 -0.0680467 0.183442 -0.875102 0.0599239 0.996976 0.049472 0.0119378 -0.186254 -0.0375233 0.981785 0.0365984
111 0.980096 -0.0678928 0.186555 -0.891796 0.059554 0.996974 0.049952 0.00212112 -0.189382 -0.0378477 0.981174 0.0530905
112 0.98053 -0.069367 0.183708 -0.89796 0.0623623 0.997099 0.0436431 0.00198543 -0.186202 -0.031337 0.982012 0.0630382
113 0.980385 -0.0712475 0.183765 -0.907186 0.0646351 0.997036 0.0417332 0.00200213 -0.186194 -0.0290369 0.982084 0.0725522
114 0.980608 -0.0713772 0.182517 -0.914432 0.0647563 0.997017 0.0419892 -0.0091209 -0.18497 -0.0293558 0.982306 0.0843185
115 0.980852 -0.0697361 0.181843 -0.922745 0.0641815 0.997279 0.0362612 -0.0131038 -0.183877 -0.0238959 0.982659 0.0965962
116 0.979915 -0.0709124 0.186382 -0.938676 0.0652409 0.997206 0.0363967 -0.0191441 -0.188442 -0.0235059 0.981803 0.111074
117 0.97915 -0.0755381 0.188572 -0.948359 0.0703266 0.996938 0.0341858 -0.0218336 -0.190577 -0.0202114 0.981464 0.126243
118 0.97856 -0.0776297 0.190773 -0.958784 0.0728748 0.996833 0.0318255 -0.0341741 -0.192639 -0.0172406 0.981118 0.139723
119 0.978235 -0.0801622 0.191391 -0.964832 0.0766153 0.996725 0.0258735 -0.0336287 -0.192839 -0.0106469 0.981173 0.150485
120 0.978047 -0.0857702 0.189916 -0.969705 0.0827006 0.996284 0.0240451 -0.0314028 -0.191273 -0.00781103 0.981506 0.158533
121 0.977799 -0.0932312 0.187662 -0.978912 0.0895073 0.995586 0.0282398 -0.0393226 -0.189467 -0.0108157 0.981828 0.173148
122 0.978067 -0.0987284 0.183408 -0.982857 0.0944944 0.99502 0.031705 -0.0460206 -0.185625 -0.0136786 0.982525 0.182646
123 0.978213 -0.0999169 0.181977 -0.981668 0.0951578 0.994856 0.0347209 -0.0459568 -0.18451 -0.0166479 0.98269 0.193453
124 0.97688 -0.102004 0.187884 -0.98767 0.0949043 0.994403 0.0464262 -0.0647967 -0.191568 -0.0275218 0.981093 0.201651
125 0.975323 -0.101824 0.195902 -0.994622 0.093942 0.994364 0.0491382 -0.0722111 -0.199801 -0.0295222 0.979392 0.214783
126 0.973864 -0.105657 0.20106 -0.998153 0.0973688 0.993956 0.0507032 -0.0737548 -0.205202 -0.029801 0.978266 0.226956
127 0.972593 -0.108835 0.205469 -0.999462 0.0995393 0.993508 0.0550775 -0.0856308 -0.210129 -0.0331158 0.977113 0.238861
128 0.970686 -0.111524 0.212911 -1.00515 0.102238 0.993284 0.0541691 -0.087606 -0.217522 -0.0308135 0.975569 0.255143
129 0.96975 -0.111429 0.217183 -1.00748 0.102342 0.993353 0.0526829 -0.0949839 -0.221609 -0.0288623 0.974708 0.265359
130 0.968361 -0.112136 0.22294 -1.01134 0.102998 0.993309 0.05224 -0.100311 -0.227307 -0.0276247 0.973431 0.273271
131 0.966701 -0.113443 0.229389 -1.01522 0.103748 0.99314 0.053935 -0.107617 -0.233934 -0.0283404 0.971839 0.284811
132 0.9644 -0.113331 0.238933 -1.02737 0.103338 0.99318 0.0539842 -0.121559 -0.243421 -0.0273715 0.969534 0.300374
133 0.96341 -0.112937 0.243078 -1.03217 0.10336 0.993292 0.0518378 -0.124204 -0.247302 -0.0248164 0.968621 0.310036
134 0.962934 -0.112456 0.245175 -1.03569 0.102278 0.993295 0.0538964 -0.127285 -0.249592 -0.0268225 0.967979 0.317367
135 0.961241 -0.114183 0.250956 -1.0396 0.102829 0.99301 0.0579442 -0.138239 -0.255818 -0.0298929 0.966263 0.329489
136 0.960132 -0.113856 0.255309 -1.04178 0.103587 0.993188 0.0533625 -0.137315 -0.259645 -0.0247884 0.965386 0.340277
137 0.958606 -0.117615 0.259308 -1.04849 0.106582 0.992711 0.056254 -0.149179 -0.264035 -0.0262877 0.964155 0.350764
138 0.957663 -0.118985 0.262153 -1.0511 0.107052 0.992478 0.0593943 -0.156435 -0.267248 -0.0288156 0.963197 0.360688
139 0.955795 -0.120408 0.268249 -1.05549 0.107714 0.992272 0.0616013 -0.162719 -0.273593 -0.029984 0.961378 0.373108
140 0.953988 -0.122334 0.273755 -1.05872 0.10977 0.992095 0.0608143 -0.16831 -0.279031 -0.027966 0.959875 0.385949
141 0.95207 -0.12491 0.279215 -1.06566 0.112974 0.991874 0.0585059 -0.173686 -0.284254 -0.0241576 0.958445 0.400214
142 0.950258 -0.128208 0.283854 -1.07008 0.117082 0.991548 0.0558961 -0.17973 -0.288621 -0.0198815 0.957237 0.412218
143 0.948336 -0.131753 0.288617 -1.07474 0.122498 0.991209 0.0499816 -0.179964 -0.292665 -0.0120443 0.956139 0.42369
144 0.946118 -0.137454 0.293201 -1.08256 0.130278 0.990502 0.0439625 -0.185332 -0.296459 -0.00339594 0.95504 0.438878
145 0.94466 -0.140848 0.296277 -1.08739 0.135359 0.990026 0.0390674 -0.193486 -0.298825 0.00319829 0.954303 0.449679
146 0.941711 -0.14397 0.30406 -1.0998 0.139532 0.989548 0.0363952 -0.203951 -0.306121 0.0081523 0.951958 0.463446
147 0.939077 -0.147012 0.310681 -1.10661 0.146662 0.98888 0.0246223 -0.211082 -0.310846 0.0224429 0.950195 0.477045
148 0.937387 -0.151366 0.313679 -1.11259 0.156316 0.987662 0.00946913 -0.210129 -0.311242 0.0401566 0.949482 0.483212
149 0.935665 -0.156877 0.316102 -1.1211 0.160722 0.9869 0.0140433 -0.219127 -0.314164 0.0376649 0.948621 0.491842
150 0.931737 -0.163121 0.324435 -1.13292 0.163721 0.986173 0.0256445 -0.236509 -0.324132 0.0292231 0.94556 0.509156
151 0.928925 -0.161953 0.332971 -1.13515 0.161632 0.986429 0.0288629 -0.245571 -0.333126 0.0270074 0.942495 0.520548
152 0.925022 -0.161409 0.343921 -1.14367 0.161926 0.986422 0.0274244 -0.248956 -0.343677 0.0303215 0.938598 0.53247
153 0.923452 -0.165554 0.346162 -1.1407 0.165964 0.985715 0.0286816 -0.256462 -0.345966 0.0309646 0.937736 0.540972
154 0.921077 -0.171894 0.349386 -1.14637 0.172488 0.984565 0.0296681 -0.259122 -0.349093 0.0329383 0.936509 0.551216
155 0.919239 -0.174576 0.352878 -1.15204 0.174261 0.984149 0.0329339 -0.269516 -0.353034 0.0312186 0.93509 0.563279
156 0.917391 -0.174392 0.357745 -1.15501 0.172698 0.984282 0.0369515 -0.277879 -0.358565 0.0278826 0.933088 0.569654
157 0.91382 -0.176368 0.365824 -1.15803 0.172826 0.984027 0.0426966 -0.282978 -0.367511 0.0242068 0.929704 0.580783
158 0.910497 -0.177892 0.373295 -1.1602 0.173351 0.983785 0.0460027 -0.291207 -0.375425 0.0228255 0.926572 0.595573
159 0.907454 -0.179621 0.37982 -1.1651 0.175835 0.983392 0.0449567 -0.301659 -0.381588 0.0259898 0.923967 0.606031
160 0.904552 -0.182822 0.385179 -1.1676 0.179818 0.982709 0.0441499 -0.308013 -0.38659 0.0293263 0.921785 0.61735
161 0.901499 -0.184556 0.391456 -1.17067 0.182539 0.98227 0.042726 -0.314407 -0.392401 0.0329384 0.919204 0.628135
162 0.898318 -0.185366 0.398326 -1.17263 0.184934 0.981941 0.0398894 -0.321761 -0.398527 0.0378308 0.916376 0.63958
163 0.895361 -0.187761 0.403826 -1.17309 0.189586 0.981209 0.0358678 -0.325517 -0.402972 0.0444451 0.914133 0.649015
164 0.8915 -0.191257 0.410669 -1.17755 0.193468 0.980423 0.0366143 -0.330035 -0.409632 0.0468096 0.911049 0.663288
165 0.888267 -0.19374 0.416469 -1.17865 0.195742 0.979905 0.03836 -0.336584 -0.415532 0.0474465 0.90834 0.67597
166 0.884772 -0.195721 0.422933 -1.18077 0.196765 0.979564 0.041685 -0.342881 -0.422449 0.0463366 0.905202 0.687929
167 0.880976 -0.199046 0.429257 -1.18362 0.19978 0.978858 0.0438815 -0.347679 -0.428916 0.0470985 0.902116 0.704781
168 0.878922 -0.200466 0.432792 -1.18463 0.201824 0.978462 0.043349 -0.35324 -0.432161 0.0492474 0.900451 0.716954
169 0.875637 -0.202855 0.438303 -1.18785 0.201639 0.978188 0.0498933 -0.366211 -0.438864 0.0446902 0.897442 0.733561
170 0.872345 -0.203553 0.444499 -1.18866 0.200804 0.97815 0.0538473 -0.372424 -0.445748 0.0422839 0.894159 0.74942
171 0.868551 -0.204102 0.451621 -1.19131 0.202001 0.977925 0.053471 -0.380245 -0.452565 0.0447855 0.890606 0.763394
172 0.866235 -0.208527 0.45404 -1.1899 0.208687 0.976682 0.0504178 -0.37992 -0.453967 0.0510788 0.889553 0.77314
173 0.862278 -0.215775 0.458168 -1.19514 0.21662 0.974899 0.051447 -0.383705 -0.457768 0.0548869 0.887376 0.7892
174 0.859749 -0.225821 0.45808 -1.1954 0.227433 0.972378 0.0524986 -0.387864 -0.457282 0.0590466 0.887359 0.799186
175 0.858268 -0.233887 0.456807 -1.194 0.23342 0.970621 0.0584023 -0.396 -0.457046 0.0565029 0.887647 0.80851
176 0.854748 -0.239894 0.460279 -1.19653 0.2344 0.969612 0.0700694 -0.4073 -0.463101 0.0479976 0.885005 0.81915
177 0.85061 -0.243723 0.465899 -1.19813 0.236276 0.968756 0.0754008 -0.410949 -0.469719 0.0459441 0.881619 0.835768
178 0.846555 -0.2548 0.467356 -1.19996 0.246323 0.965848 0.0803938 -0.415308 -0.471879 0.0470627 0.880406 0.8566
179 0.843891 -0.261977 0.468205 -1.20213 0.251465 0.964023 0.0861635 -0.419435 -0.473933 0.0450246 0.879409 0.870189
180 0.841703 -0.264848 0.470523 -1.20288 0.252486 0.963351 0.0905875 -0.42425 -0.47727 0.0425526 0.877726 0.88227
181 0.838121 -0.268331 0.474923 -1.20461 0.253945 0.962478 0.0956501 -0.430629 -0.482768 0.0404378 0.874814 0.895134
182 0.834652 -0.272206 0.478811 -1.20666 0.258162 0.961273 0.0964661 -0.432179 -0.486527 0.0430955 0.872602 0.905794
183 0.832299 -0.277318 0.479973 -1.21034 0.263081 0.95975 0.0983273 -0.430432 -0.487922 0.044434 0.871756 0.912816
184 0.830274 -0.281309 0.481156 -1.21097 0.26343 0.958835 0.106016 -0.439785 -0.491172 0.0387282 0.870201 0.924341
185 0.826789 -0.281461 0.487031 -1.21163 0.259855 0.959003 0.113087 -0.451404 -0.498894 0.0330583 0.866032 0.937727
186 0.817316 -0.27854 0.504391 -1.21505 0.253165 0.959965 0.119893 -0.453817 -0.517593 0.0297032 0.855111 0.958084
187 0.808395 -0.285161 0.514958 -1.21955 0.257724 0.95798 0.125905 -0.456808 -0.529222 0.030936 0.847919 0.980731
188 0.804399 -0.284333 0.521629 -1.21913 0.25353 0.958358 0.131422 -0.465634 -0.537275 0.0265328 0.84299 0.988988
189 0.797302 -0.281638 0.533844 -1.22232 0.25034 0.959103 0.132104 -0.468284 -0.549217 0.028316 0.8352 1.00074
190 0.785565 -0.268847 0.557323 -1.2296 0.242474 0.962396 0.122475 -0.472559 -0.569293 0.0389237 0.821213 1.02418
191 0.778817 -0.26344 0.569248 -1.2342 0.239103 0.963693 0.118853 -0.475124 -0.579891 0.0435441 0.81353 1.03391
192 0.771603 -0.260898 0.580138 -1.23821 0.241644 0.963871 0.112075 -0.471868 -0.588419 0.053709 0.806771 1.04593
193 0.765239 -0.259913 0.588943 -1.24482 0.248434 0.963232 0.102293 -0.470769 -0.593877 0.0680347 0.801674 1.05906
194 0.76207 -0.26452 0.590998 -1.2496 0.25275 0.961861 0.1046 -0.472119 -0.596126 0.0696621 0.799863 1.05919
195 0.7541 -0.267991 0.599594 -1.25161 0.254501 0.960867 0.109382 -0.476744 -0.605444 0.0701127 0.792794 1.07838
196 0.746002 -0.267014 0.610069 -1.25856 0.262069 0.959889 0.0996605 -0.469888 -0.612209 0.0855333 0.786056 1.09067
197 0.741449 -0.272979 0.612973 -1.26281 0.271908 0.957376 0.0974547 -0.465983 -0.613448 0.0944145 0.784071 1.09383
198 0.737477 -0.277711 0.615633 -1.26537 0.274937 0.956045 0.101919 -0.467817 -0.616877 0.0940978 0.781415 1.10456
199 0.733141 -0.280397 0.619581 -1.27144 0.279971 0.954705 0.100775 -0.463092 -0.619774 0.0995821 0.778436 1.1158
200 0.730164 -0.283165 0.621835 -1.27643 0.284292 0.95347 0.100365 -0.461707 -0.621321 0.1035 0.776691 1.13172
201 0.727263 -0.289658 0.622244 -1.27967 0.291954 0.951033 0.101482 -0.462716 -0.62117 0.107863 0.776218 1.13958
202 0.725055 -0.295798 0.621931 -1.28345 0.299293 0.948664 0.102277 -0.460759 -0.620257 0.111984 0.776364 1.14851
203 0.722084 -0.301996 0.62241 -1.28793 0.305955 0.946325 0.104209 -0.464072 -0.620473 0.115182 0.775723 1.16303
204 0.721194 -0.304897 0.622026 -1.29279 0.309142 0.945214 0.104885 -0.464435 -0.619927 0.116652 0.77594 1.17255
205 0.71761 -0.307155 0.625054 -1.29987 0.315631 0.943464 0.101256 -0.462019 -0.620817 0.124624 0.773987 1.18756
206 0.71862 -0.307656 0.623644 -1.30396 0.317136 0.943112 0.0998227 -0.465493 -0.618877 0.126046 0.775309 1.19717
207 0.719819 -0.301841 0.625102 -1.30896 0.312098 0.945089 0.0969652 -0.471048 -0.620045 0.125295 0.774497 1.20634
208 0.721302 -0.295786 0.626286 -1.31445 0.308321 0.946816 0.0920711 -0.470813 -0.620211 0.126686 0.774137 1.21231
209 0.72034 -0.288929 0.630579 -1.31839 0.300822 0.949298 0.0913208 -0.478024 -0.624993 0.12391 0.770734 1.22798
210 0.721106 -0.279989 0.633729 -1.32254 0.296688 0.951383 0.0827378 -0.47851 -0.626085 0.128357 0.769118 1.23843
211 0.722903 -0.270246 0.635907 -1.32774 0.290405 0.953939 0.0752689 -0.479381 -0.626958 0.130258 0.768086 1.24482
212 0.721338 -0.262672 0.640839 -1.33166 0.283995 0.956102 0.072225 -0.481912 -0.631679 0.129896 0.76427 1.25368
213 0.719612 -0.260245 0.643763 -1.33669 0.287624 0.955551 0.0647739 -0.47749 -0.632005 0.13855 0.762478 1.26064
214 0.719481 -0.267787 0.64081 -1.34076 0.29598 0.952918 0.065896 -0.473704 -0.628286 0.142256 0.764866 1.26696
215 0.719363 -0.273621 0.638473 -1.3416 0.296147 0.952239 0.0744205 -0.47976 -0.628342 0.135546 0.766038 1.2764
216 0.71651 -0.273456 0.641744 -1.34253 0.29482 0.95247 0.0766931 -0.483591 -0.632214 0.134248 0.763074 1.28687
217 0.714292 -0.273993 0.643983 -1.34519 0.297389 0.951798 0.0750996 -0.47998 -0.633519 0.137871 0.761345 1.29184
218 0.711134 -0.28153 0.644227 -1.34887 0.304242 0.949312 0.0790139 -0.476788 -0.633817 0.139812 0.760742 1.30059
219 0.708542 -0.286625 0.644837 -1.3493 0.306374 0.948127 0.0847939 -0.48022 -0.635691 0.137481 0.759602 1.31024
220 0.704723 -0.292021 0.646599 -1.35386 0.316616 0.945027 0.081722 -0.474932 -0.634918 0.147132 0.75844 1.31806
221 0.704426 -0.297546 0.644399 -1.35453 0.31856 0.943848 0.0875793 -0.480168 -0.634274 0.143587 0.759657 1.32503
222 0.701914 -0.295443 0.648098 -1.35642 0.315713 0.944698 0.0887232 -0.484894 -0.638469 0.142337 0.756371 1.33177
223 0.698315 -0.294543 0.652381 -1.36101 0.319486 0.943847 0.0841553 -0.478606 -0.640535 0.14966 0.753204 1.33283
224 0.69438 -0.301013 0.653627 -1.36508 0.327255 0.94104 0.0857153 -0.474111 -0.64089 0.154384 0.751948 1.33905
225 0.6946 -0.306721 0.650733 -1.36957 0.330678 0.939458 0.0898414 -0.473472 -0.638892 0.152779 0.753973 1.34323
226 0.694194 -0.308066 0.650531 -1.372 0.325837 0.940373 0.0976177 -0.47804 -0.641814 0.144201 0.75318 1.34695
227 0.691797 -0.306672 0.653735 -1.37549 0.31966 0.941856 0.10356 -0.479308 -0.647483 0.137331 0.749604 1.35239
228 0.689736 -0.305525 0.656444 -1.38085 0.317255 0.942475 0.105306 -0.478068 -0.650856 0.135626 0.746989 1.35656
229 0.687911 -0.306509 0.657899 -1.38584 0.316707 0.942368 0.107887 -0.477138 -0.653051 0.134145 0.745338 1.35939
230 0.683727 -0.310765 0.66026 -1.39044 0.320748 0.940684 0.110604 -0.478435 -0.655468 0.136155 0.742849 1.36447
231 0.679877 -0.316943 0.661297 -1.39657 0.328006 0.937974 0.112326 -0.479662 -0.655881 0.140542 0.741666 1.36852
232 0.678486 -0.320399 0.66106 -1.40213 0.332192 0.936429 0.112915 -0.482446 -0.655214 0.142988 0.741788 1.36969
233 0.675463 -0.323593 0.662599 -1.4084 0.332405 0.935711 0.118114 -0.486518 -0.658223 0.14047 0.739602 1.37045
234 0.671142 -0.325178 0.666205 -1.41421 0.330181 0.935724 0.124103 -0.49022 -0.663739 0.136678 0.735371 1.37444
235 0.663171 -0.329744 0.671918 -1.42958 0.334766 0.9336 0.127757 -0.491914 -0.66943 0.14021 0.729524 1.37832
236 0.655079 -0.340077 0.674699 -1.44552 0.343677 0.929369 0.134759 -0.495017 -0.672873 0.143601 0.725687 1.38532
237 0.653927 -0.345232 0.673197 -1.45469 0.346185 0.927738 0.139491 -0.497662 -0.672708 0.141834 0.726187 1.3859
238 0.652053 -0.347018 0.674097 -1.46193 0.343009 0.927933 0.145898 -0.503844 -0.676145 0.136088 0.724091 1.39076
239 0.650201 -0.343568 0.677642 -1.46983 0.342248 0.928743 0.142489 -0.507534 -0.67831 0.139275 0.721455 1.39874
240 0.650548 -0.342302 0.67795 -1.48173 0.346516 0.928118 0.136104 -0.511145 -0.675806 0.146379 0.722399 1.39831
241 0.650138 -0.342313 0.678338 -1.49062 0.351449 0.927002 0.130958 -0.515048 -0.673649 0.15326 0.722986 1.40088
242 0.650983 -0.341116 0.67813 -1.50389 0.355239 0.926383 0.124975 -0.519674 -0.67084 0.159542 0.724238 1.4049
243 0.654901 -0.340162 0.674829 -1.51308 0.356676 0.926383 0.120821 -0.524165 -0.666249 0.16157 0.728016 1.40681
244 0.658273 -0.336675 0.673295 -1.52336 0.352528 0.928146 0.119449 -0.531382 -0.665132 0.158726 0.729662 1.40938
245 0.66305 -0.330756 0.671539 -1.53434 0.346083 0.930906 0.116796 -0.53476 -0.66377 0.154967 0.731707 1.4112
246 0.668172 -0.325439 0.669056 -1.54423 0.337234 0.934053 0.117549 -0.540471 -0.663189 0.147085 0.733857 1.41297
247 0.673634 -0.318331 0.666995 -1.55308 0.322656 0.938609 0.122094 -0.546766 -0.664914 0.132963 0.73499 1.41405
248 0.67442 -0.311434 0.669452 -1.56109 0.310396 0.942267 0.12565 -0.553783 -0.669934 0.123054 0.732152 1.41881
249 0.675992 -0.303894 0.67133 -1.57086 0.304666 0.944757 0.120886 -0.557727 -0.67098 0.122813 0.731234 1.42201
250 0.67878 -0.300946 0.669843 -1.5805 0.299493 0.946309 0.121667 -0.56186 -0.670494 0.118028 0.732467 1.41833
251 0.676463 -0.303132 0.671199 -1.58877 0.300161 0.945716 0.124597 -0.563598 -0.672533 0.117183 0.730731 1.42056
252 0.675365 -0.305458 0.671251 -1.59781 0.306316 0.944151 0.12145 -0.563898 -0.67086 0.123592 0.731213 1.42261
253 0.676744 -0.306182 0.66953 -1.60464 0.302775 0.944699 0.125982 -0.572537 -0.671078 0.117459 0.732023 1.42181
254 0.673746 -0.306097 0.672585 -1.60979 0.298183 0.945399 0.131559 -0.579668 -0.676131 0.111916 0.728232 1.42558
255 0.670803 -0.299254 0.67858 -1.61771 0.292233 0.947605 0.129011 -0.584553 -0.681633 0.111763 0.723108 1.42611
256 0.667351 -0.297031 0.682947 -1.62798 0.291437 0.948048 0.127548 -0.583161 -0.685352 0.113917 0.719246 1.42562
257 0.665548 -0.299008 0.683843 -1.63444 0.291716 0.947573 0.130411 -0.585207 -0.686985 0.112693 0.71788 1.42588
258 0.662883 -0.297017 0.687289 -1.64161 0.288602 0.948377 0.131494 -0.5883 -0.690865 0.111188 0.714383 1.42796
259 0.659891 -0.297351 0.690019 -1.65174 0.287457 0.948403 0.133791 -0.589045 -0.694199 0.110064 0.711318 1.4273
260 0.656951 -0.299247 0.692002 -1.66064 0.287507 0.947933 0.136976 -0.590703 -0.696961 0.108969 0.708781 1.43073
261 0.65458 -0.300927 0.693518 -1.67058 0.289486 0.947215 0.137777 -0.591426 -0.698371 0.110578 0.707142 1.43098
262 0.650912 -0.298301 0.69809 -1.6801 0.28523 0.948288 0.13926 -0.598027 -0.703532 0.10847 0.702336 1.43514
263 0.647498 -0.296242 0.70213 -1.6932 0.288178 0.948116 0.134272 -0.596278 -0.705478 0.115397 0.699274 1.43401
264 0.645827 -0.301234 0.701545 -1.70659 0.298259 0.945401 0.131371 -0.593529 -0.702815 0.124399 0.700411 1.43497
265 0.647013 -0.304219 0.69916 -1.71579 0.30138 0.944324 0.131994 -0.600253 -0.700389 0.125311 0.702675 1.43595
266 0.645715 -0.302614 0.701054 -1.72703 0.297146 0.945331 0.134366 -0.606952 -0.703389 0.121553 0.700335 1.435
267 0.642478 -0.301096 0.704673 -1.74041 0.296701 0.94559 0.133522 -0.606994 -0.706534 0.123292 0.696856 1.43695
268 0.642312 -0.299317 0.705582 -1.75295 0.296983 0.945868 0.130897 -0.608737 -0.706567 0.125469 0.696434 1.43961
269 0.641736 -0.299181 0.706162 -1.76493 0.296865 0.945895 0.130969 -0.611832 -0.707139 0.125588 0.695832 1.43974
270 0.639247 -0.299873 0.708123 -1.77677 0.299102 0.945284 0.130295 -0.613139 -0.70845 0.12851 0.693963 1.44243
271 0.639477 -0.299836 0.707932 -1.78907 0.303287 0.944521 0.12608 -0.615196 -0.70646 0.134082 0.694936 1.44461
272 0.641595 -0.299869 0.705999 -1.80322 0.306739 0.943921 0.122168 -0.617189 -0.703041 0.138175 0.697596 1.4455
273 0.64237 -0.302837 0.704025 -1.81538 0.307932 0.943194 0.124751 -0.621956 -0.701811 0.136655 0.699133 1.44394
274 0.642288 -0.303616 0.703764 -1.82593 0.311494 0.94235 0.122262 -0.62365 -0.700313 0.140691 0.699834 1.44727
275 0.644248 -0.301384 0.702931 -1.83959 0.30934 0.943235 0.1209 -0.627078 -0.699467 0.139555 0.700907 1.44656
276 0.644015 -0.302597 0.702623 -1.85031 0.307409 0.943395 0.124522 -0.630315 -0.700531 0.135799 0.700582 1.44836
277 0.643851 -0.302277 0.702911 -1.86044 0.309535 0.943028 0.122009 -0.628809 -0.699745 0.13902 0.700735 1.45116
278 0.64596 -0.302349 0.700942 -1.87248 0.307438 0.9435 0.123653 -0.632723 -0.698726 0.135621 0.702417 1.45065
279 0.64445 -0.308491 0.699655 -1.88214 0.310688 0.941711 0.129044 -0.632515 -0.698682 0.134212 0.70273 1.4533
280 0.644171 -0.309108 0.69964 -1.88967 0.311687 0.941395 0.128941 -0.634047 -0.698494 0.135009 0.702765 1.45887
281 0.644185 -0.308652 0.699829 -1.89932 0.309738 0.941854 0.130284 -0.636317 -0.699348 0.132836 0.702329 1.45983
282 0.640374 -0.314622 0.700667 -1.90877 0.314849 0.939612 0.13416 -0.634613 -0.700565 0.134692 0.700762 1.46125
283 0.63817 -0.319933 0.700273 -1.91748 0.321587 0.937192 0.135107 -0.635617 -0.699515 0.138977 0.700973 1.46384
284 0.634673 -0.323641 0.701746 -1.93021 0.320188 0.936595 0.142368 -0.641913 -0.703328 0.134333 0.698058 1.46596
285 0.629036 -0.327776 0.704895 -1.94002 0.325098 0.93458 0.144468 -0.642108 -0.706134 0.138284 0.694444 1.46936
286 0.626451 -0.33223 0.705111 -1.94853 0.333057 0.931967 0.143216 -0.641708 -0.704721 0.145124 0.694483 1.47229
287 0.624143 -0.339332 0.703775 -1.95692 0.339004 0.929172 0.147363 -0.644078 -0.703933 0.146607 0.694971 1.47239
288 0.620249 -0.344879 0.704521 -1.962 0.343179 0.92695 0.151633 -0.648485 -0.705351 0.147727 0.693294 1.47842
289 0.61687 -0.343162 0.708316 -1.97038 0.34443 0.926897 0.149097 -0.649777 -0.7077 0.151992 0.68997 1.47939
290 0.613062 -0.345832 0.710321 -1.97868 0.346902 0.925625 0.151254 -0.650991 -0.709799 0.153684 0.687435 1.48119
291 0.610268 -0.348898 0.711227 -1.98555 0.348239 0.924546 0.154737 -0.653714 -0.71155 0.153246 0.685721 1.48147
292 0.607036 -0.348957 0.713958 -1.99137 0.34802 0.924429 0.155928 -0.656145 -0.714416 0.153818 0.682605 1.48452
293 0.603128 -0.349195 0.717146 -1.99832 0.345943 0.924636 0.159285 -0.657861 -0.718721 0.152023 0.678476 1.48779
294 0.598626 -0.350532 0.72026 -2.00347 0.344885 0.924346 0.163214 -0.661543 -0.722981 0.150702 0.674231 1.49181
295 0.594823 -0.349526 0.72389 -2.00942 0.346095 0.924137 0.161827 -0.66406 -0.725537 0.154277 0.670668 1.49776
296 0.591573 -0.349936 0.726352 -2.01596 0.347372 0.923618 0.162058 -0.665704 -0.727581 0.156445 0.667945 1.49987
297 0.586282 -0.352353 0.729466 -2.02161 0.350891 0.922056 0.163363 -0.668703 -0.73017 0.160187 0.664223 1.50571
298 0.582273 -0.354449 0.731659 -2.02713 0.355829 0.920288 0.162652 -0.672275 -0.730988 0.165638 0.661982 1.51038
299 0.579394 -0.354948 0.733699 -2.03312 0.354875 0.920246 0.164956 -0.677793 -0.733735 0.164797 0.659147 1.51514
300 0.574945 -0.355206 0.737066 -2.03978 0.356367 0.919625 0.165202 -0.678849 -0.736505 0.167684 0.655318 1.5204
301 0.570526 -0.355791 0.740211 -2.04585 0.358537 0.918769 0.16527 -0.685594 -0.738885 0.171103 0.651746 1.526
302 0.568242 -0.353589 0.743018 -2.05394 0.357231 0.919444 0.164345 -0.687902 -0.741274 0.172041 0.64878 1.53265
303 0.563104 -0.354373 0.746548 -2.05944 0.358031 0.918818 0.166092 -0.692005 -0.7448 0.17376 0.644267 1.54112
304 0.558297 -0.354118 0.75027 -2.06765 0.364794 0.917 0.161359 -0.691094 -0.745138 0.183607 0.641138 1.54706
305 0.556707 -0.359271 0.749 -2.07836 0.375197 0.91318 0.159151 -0.693523 -0.741151 0.192422 0.643171 1.55224
306 0.554838 -0.370401 0.744955 -2.08593 0.386404 0.907716 0.163536 -0.695066 -0.736781 0.197118 0.64676 1.55785
307 0.550283 -0.379385 0.743812 -2.08922 0.389011 0.904717 0.173659 -0.7042 -0.738823 0.193789 0.645435 1.56557
308 0.546157 -0.380992 0.746028 -2.09512 0.387483 0.904482 0.178242 -0.706555 -0.742677 0.191724 0.641617 1.57146
309 0.540163 -0.383173 0.749268 -2.10043 0.386102 0.903935 0.18392 -0.710515 -0.747762 0.189948 0.636217 1.5785
310 0.534294 -0.386369 0.75183 -2.10587 0.388762 0.902096 0.187315 -0.712047 -0.750596 0.192202 0.63219 1.58381
311 0.528037 -0.390564 0.75408 -2.11204 0.395176 0.898975 0.188892 -0.7137 -0.751673 0.198253 0.629034 1.59006
312 0.521912 -0.397488 0.754726 -2.11797 0.402229 0.894928 0.193176 -0.716966 -0.75221 0.202751 0.626955 1.59261
313 0.513607 -0.403769 0.757086 -2.12252 0.410137 0.890557 0.196715 -0.720913 -0.753655 0.209475 0.622996 1.59611
314 0.503791 -0.408456 0.761156 -2.12394 0.41532 0.887151 0.201178 -0.727628 -0.757433 0.214772 0.616579 1.59903
315 0.492105 -0.410221 0.767823 -2.12703 0.418449 0.884899 0.204583 -0.731768 -0.76337 0.220618 0.60712 1.60196
316 0.475577 -0.413204 0.776588 -2.13618 0.424865 0.880912 0.208528 -0.737225 -0.77027 0.230774 0.594498 1.6074
317 0.467645 -0.41823 0.778711 -2.13775 0.426736 0.878334 0.215465 -0.743809 -0.774083 0.231543 0.589223 1.6119
318 0.460136 -0.418371 0.783097 -2.13932 0.42544 0.878058 0.219122 -0.748453 -0.779279 0.232335 0.582018 1.61751
319 0.453722 -0.414954 0.788638 -2.14079 0.421271 0.879719 0.220511 -0.756087 -0.785282 0.23218 0.573956 1.621
320 0.444534 -0.414967 0.793846 -2.14766 0.422716 0.87852 0.222518 -0.757974 -0.789747 0.236655 0.565946 1.62595
321 0.439158 -0.417144 0.795695 -2.15147 0.426169 0.876409 0.224248 -0.762102 -0.790898 0.24062 0.562656 1.63076
322 0.436234 -0.416752 0.797507 -2.15441 0.424871 0.876663 0.225713 -0.767911 -0.793211 0.240374 0.559496 1.63524
323 0.431623 -0.414862 0.800994 -2.15773 0.419654 0.878373 0.228805 -0.77406 -0.798494 0.237383 0.553224 1.6402
324 0.425011 -0.413035 0.805461 -2.1608 0.418179 0.878772 0.229972 -0.776156 -0.802803 0.239086 0.54621 1.64557
325 0.421095 -0.412312 0.807885 -2.16873 0.418347 0.878594 0.230343 -0.777351 -0.804776 0.24098 0.542461 1.64865
326 0.418153 -0.413243 0.808937 -2.17166 0.416567 0.878606 0.233503 -0.783006 -0.80723 0.239336 0.539535 1.65718
327 0.41406 -0.412537 0.811399 -2.17694 0.414487 0.879075 0.235431 -0.787362 -0.810404 0.238832 0.534981 1.66379
328 0.408404 -0.411716 0.814675 -2.18309 0.41471 0.878762 0.236206 -0.790456 -0.813155 0.241387 0.529633 1.67126
329 0.404442 -0.411897 0.816558 -2.19085 0.416406 0.87786 0.236573 -0.793126 -0.814268 0.244339 0.52656 1.67874
330 0.400075 -0.413414 0.817942 -2.1947 0.417062 0.87684 0.239187 -0.798997 -0.816087 0.24544 0.523221 1.68668
331 0.394477 -0.41239 0.821172 -2.20199 0.414371 0.877455 0.241599 -0.805336 -0.820174 0.244964 0.517018 1.69119
332 0.379189 -0.410689 0.829187 -2.2168 0.416098 0.876075 0.24363 -0.811406 -0.826486 0.252641 0.503084 1.70624
333 0.372671 -0.411867 0.831554 -2.22521 0.418006 0.874551 0.245828 -0.815518 -0.828485 0.255982 0.498083 1.71171
334 0.365428 -0.414522 0.833447 -2.23245 0.421759 0.871923 0.248737 -0.820427 -0.829808 0.260619 0.493454 1.71896
335 0.357845 -0.416355 0.83582 -2.23916 0.426254 0.869228 0.250501 -0.825695 -0.830815 0.266631 0.488522 1.72493
336 0.35022 -0.41784 0.838305 -2.24916 0.429879 0.866866 0.252484 -0.829622 -0.832196 0.271944 0.483215 1.73174
337 0.342557 -0.420313 0.840233 -2.25735 0.434293 0.863897 0.255092 -0.832895 -0.833093 0.277523 0.478473 1.73998
338 0.337434 -0.421589 0.841665 -2.26586 0.438199 0.861673 0.255932 -0.837562 -0.833138 0.282457 0.475498 1.74527
339 0.333554 -0.420408 0.8438 -2.27564 0.439015 0.861353 0.255611 -0.83992 -0.834271 0.285181 0.471873 1.75125
