[{"R":[[1.0,0.0,0.0],[0.0,1.0,0.0],[0.0,0.0,1.0]],"file_name":"/home/jonas/Downloads/freiburg/rgbd_dataset_freiburg3_long_office_household//rgb/1341847980.722988.png","t":[0.0,0.0,0.0]},{"R":[[0.9999995827674866,-0.00041770163807086647,-0.0007984767435118556],[0.0004175352805759758,0.9999998807907104,-0.00020849038264714181],[0.0007985637639649212,0.00020815691095776856,0.9999996423721313]],"file_name":"/home/jonas/Downloads/freiburg/rgbd_dataset_freiburg3_long_office_household//rgb/1341847980.754743.png","t":[0.0016331850783899426,-0.0021584415808320045,-0.0007180501124821603]},{"R":[[0.9999963641166687,-0.0020946760196238756,-0.0016945641255006194],[0.002091048751026392,0.9999955296516418,-0.002139423042535782],[0.0016990378499031067,0.002135871909558773,0.9999963045120239]],"file_name":"/home/jonas/Downloads/freiburg/rgbd_dataset_freiburg3_long_office_household//rgb/1341847980.786856.png","t":[0.005814301781356335,0.0035006843972951174,-0.0005282911588437855]},{"R":[[0.9999945759773254,-0.0032839225605130196,-0.0002531458158046007],[0.0032841418869793415,0.9999942183494568,0.000871190510224551],[0.0002502834249753505,-0.000872017175424844,0.9999995827674866]],"file_name":"/home/jonas/Downloads/freiburg/rgbd_dataset_freiburg3_long_office_household//rgb/1341847980.822978.png","t":[0.002769000828266144,0.00093510263832286,0.00036967071355320513]},{"R":[[0.9999892115592957,-0.004365237429738045,-0.001579250325448811],[0.004366592038422823,0.9999901056289673,0.0008555788081139326],[0.0015754998894408345,-0.0008624655893072486,0.9999983906745911]],"file_name":"/home/jonas/Downloads/freiburg/rgbd_dataset_freiburg3_long_office_household//rgb/1341847980.854676.png","t":[0.004720946773886681,0.0008773277513682842,0.0009273351170122623]},{"R":[[0.999986469745636,-0.004414592403918505,-0.0027487152256071568],[0.004417404532432556,0.9999897480010986,0.0010178486118093133],[0.0027441936545073986,-0.001029976992867887,0.9999957084655762]],"file_name":"/home/jonas/Downloads/freiburg/rgbd_dataset_freiburg3_long_office_household//rgb/1341847980.890728.png","t":[0.007744920440018177,0.0011412760941311717,0.0008895933860912919]},{"R":[[0.9999850392341614,-0.005230381153523922,-0.0016116306651383638],[0.005234949756413698,0.9999822378158569,0.0028436670545488596],[0.0015967285726219416,-0.002852061064913869,0.9999946355819702]],"file_name":"/home/jonas/Downloads/freiburg/rgbd_dataset_freiburg3_long_office_household//rgb/1341847980.922978.png","t":[0.006795626133680344,-0.001407427596859634,0.0012985216453671455]},{"R":[[0.9999755620956421,-0.0065406509675085545,-0.0024651200510561466],[0.00654625054448843,0.9999759793281555,0.0022703404538333416],[0.002450211439281702,-0.002286422299221158,0.9999943971633911]],"file_name":"/home/jonas/Downloads/freiburg/rgbd_dataset_freiburg3_long_office_household//rgb/1341847980.954645.png","t":[0.00708966888487339,-0.0012908854987472296,0.002930584829300642]},{"R":[[0.9999755620956421,-0.0061203003861010075,-0.0033716934267431498],[0.006124511826783419,0.9999804496765137,0.0012400306295603514],[0.003364038188010454,-0.0012606503441929817,0.9999935626983643]],"file_name":"/home/jonas/Downloads/freiburg/rgbd_dataset_freiburg3_long_office_household//rgb/1341847980.990699.png","t":[0.008411453105509281,0.0005003982805646956,0.002786809578537941]},{"R":[[0.9999719858169556,-0.006307675968855619,-0.00402453076094389],[0.006315209437161684,0.9999783039093018,0.0018619325710460544],[0.004012699238955975,-0.0018872962100431323,0.9999901652336121]],"file_name":"/home/jonas/Downloads/freiburg/rgbd_dataset_freiburg3_long_office_household//rgb/1341847981.022715.png","t":[0.011407403275370598,0.00013565625704359263,0.0038933511823415756]},{"R":[[0.9999726414680481,-0.006369233131408691,-0.0037653406616300344],[0.006376550067216158,0.9999778270721436,0.00193446793127805],[0.0037529359105974436,-0.001958424923941493,0.9999910593032837]],"file_name":"/home/jonas/Downloads/freiburg/rgbd_dataset_freiburg3_long_office_household//rgb/1341847981.054711.png","t":[0.011299004778265953,-0.0007364099146798253,0.0024753359612077475]},{"R":[[0.9999651312828064,-0.006766086909919977,-0.0048920284025371075],[0.006773197557777166,0.9999760389328003,0.0014384633395820856],[0.004882178269326687,-0.0014715478755533695,0.999987006187439]],"file_name":"/home/jonas/Downloads/freiburg/rgbd_dataset_freiburg3_long_office_household//rgb/1341847981.090715.png","t":[0.011422533541917801,0.0014319097390398383,0.0045420099049806595]},{"R":[[0.9999505877494812,-0.00595569983124733,-0.007960200309753418],[0.005983409937471151,0.9999760985374451,0.0034617700148373842],[0.007939393632113934,-0.003509228117763996,0.999962329864502]],"file_name":"/home/jonas/Downloads/freiburg/rgbd_dataset_freiburg3_long_office_household//rgb/1341847981.122985.png","t":[0.017073454335331917,-0.001990891993045807,0.004662024322897196]},{"R":[[0.9999611377716064,-0.0037991355638951063,-0.007957947440445423],[0.0038229264318943024,0.9999882578849792,0.002976510673761368],[0.00794654618948698,-0.003006817540153861,0.9999638795852661]],"file_name":"/home/jonas/Downloads/freiburg/rgbd_dataset_freiburg3_long_office_household//rgb/1341847981.158632.png","t":[0.01711597479879856,-0.0025528045371174812,0.004961017984896898]},{"R":[[0.9999617338180542,-0.00035116466460749507,-0.008743500337004662],[0.00035953684709966183,0.999999463558197,0.0009559767786413431],[0.008743160404264927,-0.0009590837871655822,0.9999613165855408]],"file_name":"/home/jonas/Downloads/freiburg/rgbd_dataset_freiburg3_long_office_household//rgb/1341847981.190636.png","t":[0.020879529416561127,0.0006905584596097469,0.005271728150546551]},{"R":[[0.9999545216560364,0.0037968638353049755,-0.008746489882469177],[-0.0037659876979887486,0.9999866485595703,0.00354389869607985],[0.008759829215705395,-0.003510798327624798,0.9999554753303528]],"file_name":"/home/jonas/Downloads/freiburg/rgbd_dataset_freiburg3_long_office_household//rgb/1341847981.222978.png","t":[0.023480799049139023,-0.0013852377887815237,0.006031916942447424]},{"R":[[0.999950647354126,0.005971845239400864,-0.007940243929624557],[-0.005944464355707169,0.9999763369560242,0.003467492526397109],[0.007960762828588486,-0.0034201208036392927,0.9999624490737915]],"file_name":"/home/jonas/Downloads/freiburg/rgbd_dataset_freiburg3_long_office_household//rgb/1341847981.258722.png","t":[0.025847669690847397,-0.0013067607069388032,0.0069080800749361515]},{"R":[[0.999954879283905,0.006042206659913063,-0.0073277298361063],[-0.006021972745656967,0.9999780058860779,0.0027801634278148413],[0.007344366982579231,-0.002735910704359412,0.9999693036079407]],"file_name":"/home/jonas/Downloads/freiburg/rgbd_dataset_freiburg3_long_office_household//rgb/1341847981.290787.png","t":[0.0247657373547554,0.00014250868116505444,0.006765424739569426]},{"R":[[0.9999294877052307,0.006184256635606289,-0.010140267200767994],[-0.006143202073872089,0.9999728202819824,0.004074816592037678],[0.010165191255509853,-0.004012235440313816,0.9999402761459351]],"file_name":"/home/jonas/Downloads/freiburg/rgbd_dataset_freiburg3_long_office_household//rgb/1341847981.322892.png","t":[0.02757125161588192,-0.0008830114384181798,0.009689604863524437]},{"R":[[0.9998956918716431,0.0075310287065804005,-0.012324845418334007],[-0.00747744832187891,0.9999623894691467,0.004387651104480028],[0.01235742587596178,-0.004295034799724817,0.9999144077301025]],"file_name":"/home/jonas/Downloads/freiburg/rgbd_dataset_freiburg3_long_office_household//rgb/1341847981.358690.png","t":[0.03157548978924751,-0.0008304344955831766,0.010434131138026714]},{"R":[[0.9998558163642883,0.009553703479468822,-0.014038760215044022],[-0.009495297446846962,0.9999459981918335,0.004221123177558184],[0.014078330248594284,-0.00408721249550581,0.99989253282547]],"file_name":"/home/jonas/Downloads/freiburg/rgbd_dataset_freiburg3_long_office_household//rgb/1341847981.390810.png","t":[0.038866497576236725,-0.0001301588345086202,0.00965867005288601]},{"R":[[0.9998260736465454,0.011927381157875061,-0.014338156208395958],[-0.011842192150652409,0.9999117851257324,0.006011696998029947],[0.01440859492868185,-0.0058408561162650585,0.9998791217803955]],"file_name":"/home/jonas/Downloads/freiburg/rgbd_dataset_freiburg3_long_office_household//rgb/1341847981.426707.png","t":[0.044431351125240326,-0.0011350089916959405,0.011529562063515186]},{"R":[[0.9998243451118469,0.012963693588972092,-0.01353655755519867],[-0.01288053672760725,0.9998977184295654,0.006212370004504919],[0.01361570879817009,-0.006036920472979546,0.999889075756073]],"file_name":"/home/jonas/Downloads/freiburg/rgbd_dataset_freiburg3_long_office_household//rgb/1341847981.458797.png","t":[0.04663580656051636,-0.0021430249325931072,0.014564973302185535]},{"R":[[0.9998191595077515,0.013069769367575645,-0.013812334276735783],[-0.012996376492083073,0.9999009966850281,0.005390034057199955],[0.013881414197385311,-0.005209549330174923,0.9998900890350342]],"file_name":"/home/jonas/Downloads/freiburg/rgbd_dataset_freiburg3_long_office_household//rgb/1341847981.490701.png","t":[0.04843232035636902,-0.0010293979430571198,0.015205939300358295]},{"R":[[0.9998068809509277,0.01248296070843935,-0.015177518129348755],[-0.012376737780869007,0.999898374080658,0.007072583772242069],[0.015264262445271015,-0.006883369758725166,0.9998598098754883]],"file_name":"/home/jonas/Downloads/freiburg/rgbd_dataset_freiburg3_long_office_household//rgb/1341847981.527039.png","t":[0.052608389407396317,-0.0023061158135533333,0.018061703070998192]},{"R":[[0.9997990727424622,0.011383453384041786,-0.016498476266860962],[-0.011272387579083443,0.9999132752418518,0.0068093095906078815],[0.0165745597332716,-0.006621964275836945,0.9998406767845154]],"file_name":"/home/jonas/Downloads/freiburg/rgbd_dataset_freiburg3_long_office_household//rgb/1341847981.558722.png","t":[0.05583835020661354,-0.0031866508070379496,0.019157802686095238]},{"R":[[0.9997256994247437,0.009663654491305351,-0.021333947777748108],[-0.00950563419610262,0.999926745891571,0.0074960412457585335],[0.021404823288321495,-0.007291192188858986,0.9997442960739136]],"file_name":"/home/jonas/Downloads/freiburg/rgbd_dataset_freiburg3_long_office_household//rgb/1341847981.594855.png","t":[0.06618867069482803,-0.002041185973212123,0.01995914988219738]},{"R":[[0.9996457695960999,0.011260959319770336,-0.02411523088812828],[-0.010980429127812386,0.9998708367347717,0.011733908206224442],[0.02424425072968006,-0.011464955285191536,0.9996403455734253]],"file_name":"/home/jonas/Downloads/freiburg/rgbd_dataset_freiburg3_long_office_household//rgb/1341847981.626675.png","t":[0.07421673834323883,-0.007859976962208748,0.023657916113734245]},{"R":[[0.9996629953384399,0.010453308932483196,-0.023761212825775146],[-0.010229614563286304,0.9999023675918579,0.00951637327671051],[0.023858370259404182,-0.009270098060369492,0.9996723532676697]],"file_name":"/home/jonas/Downloads/freiburg/rgbd_dataset_freiburg3_long_office_household//rgb/1341847981.658738.png","t":[0.07549232989549637,-0.009977244772017002,0.027239270508289337]},{"R":[[0.9996179342269897,0.009757264517247677,-0.02586117945611477],[-0.009563236497342587,0.9999252557754517,0.007615766022354364],[0.025933556258678436,-0.0073655396699905396,0.9996365308761597]],"file_name":"/home/jonas/Downloads/freiburg/rgbd_dataset_freiburg3_long_office_household//rgb/1341847981.694720.png","t":[0.0813351571559906,-0.005640110932290554,0.026671240106225014]},{"R":[[0.9995658993721008,0.011598734185099602,-0.02708231471478939],[-0.011326671577990055,0.9998840689659119,0.010177664458751678],[0.027197223156690598,-0.009866493754088879,0.9995813965797424]],"file_name":"/home/jonas/Downloads/freiburg/rgbd_dataset_freiburg3_long_office_household//rgb/1341847981.726650.png","t":[0.08644504845142365,-0.015220391564071178,0.029118776321411133]},{"R":[[0.9995191097259521,0.011987338773906231,-0.028598273172974586],[-0.011780044995248318,0.9999032020568848,0.0074059804901480675],[0.028684282675385475,-0.007065530400723219,0.9995635747909546]],"file_name":"/home/jonas/Downloads/freiburg/rgbd_dataset_freiburg3_long_office_household//rgb/1341847981.758846.png","t":[0.09471102058887482,-0.015078703872859478,0.030072787776589394]},{"R":[[0.9995362162590027,0.01130839716643095,-0.02827555686235428],[-0.011088399216532707,0.9999071359634399,0.007925234735012054],[0.02836255170404911,-0.007608028128743172,0.99956876039505]],"file_name":"/home/jonas/Downloads/freiburg/rgbd_dataset_freiburg3_long_office_household//rgb/1341847981.794659.png","t":[0.09779512882232666,-0.02361597679555416,0.030599944293498993]},{"R":[[0.9995063543319702,0.01099652610719204,-0.029429122805595398],[-0.010887778364121914,0.9999333024024963,0.0038529522716999054],[0.029469529166817665,-0.0035306327044963837,0.9995594620704651]],"file_name":"/home/jonas/Downloads/freiburg/rgbd_dataset_freiburg3_long_office_household//rgb/1341847981.826678.png","t":[0.10229256749153137,-0.023657463490962982,0.03201790526509285]},{"R":[[0.9994575381278992,0.00976760033518076,-0.03145274147391319],[-0.009683547541499138,0.9999490976333618,0.002823564922437072],[0.031478721648454666,-0.0025174592155963182,0.9995012283325195]],"file_name":"/home/jonas/Downloads/freiburg/rgbd_dataset_freiburg3_long_office_household//rgb/1341847981.862719.png","t":[0.11328483372926712,-0.020687101408839226,0.031234992668032646]},{"R":[[0.9994924068450928,0.010625908151268959,-0.03003329038619995],[-0.010524652898311615,0.9999383687973022,0.0035275130067020655],[0.03006892278790474,-0.0032096325885504484,0.9995426535606384]],"file_name":"/home/jonas/Downloads/freiburg/rgbd_dataset_freiburg3_long_office_household//rgb/1341847981.894631.png","t":[0.11973700672388077,-0.025748075917363167,0.037552010267972946]},{"R":[[0.999563992023468,0.009829774498939514,-0.027842987328767776],[-0.009900817647576332,0.9999480843544006,-0.0024148777592927217],[0.027817804366350174,0.0026894931215792894,0.9996094107627869]],"file_name":"/home/jonas/Downloads/freiburg/rgbd_dataset_freiburg3_long_office_household//rgb/1341847981.926602.png","t":[0.12157639861106873,-0.02690715901553631,0.03577829524874687]},{"R":[[0.9995787739753723,0.008345247246325016,-0.027795827016234398],[-0.00849099364131689,0.9999507665634155,-0.005129567813128233],[0.027751652523875237,0.00536342104896903,0.9996004700660706]],"file_name":"/home/jonas/Downloads/freiburg/rgbd_dataset_freiburg3_long_office_household//rgb/1341847981.994808.png","t":[0.1294436752796173,-0.024294724687933922,0.0342530719935894]},{"R":[[0.9995951652526855,0.0038711128290742636,-0.02818821370601654],[-0.0038787636440247297,0.9999924302101135,-0.00021674507297575474],[0.028187161311507225,0.00032599273254163563,0.9996026158332825]],"file_name":"/home/jonas/Downloads/freiburg/rgbd_dataset_freiburg3_long_office_household//rgb/1341847982.062739.png","t":[0.1419113427400589,-0.023445975035429,0.0348198264837265]},{"R":[[0.9996578693389893,0.002032296499237418,-0.026076769456267357],[-0.001962719950824976,0.9999944567680359,0.002693464746698737],[0.026082098484039307,-0.002641361905261874,0.9996563196182251]],"file_name":"/home/jonas/Downloads/freiburg/rgbd_dataset_freiburg3_long_office_household//rgb/1341847982.094786.png","t":[0.1430203765630722,-0.027887016534805298,0.03733663260936737]},{"R":[[0.9996024370193481,0.00033635119325481355,-0.02819220907986164],[-0.0003290383901912719,0.9999999403953552,0.0002640296588651836],[0.028192296624183655,-0.00025464838836342096,0.9996024966239929]],"file_name":"/home/jonas/Downloads/freiburg/rgbd_dataset_freiburg3_long_office_household//rgb/1341847982.130710.png","t":[0.1560184359550476,-0.013888094574213028,0.03481050208210945]},{"R":[[0.9997174143791199,0.00287664239294827,-0.02359621971845627],[-0.0026457328349351883,0.9999483823776245,0.009811260737478733],[0.023623226210474968,-0.009746058844029903,0.9996734261512756]],"file_name":"/home/jonas/Downloads/freiburg/rgbd_dataset_freiburg3_long_office_household//rgb/1341847982.162730.png","t":[0.15634657442569733,-0.021954016759991646,0.03793435916304588]},{"R":[[0.9998151063919067,0.0031322163995355368,-0.01897200010716915],[-0.0030317772179841995,0.9999812245368958,0.005320521537214518],[0.018988309428095818,-0.005262018647044897,0.9998058676719666]],"file_name":"/home/jonas/Downloads/freiburg/rgbd_dataset_freiburg3_long_office_household//rgb/1341847982.194674.png","t":[0.14793309569358826,-0.019037777557969093,0.04383760318160057]},{"R":[[0.9997397661209106,0.002324088476598263,-0.022693563252687454],[-0.0023098010569810867,0.9999971389770508,0.0006557702436111867],[0.022695021703839302,-0.0006031819502823055,0.9997422695159912]],"file_name":"/home/jonas/Downloads/freiburg/rgbd_dataset_freiburg3_long_office_household//rgb/1341847982.230594.png","t":[0.1491774618625641,-0.013810568489134312,0.04249640181660652]},{"R":[[0.999657392501831,0.0007543537649326026,-0.0261633712798357],[-0.000708907435182482,0.9999982118606567,0.0017462542746216059],[0.026164641603827477,-0.0017271086107939482,0.9996561408042908]],"file_name":"/home/jonas/Downloads/freiburg/rgbd_dataset_freiburg3_long_office_household//rgb/1341847982.262666.png","t":[0.1497810035943985,-0.010570524260401726,0.04303932189941406]},{"R":[[0.9994181990623474,-0.0009714285260997713,-0.03409339115023613],[0.0010591967729851604,0.9999961853027344,0.0025563796516507864],[0.03409077599644661,-0.0025910038966685534,0.999415397644043]],"file_name":"/home/jonas/Downloads/freiburg/rgbd_dataset_freiburg3_long_office_household//rgb/1341847982.294994.png","t":[0.15977075695991516,-0.009433022700250149,0.04270999878644943]},{"R":[[0.9992234110832214,0.005137230735272169,-0.03906654193997383],[-0.004865311551839113,0.9999632835388184,0.007052307948470116],[0.039101336151361465,-0.006856760010123253,0.9992117285728455]],"file_name":"/home/jonas/Downloads/freiburg/rgbd_dataset_freiburg3_long_office_household//rgb/1341847982.330655.png","t":[0.16892455518245697,-0.011184957809746265,0.043586961925029755]},{"R":[[0.9993445873260498,0.015244041569530964,-0.032832808792591095],[-0.014677394181489944,0.9997403621673584,0.017430977895855904],[0.03308999910950661,-0.016937652602791786,0.9993088245391846]],"file_name":"/home/jonas/Downloads/freiburg/rgbd_dataset_freiburg3_long_office_household//rgb/1341847982.398909.png","t":[0.17528700828552246,-0.013267225585877895,0.04438593238592148]},{"R":[[0.9993643760681152,0.01615055836737156,-0.0317809171974659],[-0.015678144991397858,0.9997636675834656,0.015058155171573162],[0.032016605138778687,-0.014550318010151386,0.999381422996521]],"file_name":"/home/jonas/Downloads/freiburg/rgbd_dataset_freiburg3_long_office_household//rgb/1341847982.430770.png","t":[0.17236970365047455,-0.0027871287893503904,0.04904794692993164]},{"R":[[0.9991786479949951,0.017520349472761154,-0.03653917461633682],[-0.01691901497542858,0.9997173547744751,0.016702067106962204],[0.03682147338986397,-0.016070140525698662,0.9991926550865173]],"file_name":"/home/jonas/Downloads/freiburg/rgbd_dataset_freiburg3_long_office_household//rgb/1341847982.462624.png","t":[0.17033249139785767,-0.002658274257555604,0.05103848874568939]},{"R":[[0.9985578656196594,0.017086520791053772,-0.050894610583782196],[-0.01695658452808857,0.9998517632484436,0.002983794780448079],[0.05093805119395256,-0.002116492949426174,0.9986995458602905]],"file_name":"/home/jonas/Downloads/freiburg/rgbd_dataset_freiburg3_long_office_household//rgb/1341847982.498616.png","t":[0.19572001695632935,0.029962489381432533,0.053633321076631546]},{"R":[[0.9983378648757935,0.018311994150280952,-0.05464542657136917],[-0.018403206020593643,0.9998299479484558,-0.0011663739569485188],[0.054614778608083725,0.002170086372643709,0.9985051155090332]],"file_name":"/home/jonas/Downloads/freiburg/rgbd_dataset_freiburg3_long_office_household//rgb/1341847982.530757.png","t":[0.20029346644878387,0.033212047070264816,0.05175919085741043]},{"R":[[0.9981123805046082,0.020177247002720833,-0.058005113154649734],[-0.020384762436151505,0.9997877478599548,-0.0029879880603402853],[0.05793251469731331,0.004164768382906914,0.9983118176460266]],"file_name":"/home/jonas/Downloads/freiburg/rgbd_dataset_freiburg3_long_office_household//rgb/1341847982.566660.png","t":[0.20270878076553345,0.029435642063617706,0.054921310395002365]},{"R":[[0.9976657629013062,0.023474635556340218,-0.06412424892187119],[-0.024114439263939857,0.999666690826416,-0.009221791289746761],[0.06388639658689499,0.010746586136519909,0.9978992938995361]],"file_name":"/home/jonas/Downloads/freiburg/rgbd_dataset_freiburg3_long_office_household//rgb/1341847982.598726.png","t":[0.2081765979528427,0.03137312829494476,0.053765252232551575]},{"R":[[0.9975709915161133,0.02389994077384472,-0.06542865186929703],[-0.024444106966257095,0.9996728301048279,-0.007528977934271097],[0.06522730737924576,0.009110035374760628,0.9978288412094116]],"file_name":"/home/jonas/Downloads/freiburg/rgbd_dataset_freiburg3_long_office_household//rgb/1341847982.630723.png","t":[0.20115461945533752,0.02361179329454899,0.05374833941459656]},{"R":[[0.9971957206726074,0.02463015913963318,-0.07066818326711655],[-0.02543366514146328,0.9996214509010315,-0.01049281656742096],[0.0703829973936081,0.012260743416845798,0.9974446892738342]],"file_name":"/home/jonas/Downloads/freiburg/rgbd_dataset_freiburg3_long_office_household//rgb/1341847982.666620.png","t":[0.20517989993095398,0.02473452500998974,0.05568215623497963]},{"R":[[0.996616780757904,0.024578986689448357,-0.07842743396759033],[-0.02577691338956356,0.9995654821395874,-0.014298536814749241],[0.0780419111251831,0.01627177931368351,0.9968172907829285]],"file_name":"/home/jonas/Downloads/freiburg/rgbd_dataset_freiburg3_long_office_household//rgb/1341847982.698638.png","t":[0.21206557750701904,0.02723829075694084,0.057706575840711594]},{"R":[[0.9958401918411255,0.025041868910193443,-0.08760854601860046],[-0.02637949027121067,0.9995519518852234,-0.0141436867415905],[0.0872151106595993,0.016395920887589455,0.9960545897483826]],"file_name":"/home/jonas/Downloads/freiburg/rgbd_dataset_freiburg3_long_office_household//rgb/1341847982.730674.png","t":[0.222066730260849,0.023237712681293488,0.056125394999980927]},{"R":[[0.9952682852745056,0.028084009885787964,-0.0930175855755806],[-0.029178401455283165,0.9995198249816895,-0.010426119901239872],[0.09268011897802353,0.013090891763567924,0.9956098794937134]],"file_name":"/home/jonas/Downloads/freiburg/rgbd_dataset_freiburg3_long_office_household//rgb/1341847982.766706.png","t":[0.23035696148872375,0.01674068719148636,0.053255096077919006]},{"R":[[0.9947404265403748,0.031580012291669846,-0.09743818640708923],[-0.032644547522068024,0.9994232654571533,-0.009350016713142395],[0.09708671271800995,0.012481664307415485,0.9951976537704468]],"file_name":"/home/jonas/Downloads/freiburg/rgbd_dataset_freiburg3_long_office_household//rgb/1341847982.798737.png","t":[0.23886725306510925,0.014845195226371288,0.053999342024326324]},{"R":[[0.9941387176513672,0.0319095142185688,-0.10329554975032806],[-0.03311437368392944,0.999401867389679,-0.009969980455935001],[0.10291562974452972,0.01333211176097393,0.9946007132530212]],"file_name":"/home/jonas/Downloads/freiburg/rgbd_dataset_freiburg3_long_office_household//rgb/1341847982.834747.png","t":[0.2538686990737915,0.02230534330010414,0.05416062846779823]},{"R":[[0.9937257766723633,0.03503391891717911,-0.10621550679206848],[-0.035619501024484634,0.9993588924407959,-0.0036205484066158533],[0.10602056980133057,0.007381175644695759,0.9943365454673767]],"file_name":"/home/jonas/Downloads/freiburg/rgbd_dataset_freiburg3_long_office_household//rgb/1341847982.866670.png","t":[0.26715293526649475,0.019804058596491814,0.05353468284010887]},{"R":[[0.993813157081604,0.03884778916835785,-0.10404950380325317],[-0.038733601570129395,0.9992446899414063,0.003118588123470545],[0.1040920615196228,0.000930917973164469,0.9945672154426575]],"file_name":"/home/jonas/Downloads/freiburg/rgbd_dataset_freiburg3_long_office_household//rgb/1341847982.898700.png","t":[0.27374351024627686,0.010596741922199726,0.05545612797141075]},{"R":[[0.9938030242919922,0.04345336928963661,-0.10231014341115952],[-0.0432533361017704,0.9990554451942444,0.0041738697327673435],[0.10239487141370773,0.0002772508596535772,0.9947437644004822]],"file_name":"/home/jonas/Downloads/freiburg/rgbd_dataset_freiburg3_long_office_household//rgb/1341847982.934803.png","t":[0.2890290915966034,0.0012129945680499077,0.05448562651872635]},{"R":[[0.9942615032196045,0.04358253255486488,-0.09769672155380249],[-0.04403410106897354,0.9990269541740417,-0.0024697319604456425],[0.09749402105808258,0.006757546681910753,0.9952131509780884]],"file_name":"/home/jonas/Downloads/freiburg/rgbd_dataset_freiburg3_long_office_household//rgb/1341847982.966708.png","t":[0.291915625333786,0.00989545974880457,0.057161543518304825]},{"R":[[0.9941381216049194,0.03958987444639206,-0.10060804337263107],[-0.040331799536943436,0.999172031879425,-0.00535030011087656],[0.10031292587518692,0.009376640431582928,0.9949117302894592]],"file_name":"/home/jonas/Downloads/freiburg/rgbd_dataset_freiburg3_long_office_household//rgb/1341847982.998783.png","t":[0.2993716299533844,0.012360529974102974,0.060309428721666336]},{"R":[[0.9935539960861206,0.04034000262618065,-0.10593924671411514],[-0.04129364341497421,0.999123752117157,-0.006822866387665272],[0.10557118058204651,0.011153504252433777,0.9943491816520691]],"file_name":"/home/jonas/Downloads/freiburg/rgbd_dataset_freiburg3_long_office_household//rgb/1341847983.034693.png","t":[0.3146142363548279,0.008708873763680458,0.06069090962409973]},{"R":[[0.9933549165725708,0.04220052435994148,-0.10707549750804901],[-0.043150387704372406,0.9990469813346863,-0.006568653043359518],[0.1066962480545044,0.011145352385938168,0.9942291975021362]],"file_name":"/home/jonas/Downloads/freiburg/rgbd_dataset_freiburg3_long_office_household//rgb/1341847983.066707.png","t":[0.32773831486701965,0.0018024115124717355,0.057134829461574554]},{"R":[[0.993112325668335,0.04536987468600273,-0.10802511125802994],[-0.04522372782230377,0.9989696145057678,0.0038036368787288666],[0.10808637738227844,0.0011078593088313937,0.9941408634185791]],"file_name":"/home/jonas/Downloads/freiburg/rgbd_dataset_freiburg3_long_office_household//rgb/1341847983.102757.png","t":[0.3401277959346771,-0.030078018084168434,0.05924786999821663]},{"R":[[0.9929171204566956,0.04794377088546753,-0.10870583355426788],[-0.04786229506134987,0.9988483190536499,0.0033600968308746815],[0.10874173045158386,0.0018666129326447845,0.9940682649612427]],"file_name":"/home/jonas/Downloads/freiburg/rgbd_dataset_freiburg3_long_office_household//rgb/1341847983.134717.png","t":[0.3526805341243744,-0.025814270600676537,0.059439804404973984]},{"R":[[0.9927756190299988,0.05091346800327301,-0.10864808410406113],[-0.05024135112762451,0.9986972808837891,0.008916444145143032],[0.10896051675081253,-0.0033934011589735746,0.994040310382843]],"file_name":"/home/jonas/Downloads/freiburg/rgbd_dataset_freiburg3_long_office_household//rgb/1341847983.166651.png","t":[0.36731693148612976,-0.03415849059820175,0.06044028326869011]},{"R":[[0.9931510090827942,0.05273133143782616,-0.1042613685131073],[-0.05200379341840744,0.9985998868942261,0.009686029516160488],[0.10462614893913269,-0.0041977036744356155,0.9945027828216553]],"file_name":"/home/jonas/Downloads/freiburg/rgbd_dataset_freiburg3_long_office_household//rgb/1341847983.202653.png","t":[0.3729234039783478,-0.03709371015429497,0.06119585037231445]},{"R":[[0.9932810664176941,0.053113654255867004,-0.10281876474618912],[-0.052745312452316284,0.9985881447792053,0.006299871485680342],[0.1030082032084465,-0.000834335049148649,0.9946801662445068]],"file_name":"/home/jonas/Downloads/freiburg/rgbd_dataset_freiburg3_long_office_household//rgb/1341847983.234717.png","t":[0.37955838441848755,-0.034044306725263596,0.06225641071796417]},{"R":[[0.993543267250061,0.05122774839401245,-0.10122963786125183],[-0.051441535353660583,0.9986758828163147,0.0004991137539036572],[0.10112116485834122,0.004711516667157412,0.994862973690033]],"file_name":"/home/jonas/Downloads/freiburg/rgbd_dataset_freiburg3_long_office_household//rgb/1341847983.266753.png","t":[0.3791787922382355,-0.03164020553231239,0.06688527762889862]},{"R":[[0.9930992126464844,0.04875017702579498,-0.10666452348232269],[-0.049652207642793655,0.9987496137619019,-0.005815859884023666],[0.10624763369560242,0.011071855202317238,0.994278073310852]],"file_name":"/home/jonas/Downloads/freiburg/rgbd_dataset_freiburg3_long_office_household//rgb/1341847983.302701.png","t":[0.3914319574832916,-0.02833094820380211,0.06920846551656723]},{"R":[[0.992465078830719,0.047296758741140366,-0.11303150653839111],[-0.04876311868429184,0.9987578392028809,-0.010242096148431301],[0.11240668594837189,0.015676692128181458,0.9935386180877686]],"file_name":"/home/jonas/Downloads/freiburg/rgbd_dataset_freiburg3_long_office_household//rgb/1341847983.334718.png","t":[0.40234753489494324,-0.022278422489762306,0.0707274079322815]},{"R":[[0.9915215373039246,0.046619243919849396,-0.12129156291484833],[-0.04814622178673744,0.9987933039665222,-0.009687651880085468],[0.12069357186555862,0.015445246361196041,0.992569625377655]],"file_name":"/home/jonas/Downloads/freiburg/rgbd_dataset_freiburg3_long_office_household//rgb/1341847983.370887.png","t":[0.41854891180992126,-0.021342545747756958,0.07151399552822113]},{"R":[[0.9912423491477966,0.04988905414938927,-0.12226893752813339],[-0.05078218877315521,0.9987009167671204,-0.004197395872324705],[0.12190069258213043,0.010369720868766308,0.9924881458282471]],"file_name":"/home/jonas/Downloads/freiburg/rgbd_dataset_freiburg3_long_office_household//rgb/1341847983.402670.png","t":[0.42861056327819824,-0.02970247156918049,0.07241637259721756]},{"R":[[0.9906222820281982,0.055359747260808945,-0.12491109222173691],[-0.05697377398610115,0.998331606388092,-0.009383530355989933],[0.12418321520090103,0.016412191092967987,0.992123544216156]],"file_name":"/home/jonas/Downloads/freiburg/rgbd_dataset_freiburg3_long_office_household//rgb/1341847983.434705.png","t":[0.45189905166625977,-0.0250112134963274,0.07300139963626862]},{"R":[[0.9909288883209229,0.05178980156779289,-0.1240072250366211],[-0.054319631308317184,0.9983770847320557,-0.017104968428611755],[0.12292010337114334,0.023685835301876068,0.9921338558197021]],"file_name":"/home/jonas/Downloads/freiburg/rgbd_dataset_freiburg3_long_office_household//rgb/1341847983.470674.png","t":[0.45918336510658264,-0.007714410312473774,0.07509266585111618]},{"R":[[0.990786075592041,0.04532681778073311,-0.1276262104511261],[-0.0479155071079731,0.998701810836792,-0.017285181209445],[0.1266770362854004,0.023241190239787102,0.9916716814041138]],"file_name":"/home/jonas/Downloads/freiburg/rgbd_dataset_freiburg3_long_office_household//rgb/1341847983.502767.png","t":[0.46209484338760376,0.002223383402451873,0.08540496230125427]},{"R":[[0.9896402359008789,0.042928315699100494,-0.13700126111507416],[-0.045207612216472626,0.998885452747345,-0.013567773625254631],[0.13626612722873688,0.019620714709162712,0.990477979183197]],"file_name":"/home/jonas/Downloads/freiburg/rgbd_dataset_freiburg3_long_office_household//rgb/1341847983.534806.png","t":[0.474320650100708,-0.004145184066146612,0.09114482253789902]},{"R":[[0.9884039163589478,0.04518871009349823,-0.1449679732322693],[-0.04733891412615776,0.9988136291503906,-0.011415391229093075],[0.14428013563156128,0.018145643174648285,0.9893705248832703]],"file_name":"/home/jonas/Downloads/freiburg/rgbd_dataset_freiburg3_long_office_household//rgb/1341847983.570684.png","t":[0.49469029903411865,-0.011739073321223259,0.09325854480266571]},{"R":[[0.9880019426345825,0.045692525804042816,-0.14752736687660217],[-0.047859374433755875,0.9987916350364685,-0.011169754900038242],[0.1468387246131897,0.018096307292580605,0.9889948964118958]],"file_name":"/home/jonas/Downloads/freiburg/rgbd_dataset_freiburg3_long_office_household//rgb/1341847983.602741.png","t":[0.5090668797492981,-0.007632679771631956,0.09564407914876938]},{"R":[[0.987808108329773,0.04572440683841705,-0.14881004393100739],[-0.04744166508316994,0.9988418817520142,-0.008008928038179874],[0.14827150106430054,0.014971080236136913,0.9888333678245544]],"file_name":"/home/jonas/Downloads/freiburg/rgbd_dataset_freiburg3_long_office_household//rgb/1341847983.638729.png","t":[0.5171695351600647,-0.00845671258866787,0.10304691642522812]},{"R":[[0.9865508675575256,0.05143888667225838,-0.15514981746673584],[-0.05146786943078041,0.998667299747467,0.003832829650491476],[0.1551402062177658,0.004203949589282274,0.9878835082054138]],"file_name":"/home/jonas/Downloads/freiburg/rgbd_dataset_freiburg3_long_office_household//rgb/1341847983.702857.png","t":[0.5451062917709351,-0.014697485603392124,0.11391911655664444]},{"R":[[0.9867157936096191,0.054730575531721115,-0.15295924246311188],[-0.054189834743738174,0.9985009431838989,0.007705093827098608],[0.15315164625644684,0.0006860978901386261,0.9882024526596069]],"file_name":"/home/jonas/Downloads/freiburg/rgbd_dataset_freiburg3_long_office_household//rgb/1341847983.738736.png","t":[0.5537044405937195,-0.021855682134628296,0.11762829124927521]},{"R":[[0.986538290977478,0.05713633447885513,-0.15322431921958923],[-0.05663355067372322,0.9983657598495483,0.0076475683599710464],[0.153410866856575,0.001133018173277378,0.9881618618965149]],"file_name":"/home/jonas/Downloads/freiburg/rgbd_dataset_freiburg3_long_office_household//rgb/1341847983.770707.png","t":[0.5688894987106323,-0.01770307868719101,0.11796074360609055]},{"R":[[0.9862080216407776,0.055561646819114685,-0.15590588748455048],[-0.05474088340997696,0.9984548687934875,0.009556395933032036],[0.15619595348834991,-0.0008901678374968469,0.9877256751060486]],"file_name":"/home/jonas/Downloads/freiburg/rgbd_dataset_freiburg3_long_office_household//rgb/1341847983.806672.png","t":[0.5806573033332825,-0.013270854949951172,0.12408740073442459]},{"R":[[0.9853982329368591,0.05734073743224144,-0.16031941771507263],[-0.05522635206580162,0.9983184337615967,0.01761711947619915],[0.16106000542640686,-0.008506023325026035,0.986907958984375]],"file_name":"/home/jonas/Downloads/freiburg/rgbd_dataset_freiburg3_long_office_household//rgb/1341847983.838719.png","t":[0.5999754667282104,-0.016067683696746826,0.12858115136623383]},{"R":[[0.9854176640510559,0.0648115947842598,-0.1573261171579361],[-0.06168670207262039,0.9977906346321106,0.024670008569955826],[0.15857742726802826,-0.014605333097279072,0.9872385263442993]],"file_name":"/home/jonas/Downloads/freiburg/rgbd_dataset_freiburg3_long_office_household//rgb/1341847983.870712.png","t":[0.6127257347106934,-0.03164595365524292,0.13386794924736023]},{"R":[[0.9853665828704834,0.06970294564962387,-0.15554487705230713],[-0.06656288355588913,0.9974611401557922,0.025311879813671112],[0.15691427886486053,-0.014587965793907642,0.9875044822692871]],"file_name":"/home/jonas/Downloads/freiburg/rgbd_dataset_freiburg3_long_office_household//rgb/1341847983.906692.png","t":[0.6342082023620605,-0.03483552858233452,0.13489487767219543]},{"R":[[0.9861142039299011,0.07094316929578781,-0.1501525640487671],[-0.06784500926733017,0.9973657727241516,0.02566298469901085],[0.1515776515007019,-0.015119531191885471,0.9883297085762024]],"file_name":"/home/jonas/Downloads/freiburg/rgbd_dataset_freiburg3_long_office_household//rgb/1341847983.938757.png","t":[0.6368675827980042,-0.03838658332824707,0.1383117437362671]},{"R":[[0.9861740469932556,0.06837631016969681,-0.1509484499692917],[-0.06577003002166748,0.9975878596305847,0.022197546437382698],[0.15210212767124176,-0.01196275930851698,0.988292396068573]],"file_name":"/home/jonas/Downloads/freiburg/rgbd_dataset_freiburg3_long_office_household//rgb/1341847983.970809.png","t":[0.6409115195274353,-0.038480907678604126,0.14801226556301117]},{"R":[[0.9853949546813965,0.06610997766256332,-0.15692757070064545],[-0.06356305629014969,0.9977526664733887,0.021198870614171028],[0.15797635912895203,-0.010914463549852371,0.9873825907707214]],"file_name":"/home/jonas/Downloads/freiburg/rgbd_dataset_freiburg3_long_office_household//rgb/1341847984.006722.png","t":[0.6568021178245544,-0.04190124198794365,0.15325821936130524]},{"R":[[0.984599769115448,0.0661645159125328,-0.1618194580078125],[-0.06410114467144012,0.9977820515632629,0.017944637686014175],[0.16264785826206207,-0.007295473478734493,0.9866572022438049]],"file_name":"/home/jonas/Downloads/freiburg/rgbd_dataset_freiburg3_long_office_household//rgb/1341847984.038718.png","t":[0.6688428521156311,-0.04328184202313423,0.1593223214149475]},{"R":[[0.9840124249458313,0.06402238458395004,-0.16619479656219482],[-0.06236519664525986,0.9979379773139954,0.01517641544342041],[0.16682372987270355,-0.004569009877741337,0.9859761595726013]],"file_name":"/home/jonas/Downloads/freiburg/rgbd_dataset_freiburg3_long_office_household//rgb/1341847984.074737.png","t":[0.6777618527412415,-0.050692930817604065,0.16836772859096527]},{"R":[[0.9831439852714539,0.06100138649344444,-0.1723565012216568],[-0.06072010472416878,0.9981309175491333,0.006908723618835211],[0.1724557876586914,0.003673235187307,0.9850103855133057]],"file_name":"/home/jonas/Downloads/freiburg/rgbd_dataset_freiburg3_long_office_household//rgb/1341847984.106759.png","t":[0.6921796798706055,-0.05265238136053085,0.16802151501178741]},{"R":[[0.9824286103248596,0.05909727141261101,-0.17703551054000854],[-0.05901772156357765,0.9982405304908752,0.005719730630517006],[0.1770620495080948,0.004829005338251591,0.9841878414154053]],"file_name":"/home/jonas/Downloads/freiburg/rgbd_dataset_freiburg3_long_office_household//rgb/1341847984.138698.png","t":[0.70893394947052,-0.05330250784754753,0.16865356266498566]},{"R":[[0.9831481575965881,0.055750370025634766,-0.17410209774971008],[-0.05604397878050804,0.9984230399131775,0.0032332907430827618],[0.17400780320167542,0.006578569766134024,0.9847223162651062]],"file_name":"/home/jonas/Downloads/freiburg/rgbd_dataset_freiburg3_long_office_household//rgb/1341847984.174831.png","t":[0.7074418663978577,-0.06115635856986046,0.17779015004634857]},{"R":[[0.9823116660118103,0.051954396069049835,-0.17990145087242126],[-0.05412771925330162,0.9985081553459167,-0.007189502473920584],[0.1792595386505127,0.016799986362457275,0.9836583733558655]],"file_name":"/home/jonas/Downloads/freiburg/rgbd_dataset_freiburg3_long_office_household//rgb/1341847984.206711.png","t":[0.7286130785942078,-0.05847226828336716,0.17620086669921875]},{"R":[[0.9825289249420166,0.05493321269750595,-0.1778181791305542],[-0.05702713876962662,0.9983502626419067,-0.006682239007204771],[0.17715774476528168,0.01670595444738865,0.9840406775474548]],"file_name":"/home/jonas/Downloads/freiburg/rgbd_dataset_freiburg3_long_office_household//rgb/1341847984.238670.png","t":[0.7418769001960754,-0.06623794883489609,0.1708270013332367]},{"R":[[0.983170211315155,0.0553613156080246,-0.174101784825325],[-0.05828741192817688,0.9982308745384216,-0.011734958738088608],[0.1731441169977188,0.02168540470302105,0.9846577644348145]],"file_name":"/home/jonas/Downloads/freiburg/rgbd_dataset_freiburg3_long_office_household//rgb/1341847984.274795.png","t":[0.7491886615753174,-0.06744247674942017,0.16797800362110138]},{"R":[[0.9825789928436279,0.053832706063985825,-0.17787790298461914],[-0.05740629881620407,0.998238205909729,-0.015001081861555576],[0.17675696313381195,0.024951061233878136,0.9839382171630859]],"file_name":"/home/jonas/Downloads/freiburg/rgbd_dataset_freiburg3_long_office_household//rgb/1341847984.306662.png","t":[0.7701820731163025,-0.07339825481176376,0.16522035002708435]},{"R":[[0.9820598363876343,0.0542181134223938,-0.1806071251630783],[-0.058473434299230576,0.998120903968811,-0.018316982313990593],[0.17927463352680206,0.028549090027809143,0.9833847284317017]],"file_name":"/home/jonas/Downloads/freiburg/rgbd_dataset_freiburg3_long_office_household//rgb/1341847984.343094.png","t":[0.7898488640785217,-0.07551827281713486,0.16058260202407837]},{"R":[[0.983319759368896