[{"R":[[0.9999288320541382,-0.0009023324819281697,-0.011895781382918358],[0.0006575026200152934,0.999788224697113,-0.020569100975990295],[0.01191182155162096,0.02055981568992138,0.999717652797699]],"file_name":"/home/jonas/Downloads/freiburg/rgbd_dataset_freiburg3_long_office_household//rgb/1341847980.722988.png","mnId":1,"t":[0.041379038244485855,0.0567767359316349,0.0008700976613909006]},{"R":[[0.9988999366760254,0.015181389637291431,-0.04436688497662544],[-0.015308970585465431,0.9998795986175537,-0.002537218853831291],[0.04432302340865135,0.003213639138266444,0.9990121126174927]],"file_name":"/home/jonas/Downloads/freiburg/rgbd_dataset_freiburg3_long_office_household//rgb/1341847982.430770.png","mnId":2,"t":[0.2149166762828827,0.04750465601682663,0.047327302396297455]},{"R":[[0.9986467957496643,0.016586733981966972,-0.049290046095848083],[-0.016691312193870544,0.9998592138290405,-0.0017107953317463398],[0.049254730343818665,0.0025311957579106092,0.9987830519676208]],"file_name":"/home/jonas/Downloads/freiburg/rgbd_dataset_freiburg3_long_office_household//rgb/1341847982.462624.png","mnId":3,"t":[0.21366730332374573,0.0488726980984211,0.049827221781015396]},{"R":[[0.9973198175430298,0.023407746106386185,-0.06932038068771362],[-0.024310894310474396,0.9996298551559448,-0.012213630601763725],[0.06900882720947266,0.013866135850548744,0.9975196719169617]],"file_name":"/home/jonas/Downloads/freiburg/rgbd_dataset_freiburg3_long_office_household//rgb/1341847982.598726.png","mnId":4,"t":[0.23163862526416779,0.04463112726807594,0.05260748416185379]},{"R":[[0.99489825963974,0.0235755518078804,-0.09808983653783798],[-0.025910165160894394,0.9994089007377625,-0.022595239803195],[0.09749916195869446,0.025021487846970558,0.9949210286140442]],"file_name":"/home/jonas/Downloads/freiburg/rgbd_dataset_freiburg3_long_office_household//rgb/1341847982.730674.png","mnId":5,"t":[0.2587417960166931,0.04998471587896347,0.05606023594737053]},{"R":[[0.9811780452728271,0.05793624371290207,-0.18420909345149994],[-0.060664791613817215,0.9981157183647156,-0.009206305257976055],[0.18332861363887787,0.020208030939102173,0.9828439354896545]],"file_name":"/home/jonas/Downloads/freiburg/rgbd_dataset_freiburg3_long_office_household//rgb/1341847984.106759.png","mnId":10,"t":[0.7291321158409119,-0.006996104493737221,0.1632033735513687]},{"R":[[0.9799830913543701,0.05247862637042999,-0.1920393407344818],[-0.05787505954504013,0.99806809425354,-0.022596091032028198],[0.19048252701759338,0.03325807675719261,0.9811270833015442]],"file_name":"/home/jonas/Downloads/freiburg/rgbd_dataset_freiburg3_long_office_household//rgb/1341847984.238670.png","mnId":11,"t":[0.7850772142410278,-0.020585840567946434,0.16494262218475342]},{"R":[[0.9810364246368408,0.060480546206235886,-0.18414555490016937],[-0.0699804350733757,0.9965088367462158,-0.045528996735811234],[0.1807490438222885,0.057552192360162735,0.9818439483642578]],"file_name":"/home/jonas/Downloads/freiburg/rgbd_dataset_freiburg3_long_office_household//rgb/1341847984.442894.png","mnId":12,"t":[0.856011688709259,-0.035334475338459015,0.13203944265842438]},{"R":[[0.9787381887435913,0.06376992911100388,-0.19494862854480743],[-0.07290894538164139,0.9965336918830872,-0.04006126895546913],[0.1917181760072708,0.053422991186380386,0.9799949526786804]],"file_name":"/home/jonas/Downloads/freiburg/rgbd_dataset_freiburg3_long_office_household//rgb/1341847984.710651.png","mnId":13,"t":[0.9433329701423645,-0.02102641388773918,0.0758569985628128]},{"R":[[0.961578905582428,0.10158631950616837,-0.2550417184829712],[-0.11354723572731018,0.9929982423782349,-0.03258128464221954],[0.24994616210460663,0.06028875708580017,0.9663809537887573]],"file_name":"/home/jonas/Downloads/freiburg/rgbd_dataset_freiburg3_long_office_household//rgb/1341847985.378830.png","mnId":16,"t":[1.106471300125122,0.037801746279001236,-0.05655420944094658]},{"R":[[0.9012178182601929,0.18277795612812042,-0.39293593168258667],[-0.18238677084445953,0.9824653267860413,0.03869025781750679],[0.39311766624450684,0.03679797053337097,0.9187515377998352]],"file_name":"/home/jonas/Downloads/freiburg/rgbd_dataset_freiburg3_long_office_household//rgb/1341847986.286733.png","mnId":21,"t":[1.3630640506744385,0.05975984036922455,-0.11860031634569168]},{"R":[[0.8432379364967346,0.2536970376968384,-0.4739067256450653],[-0.2632701098918915,0.9635580778121948,0.04737744480371475],[0.46865618228912354,0.08481502532958984,0.8792995810508728]],"file_name":"/home/jonas/Downloads/freiburg/rgbd_dataset_freiburg3_long_office_household//rgb/1341847986.954690.png","mnId":24,"t":[1.5346264839172363,0.040131520479917526,-0.18107423186302185]},{"R":[[0.7068749070167542,0.32344505190849304,-0.6290557980537415],[-0.2975713908672333,0.9427828192710876,0.1503724902868271],[0.6417002081871033,0.08089445531368256,0.7626774907112122]],"file_name":"/home/jonas/Downloads/freiburg/rgbd_dataset_freiburg3_long_office_household//rgb/1341847988.433996.png","mnId":30,"t":[1.9359638690948486,-0.15689723193645477,-0.10596831887960434]},{"R":[[0.6928452253341675,0.3207731544971466,-0.6458095908164978],[-0.30533748865127563,0.941860020160675,0.14024528861045837],[0.6532491445541382,0.1000216081738472,0.7505072951316833]],"file_name":"/home/jonas/Downloads/freiburg/rgbd_dataset_freiburg3_long_office_household//rgb/1341847988.669807.png","mnId":31,"t":[1.9755775928497314,-0.16686291992664337,-0.07300961017608643]},{"R":[[0.6738941669464111,0.333301305770874,-0.6593761444091797],[-0.3253811001777649,0.9351392984390259,0.14014872908592224],[0.6633202433586121,0.12010312080383301,0.7386348843574524]],"file_name":"/home/jonas/Downloads/freiburg/rgbd_dataset_freiburg3_long_office_household//rgb/1341847988.873917.png","mnId":32,"t":[2.013113260269165,-0.19778628647327423,-0.02406906895339489]},{"R":[[0.6529325246810913,0.344373881816864,-0.6746004819869995],[-0.343649685382843,0.9284030199050903,0.14132468402385712],[0.6749696731567383,0.13955077528953552,0.7245284914970398]],"file_name":"/home/jonas/Downloads/freiburg/rgbd_dataset_freiburg3_long_office_household//rgb/1341847989.098821.png","mnId":33,"t":[2.0698671340942383,-0.23344142735004425,0.0446452759206295]},{"R":[[0.6573511362075806,0.3599582314491272,-0.662057101726532],[-0.34035152196884155,0.9256477355957031,0.16533933579921722],[0.6723468899726868,0.11664612591266632,0.7309879064559937]],"file_name":"/home/jonas/Downloads/freiburg/rgbd_dataset_freiburg3_long_office_household//rgb/1341847989.234728.png","mnId":34,"t":[2.105644941329956,-0.26571324467658997,0.045968592166900635]},{"R":[[0.6798844933509827,0.30455127358436584,-0.6670873761177063],[-0.30620819330215454,0.9444835186004639,0.11911100894212723],[0.6663284301757813,0.12328589707612991,0.7353957891464233]],"file_name":"/home/jonas/Downloads/freiburg/rgbd_dataset_freiburg3_long_office_household//rgb/1341847989.570705.png","mnId":36,"t":[2.20404052734375,-0.12127723544836044,0.0930362343788147]},{"R":[[0.6442592144012451,0.29751354455947876,-0.7045677900314331],[-0.29906371235847473,0.9458847641944885,0.12594810128211975],[0.7039111852645874,0.12956742942333221,0.6983704566955566]],"file_name":"/home/jonas/Downloads/freiburg/rgbd_dataset_freiburg3_long_office_household//rgb/1341847990.070686.png","mnId":38,"t":[2.320107936859131,-0.13134407997131348,0.3088904619216919]},{"R":[[0.6449723839759827,0.30972450971603394,-0.6986281871795654],[-0.3027685880661011,0.9429436922073364,0.13852204382419586],[0.7016707062721252,0.1221797913312912,0.7019475102424622]],"file_name":"/home/jonas/Downloads/freiburg/rgbd_dataset_freiburg3_long_office_household//rgb/1341847990.238920.png","mnId":39,"t":[2.3645923137664795,-0.1654457151889801,0.33913251757621765]},{"R":[[0.6466520428657532,0.3130655288696289,-0.6955797076225281],[-0.30918094515800476,0.9412022233009338,0.1361820548772812],[0.6973150372505188,0.12699757516384125,0.7054242491722107]],"file_name":"/home/jonas/Downloads/freiburg/rgbd_dataset_freiburg3_long_office_household//rgb/1341847990.474644.png","mnId":40,"t":[2.429003953933716,-0.1879759579896927,0.3727879226207733]},{"R":[[0.5923240780830383,0.3491843640804291,-0.7261008620262146],[-0.34971386194229126,0.9233101606369019,0.15874038636684418],[0.725845992565155,0.15990181267261505,0.6690134406089783]],"file_name":"/home/jonas/Downloads/freiburg/rgbd_dataset_freiburg3_long_office_household//rgb/1341847991.042752.png","mnId":42,"t":[2.513829469680786,-0.3320709466934204,0.5675039291381836]},{"R":[[0.5635431408882141,0.359707236289978,-0.7436597347259521],[-0.35407787561416626,0.9185126423835754,0.17596420645713806],[0.7463564872741699,0.16415004432201385,0.6449858546257019]],"file_name":"/home/jonas/Downloads/freiburg/rgbd_dataset_freiburg3_long_office_household//rgb/1341847991.278726.png","mnId":43,"t":[2.5541839599609375,-0.3690033257007599,0.6576746702194214]},{"R":[[0.5464728474617004,0.3888451159000397,-0.7417323589324951],[-0.38038966059684753,0.9042902588844299,0.19381144642829895],[0.7461039423942566,0.176234632730484,0.6420827507972717]],"file_name":"/home/jonas/Downloads/freiburg/rgbd_dataset_freiburg3_long_office_household//rgb/1341847991.446744.png","mnId":44,"t":[2.584820032119751,-0.46719232201576233,0.6795842051506042]},{"R":[[0.5042343139648438,0.4168302118778229,-0.756307065486908],[-0.4078318774700165,0.8869175910949707,0.21691091358661652],[0.761197030544281,0.1990721970796585,0.6172109246253967]],"file_name":"/home/jonas/Downloads/freiburg/rgbd_dataset_freiburg3_long_office_household//rgb/1341847991.646714.png","mnId":45,"t":[2.582127809524536,-0.5724531412124634,0.7733324766159058]},{"R":[[0.45511195063591003,0.4227816164493561,-0.7836636900901794],[-0.4135846197605133,0.8797648549079895,0.2344387173652649],[0.7885561585426331,0.21741539239883423,0.5752475261688232]],"file_name":"/home/jonas/Downloads/freiburg/rgbd_dataset_freiburg3_long_office_household//rgb/1341847991.846729.png","mnId":46,"t":[2.5604658126831055,-0.6060397028923035,0.9199165105819702]},{"R":[[0.4159737825393677,0.4146156311035156,-0.8093575835227966],[-0.41128647327423096,0.8795614838600159,0.2391965538263321],[0.8110544085502625,0.2333783358335495,0.536400318145752]],"file_name":"/home/jonas/Downloads/freiburg/rgbd_dataset_freiburg3_long_office_household//rgb/1341847992.114842.png","mnId":47,"t":[2.5753087997436523,-0.6046631336212158,1.0585684776306152]},{"R":[[0.37490251660346985,0.4181059002876282,-0.827427089214325],[-0.41034504771232605,0.875170886516571,0.2563062310218811],[0.8313032388687134,0.24344076216220856,0.49967145919799805]],"file_name":"/home/jonas/Downloads/freiburg/rgbd_dataset_freiburg3_long_office_household//rgb/1341847992.350695.png","mnId":48,"t":[2.5878982543945313,-0.6418825387954712,1.1945757865905762]},{"R":[[0.32246920466423035,0.4418174922466278,-0.8371444940567017],[-0.4264238476753235,0.8573706150054932,0.2882331311702728],[0.8450895547866821,0.2640320956707001,0.4648771286010742]],"file_name":"/home/jonas/Downloads/freiburg/rgbd_dataset_freiburg3_long_office_household//rgb/1341847992.654692.png","mnId":49,"t":[2.6008176803588867,-0.7650459408760071,1.3474982976913452]},{"R":[[0.28409019112586975,0.4394397735595703,-0.852165162563324],[-0.43640366196632385,0.8506481647491455,0.29317158460617065],[0.85372394323349,0.2886008024215698,0.4334339201450348]],"file_name":"/home/jonas/Downloads/freiburg/rgbd_dataset_freiburg3_long_office_household//rgb/1341847993.054757.png","mnId":51,"t":[2.6491429805755615,-0.8220129609107971,1.4786930084228516]},{"R":[[0.2481580376625061,0.4449441432952881,-0.860489547252655],[-0.4353760778903961,0.8447353839874268,0.311239093542099],[0.8653700351715088,0.2974000871181488,0.40334591269493103]],"file_name":"/home/jonas/Downloads/freiburg/rgbd_dataset_freiburg3_long_office_household//rgb/1341847993.322794.png","mnId":52,"t":[2.6608242988586426,-0.8594407439231873,1.5760819911956787]},{"R":[[0.20486243069171906,0.46046748757362366,-0.8637135624885559],[-0.4402850866317749,0.8314646482467651,0.3388444781303406],[0.8741741180419922,0.3108637034893036,0.3730728328227997]],"file_name":"/home/jonas/Downloads/freiburg/rgbd_dataset_freiburg3_long_office_household//rgb/1341847993.558719.png","mnId":53,"t":[2.6535520553588867,-0.9465103149414063,1.6684011220932007]},{"R":[[0.17813023924827576,0.4491109848022461,-0.875539243221283],[-0.466080904006958,0.822137176990509,0.3268930912017822],[0.8666245937347412,0.3498425781726837,0.355769544839859]],"file_name":"/home/jonas/Downloads/freiburg/rgbd_dataset_freiburg3_long_office_household//rgb/1341847993.790887.png","mnId":54,"t":[2.680067539215088,-0.9955496191978455,1.7164878845214844]},{"R":[[0.1508386731147766,0.43462684750556946,-0.8878892064094543],[-0.4668804407119751,0.8230054378509521,0.32355010509490967],[0.8713611960411072,0.3657342195510864,0.327059805393219]],"file_name":"/home/jonas/Downloads/freiburg/rgbd_dataset_freiburg3_long_office_household//rgb/1341847994.065706.png","mnId":55,"t":[2.7017416954040527,-0.9744608998298645,1.8096661567687988]},{"R":[[0.11703256517648697,0.44696852564811707,-0.8868610262870789],[-0.4496487081050873,0.8200733661651611,0.35397136211395264],[0.885505199432373,0.3573497533798218,0.29695409536361694]],"file_name":"/home/jonas/Downloads/freiburg/rgbd_dataset_freiburg3_long_office_household//rgb/1341847994.269680.png","mnId":56,"t":[2.6839144229888916,-0.992374837398529,1.9124345779418945]},{"R":[[0.08482972532510757,0.4579184949398041,-0.884937584400177],[-0.43397724628448486,0.8164524435997009,0.38087940216064453],[0.8969212174415588,0.35173290967941284,0.26798564195632935]],"file_name":"/home/jonas/Downloads/freiburg/rgbd_dataset_freiburg3_long_office_household//rgb/1341847994.469690.png","mnId":57,"t":[2.681321859359741,-1.0171369314193726,2.018939971923828]},{"R":[[0.05295305326581001,0.4692799746990204,-0.8814603090286255],[-0.43795493245124817,0.8041923642158508,0.40183350443840027],[0.8974360227584839,0.3647615611553192,0.24810791015625]],"file_name":"/home/jonas/Downloads/freiburg/rgbd_dataset_freiburg3_long_office_household//rgb/1341847994.669750.png","mnId":58,"t":[2.681765079498291,-1.0980929136276245,2.102039337158203]},{"R":[[0.006347889080643654,0.4597010910511017,-0.8880510330200195],[-0.46485835313796997,0.7876351475715637,0.40439778566360474],[0.8853623270988464,0.41025084257125854,0.21869570016860962]],"file_name":"/home/jonas/Downloads/freiburg/rgbd_dataset_freiburg3_long_office_household//rgb/1341847994.930711.png","mnId":59,"t":[2.6576807498931885,-1.211257815361023,2.2116239070892334]},{"R":[[-0.061783455312252045,0.46272599697113037,-0.8843457698822021],[-0.45450669527053833,0.7757954597473145,0.4376814365386963],[0.8885980248451233,0.42898255586624146,0.16238074004650116]],"file_name":"/home/jonas/Downloads/freiburg/rgbd_dataset_freiburg3_long_office_household//rgb/1341847995.198787.png","mnId":60,"t":[2.5493369102478027,-1.283707618713379,2.384761095046997]},{"R":[[-0.10690807551145554,0.46470820903778076,-0.8789862990379333],[-0.44483014941215515,0.7682859897613525,0.46028557419776917],[0.8892113566398621,0.4402078688144684,0.1245802491903305]],"file_name":"/home/jonas/Downloads/freiburg/rgbd_dataset_freiburg3_long_office_household//rgb/1341847995.534752.png","mnId":61,"t":[2.5151379108428955,-1.3275620937347412,2.5035462379455566]},{"R":[[-0.13735003769397736,0.48430654406547546,-0.8640498518943787],[-0.46703803539276123,0.7375993132591248,0.48767077922821045],[0.8735046982765198,0.47052574157714844,0.12488027662038803]],"file_name":"/home/jonas/Downloads/freiburg/rgbd_dataset_freiburg3_long_office_household//rgb/1341847995.802752.png","mnId":62,"t":[2.488304853439331,-1.4983869791030884,2.491342544555664]},{"R":[[-0.18996816873550415,0.46927976608276367,-0.8623738288879395],[-0.4502321481704712,0.7389237284660339,0.5012811422348022],[0.8724695444107056,0.4834958612918854,0.07091285288333893]],"file_name":"/home/jonas/Downloads/freiburg/rgbd_dataset_freiburg3_long_office_household//rgb/1341847996.170714.png","mnId":63,"t":[2.384319543838501,-1.4847466945648193,2.648466110229492]},{"R":[[-0.2507798373699188,0.46957385540008545,-0.8465281128883362],[-0.4286457896232605,0.730207085609436,0.532034158706665],[0.8679701685905457,0.496284157037735,0.018159622326493263]],"file_name":"/home/jonas/Downloads/freiburg/rgbd_dataset_freiburg3_long_office_household//rgb/1341847996.538771.png","mnId":64,"t":[2.2379963397979736,-1.5377336740493774,2.8167386054992676]},{"R":[[-0.2817426323890686,0.45265910029411316,-0.8460028171539307],[-0.4422845244407654,0.7211893796920776,0.5331700444221497],[0.8514725565910339,0.524390697479248,-0.0029856630135327578]],"file_name":"/home/jonas/Downloads/freiburg/rgbd_dataset_freiburg3_long_office_household//rgb/1341847996.742663.png","mnId":65,"t":[2.1721041202545166,-1.6093735694885254,2.885835886001587]},{"R":[[-0.3190501034259796,0.45939311385154724,-0.8289541602134705],[-0.4327290654182434,0.7075570821762085,0.5586667060852051],[0.8431800603866577,0.5369552373886108,-0.02695341967046261]],"file_name":"/home/jonas/Downloads/freiburg/rgbd_dataset_freiburg3_long_office_household//rgb/1341847997.010744.png","mnId":66,"t":[2.114841938018799,-1.693535327911377,2.970775604248047]},{"R":[[-0.33819979429244995,0.44013282656669617,-0.8318076729774475],[-0.4244721829891205,0.7175276279449463,0.5522477030754089],[0.8399072885513306,0.5398492813110352,-0.0558435395359993]],"file_name":"/home/jonas/Downloads/freiburg/rgbd_dataset_freiburg3_long_office_household//rgb/1341847997.446693.png","mnId":67,"t":[2.1732077598571777,-1.6613155603408813,3.0941503047943115]},{"R":[[-0.375704288482666,0.4210078716278076,-0.8255898952484131],[-0.4039593040943146,0.7273699045181274,0.5547521114349365],[0.834064245223999,0.5419274568557739,-0.10320594161748886]],"file_name":"/home/jonas/Downloads/freiburg/rgbd_dataset_freiburg3_long_office_household//rgb/1341847997.678842.png","mnId":68,"t":[2.1055123805999756,-1.5960992574691772,3.2284085750579834]},{"R":[[-0.4141659736633301,0.43354037404060364,-0.8003182411193848],[-0.37439802289009094,0.7203009128570557,0.5839458107948303],[0.8296340703964233,0.5414880514144897,-0.13600747287273407]],"file_name":"/home/jonas/Downloads/freiburg/rgbd_dataset_freiburg3_long_office_household//rgb/1341847998.014866.png","mnId":69,"t":[2.07795786857605,-1.6152454614639282,3.317413330078125]},{"R":[[-0.4018864333629608,0.43625113368034363,-0.8050914406776428],[-0.38747772574424744,0.7156034111976624,0.5811821818351746],[0.8296675682067871,0.5455242395401001,-0.11855370551347733]],"file_name":"/home/jonas/Downloads/freiburg/rgbd_dataset_freiburg3_long_office_household//rgb/1341847998.351206.png","mnId":70,"t":[2.2457985877990723,-1.6454555988311768,3.2764949798583984]},{"R":[[-0.3798655569553375,0.4103190004825592,-0.8290600180625916],[-0.41918498277664185,0.7225840091705322,0.5496874451637268],[0.8246127367019653,0.5563368201255798,-0.10248520225286484]],"file_name":"/home/jonas/Downloads/freiburg/rgbd_dataset_freiburg3_long_office_household//rgb/1341847998.650736.png","mnId":71,"t":[2.4451613426208496,-1.6239864826202393,3.2390010356903076]},{"R":[[-0.39926615357398987,0.4119923412799835,-0.8190536499023438],[-0.426114559173584,0.7076142430305481,0.5636563301086426],[0.8117961287498474,0.5740596055984497,-0.10697045922279358]],"file_name":"/home/jonas/Downloads/freiburg/rgbd_dataset_freiburg3_long_office_household//rgb/1341847998.954799.png","mnId":72,"t":[2.4853224754333496,-1.7362103462219238,3.2724826335906982]},{"R":[[-0.4494422972202301,0.4078451991081238,-0.7947728633880615],[-0.4129846692085266,0.6940459609031677,0.5896981358528137],[0.7921144366264343,0.5932642817497253,-0.14349977672100067]],"file_name":"/home/jonas/Downloads/freiburg/rgbd_dataset_freiburg3_long_office_household//rgb/1341847999.322701.png","mnId":73,"t":[2.393237829208374,-1.8331032991409302,3.385754346847534]},{"R":[[-0.533128559589386,0.41185152530670166,-0.7390211224555969],[-0.3576226234436035,0.6819317936897278,0.6380243301391602],[0.7667333483695984,0.6044396758079529,-0.21626989543437958]],"file_name":"/home/jonas/Downloads/freiburg/rgbd_dataset_freiburg3_long_office_household//rgb/1341847999.622896.png","mnId":74,"t":[2.08375883102417,-1.8942689895629883,3.600059986114502]},{"R":[[-0.6022699475288391,0.40937575697898865,-0.685333788394928],[-0.31966933608055115,0.6629850268363953,0.6769508123397827],[0.7314932346343994,0.6267873644828796,-0.2684310972690582]],"file_name":"/home/jonas/Downloads/freiburg/rgbd_dataset_freiburg3_long_office_household//rgb/1341847999.897730.png","mnId":75,"t":[1.800127387046814,-1.9715793132781982,3.704350709915161]},{"R":[[-0.7039612531661987,0.3766278326511383,-0.6021544933319092],[-0.3227050304412842,0.5856401920318604,0.743563711643219],[0.6326926946640015,0.7177583575248718,-0.2907283306121826]],"file_name":"/home/jonas/Downloads/freiburg/rgbd_dataset_freiburg3_long_office_household//rgb/1341848000.362696.png","mnId":76,"t":[1.3119646310806274,-2.33940052986145,3.6393544673919678]},{"R":[[-0.7530460953712463,0.35167208313941956,-0.5561010241508484],[-0.2900626063346863,0.581182599067688,0.760322630405426],[0.5905804634094238,0.7338621020317078,-0.33565035462379456]],"file_name":"/home/jonas/Downloads/freiburg/rgbd_dataset_freiburg3_long_office_household//rgb/1341848000.730805.png","mnId":77,"t":[1.0730024576187134,-2.315831422805786,3.6783339977264404]},{"R":[[-0.7847350835800171,0.35115480422973633,-0.5107652544975281],[-0.24684077501296997,0.578827977180481,0.7771922945976257],[0.568560004234314,0.735967755317688,-0.36754727363586426]],"file_name":"/home/jonas/Downloads/freiburg/rgbd_dataset_freiburg3_long_office_household//rgb/1341848000.963197.png","mnId":78,"t":[0.9102170467376709,-2.2772181034088135,3.723672389984131]},{"R":[[-0.8150337338447571,0.324137806892395,-0.4802652597427368],[-0.2280728816986084,0.5824921727180481,0.7801830768585205],[0.5326375961303711,0.7454109787940979,-0.400823712348938]],"file_name":"/home/jonas/Downloads/freiburg/rgbd_dataset_freiburg3_long_office_household//rgb/1341848001.266775.png","mnId":79,"t":[0.7819550037384033,-2.2392334938049316,3.743450403213501]},{"R":[[-0.8732381463050842,0.2506260871887207,-0.4179016053676605],[-0.20668131113052368,0.5861436128616333,0.7834018468856812],[0.44129130244255066,0.7704688310623169,-0.4600432217121124]],"file_name":"/home/jonas/Downloads/freiburg/rgbd_dataset_freiburg3_long_office_household//rgb/1341848001.567011.png","mnId":80,"t":[0.38431471586227417,-2.193620443344116,3.7718393802642822]},{"R":[[-0.9205290079116821,0.20371155440807343,-0.3333585560321808],[-0.15854042768478394,0.5850815773010254,0.7953266501426697],[0.35705918073654175,0.784972071647644,-0.5062880516052246]],"file_name":"/home/jonas/Downloads/freiburg/rgbd_dataset_freiburg3_long_office_household//rgb/1341848001.870724.png","mnId":81,"t":[-0.024851474910974503,-2.132780075073242,3.7542006969451904]},{"R":[[-0.933819591999054,0.19696713984012604,-0.2986384332180023],[-0.13552317023277283,0.577792227268219,0.8048537969589233],[0.33108070492744446,0.7920606732368469,-0.5128600597381592]],"file_name":"/home/jonas/Downloads/freiburg/rgbd_dataset_freiburg3_long_office_household//rgb/1341848002.002731.png","mnId":82,"t":[-0.155179962515831,-2.126955986022949,3.7253599166870117]},{"R":[[-0.9516056776046753,0.18232528865337372,-0.24739472568035126],[-0.10324326157569885,0.5685553550720215,0.8161407113075256],[0.289460688829422,0.8021859526634216,-0.5222166180610657]],"file_name":"/home/jonas/Downloads/freiburg/rgbd_dataset_freiburg3_long_office_household//rgb/1341848002.238731.png","mnId":83,"t":[-0.341164767742157,-2.1085009574890137,3.665337085723877]},{"R":[[-0.9685033559799194,0.1431933343410492,-0.20370791852474213],[-0.09339701384305954,0.5494635701179504,0.830281138420105],[0.23082080483436584,0.8231558203697205,-0.518783450126648]],"file_name":"/home/jonas/Downloads/freiburg/rgbd_dataset_freiburg3_long_office_household//rgb/1341848002.506756.png","mnId":84,"t":[-0.536407470703125,-2.1699166297912598,3.54465389251709]},{"R":[[-0.9766401052474976,0.11203238368034363,-0.18336540460586548],[-0.09936003386974335,0.5211818218231201,0.8476420640945435],[0.19053007662296295,0.8460603952407837,-0.49787554144859314]],"file_name":"/home/jonas/Downloads/freiburg/rgbd_dataset_freiburg3_long_office_household//rgb/1341848002.806780.png","mnId":85,"t":[-0.6115785837173462,-2.294717788696289,3.3938796520233154]},{"R":[[-0.9741007089614868,0.12421060353517532,-0.18894334137439728],[-0.09545313566923141,0.5316137671470642,0.8415910601615906],[0.20497941970825195,0.8378296494483948,-0.5059890151023865]],"file_name":"/home/jonas/Downloads/freiburg/rgbd_dataset_freiburg3_long_office_household//rgb/1341848002.943323.png","mnId":86,"t":[-0.5329006910324097,-2.2536206245422363,3.4165401458740234]},{"R":[[-0.9680545330047607,0.12446313351392746,-0.21766789257526398],[-0.11714839190244675,0.5430222153663635,0.8315065503120422],[0.22169040143489838,0.8304431438446045,-0.5110944509506226]],"file_name":"/home/jonas/Downloads/freiburg/rgbd_dataset_freiburg3_long_office_household//rgb/1341848003.142626.png","mnId":87,"t":[-0.37415963411331177,-2.224807024002075,3.4222187995910645]},{"R":[[-0.9607611298561096,0.09243370592594147,-0.2615225911140442],[-0.167012557387352,0.5599979758262634,0.8114857077598572],[0.22146075963974,0.823321521282196,-0.5225867033004761]],"file_name":"/home/jonas/Downloads/freiburg/rgbd_dataset_freiburg3_long_office_household//rgb/1341848003.410779.png","mnId":88,"t":[-0.19370919466018677,-2.195455551147461,3.4220550060272217]},{"R":[[-0.9437543153762817,0.11565270274877548,-0.3097616136074066],[-0.19382557272911072,0.5654844641685486,0.8016601204872131],[0.26787951588630676,0.8166099190711975,-0.5112619400024414]],"file_name":"/home/jonas/Downloads/freiburg/rgbd_dataset_freiburg3_long_office_household//rgb/1341848003.578749.png","mnId":89,"t":[0.07758743315935135,-2.1857926845550537,3.408459424972534]},{"R":[[-0.9145020842552185,0.13620628416538239,-0.3809642493724823],[-0.23910757899284363,0.5776280164718628,0.7804956436157227],[0.32636404037475586,0.8048563599586487,-0.4956740736961365]],"file_name":"/home/jonas/Downloads/freiburg/rgbd_dataset_freiburg3_long_office_household//rgb/1341848003.817941.png","mnId":90,"t":[0.44314664602279663,-2.135283946990967,3.3692147731781006]},{"R":[[-0.8787264823913574,0.1776207685470581,-0.44304701685905457],[-0.2724863290786743,0.5754196643829346,0.7711312770843506],[0.39190688729286194,0.7983376979827881,-0.45723724365234375]],"file_name":"/home/jonas/Downloads/freiburg/rgbd_dataset_freiburg3_long_office_household//rgb/1341848004.189785.png","mnId":91,"t":[0.8047559261322021,-2.109368324279785,3.2079803943634033]},{"R":[[-0.8148623704910278,0.19728563725948334,-0.5450482964515686],[-0.35387134552001953,0.5754298567771912,0.7373300194740295],[0.45910167694091797,0.7936995029449463,-0.39908239245414734]],"file_name":"/home/jonas/Downloads/freiburg/rgbd_dataset_freiburg3_long_office_household//rgb/1341848004.525726.png","mnId":92,"t":[1.2985739707946777,-2.0692977905273438,2.9909932613372803]},{"R":[[-0.7177304625511169,0.24973642826080322,-0.6499958634376526],[-0.4470534026622772,0.5504137277603149,0.705115556716919],[0.5338597297668457,0.7966657876968384,-0.283403217792511]],"file_name":"/home/jonas/Downloads/freiburg/rgbd_dataset_freiburg3_long_office_household//rgb/1341848005.193749.png","mnId":93,"t":[1.8842829465866089,-2.08670711517334,2.5924909114837646]},{"R":[[-0.5638238787651062,0.3206680417060852,-0.7611009478569031],[-0.5025675296783447,0.5980760455131531,0.6242843866348267],[0.6553842425346375,0.7344910502433777,-0.17605219781398773]],"file_name":"/home/jonas/Downloads/freiburg/rgbd_dataset_freiburg3_long_office_household//rgb/1341848006.097854.png","mnId":94,"t":[2.5954861640930176,-1.7666394710540771,2.210155963897705]},{"R":[[-0.5122309923171997,0.37475186586380005,-0.7727745175361633],[-0.45408186316490173,0.6455645561218262,0.6140488982200623],[0.7289918065071106,0.6654377579689026,-0.16051016747951508]],"file_name":"/home/jonas/Downloads/freiburg/rgbd_dataset_freiburg3_long_office_household//rgb/1341848006.969708.png","mnId":95,"t":[2.8833043575286865,-1.5998141765594482,2.106389045715332]},{"R":[[-0.6212899088859558,0.3658106327056885,-0.6929512619972229],[-0.393789678812027,0.6187900900840759,0.679726779460907],[0.6774426698684692,0.6951844096183777,-0.24039557576179504]],"file_name":"/home/jonas/Downloads/freiburg/rgbd_dataset_freiburg3_long_office_household//rgb/1341848007.666675.png","mnId":96,"t":[2.6621434688568115,-1.8258291482925415,2.462430000305176]},{"R":[[-0.7547689080238342,0.3367365002632141,-0.5629675388336182],[-0.32330846786499023,0.5557718873023987,0.7658911943435669],[0.5707850456237793,0.760083019733429,-0.3106095492839813]],"file_name":"/home/jonas/Downloads/freiburg/rgbd_dataset_freiburg3_long_office_household//rgb/1341848008.270710.png","mnId":97,"t":[2.1863791942596436,-2.186901569366455,2.762316942214966]},{"R":[[-0.8401910662651062,0.30163002014160156,-0.4506642520427704],[-0.25541117787361145,0.5129885673522949,0.8195168375968933],[0.47837647795677185,0.8036554455757141,-0.3539687395095825]],"file_name":"/home/jonas/Downloads/freiburg/rgbd_dataset_freiburg3_long_office_household//rgb/1341848008.874631.png","mnId":98,"t":[1.7920259237289429,-2.4055635929107666,2.9644722938537598]},{"R":[[-0.927014172077179,0.21046197414398193,-0.3104037344455719],[-0.18170392513275146,0.47198912501335144,0.8626760244369507],[0.32806769013404846,0.8561145067214966,-0.3992988169193268]],"file_name":"/home/jonas/Downloads/freiburg/rgbd_dataset_freiburg3_long_office_household//rgb/1341848009.479022.png","mnId":99,"t":[1.1746723651885986,-2.6295888423919678,3.1506943702697754]},{"R":[[-0.930797815322876,0.18962901830673218,-0.3125],[-0.18977724015712738,0.47996896505355835,0.8565129637718201],[0.31240999698638916,0.8565457463264465,-0.4107667803764343]],"file_name":"/home/jonas/Downloads/freiburg/rgbd_dataset_freiburg3_long_office_household//rgb/1341848009.978905.png","mnId":100,"t":[1.262723684310913,-2.5835745334625244,3.136709690093994]},{"R":[[-0.9428649544715881,0.18342378735542297,-0.2781391441822052],[-0.168678417801857,0.4571232497692108,0.8732616305351257],[0.2873208224773407,0.8702839016914368,-0.4000658690929413]],"file_name":"/home/jonas/Downloads/freiburg/rgbd_dataset_freiburg3_long_office_household//rgb/1341848010.351054.png","mnId":101,"t":[1.152931571006775,-2.628840208053589,3.0204885005950928]},{"R":[[-0.9650952219963074,0.1531170904636383,-0.21247674524784088],[-0.12951351702213287,0.4261258542537689,0.8953452110290527],[0.2276344746351242,0.8916119933128357,-0.39142128825187683]],"file_name":"/home/jonas/Downloads/freiburg/rgbd_dataset_freiburg3_long_office_household//rgb/1341848010.782711.png","mnId":102,"t":[0.860008955001831,-2.6758432388305664,2.9341747760772705]},{"R":[[-0.9956374168395996,0.06684967130422592,-0.06509439647197723],[-0.030652660876512527,0.4245809018611908,0.9048709869384766],[0.08812816441059113,0.9029186964035034,-0.42067950963974]],"file_name":"/home/jonas/Downloads/freiburg/rgbd_dataset_freiburg3_long_office_household//rgb/1341848011.622723.png","mnId":103,"t":[0.2063465565443039,-2.648472309112549,2.9681808948516846]},{"R":[[-0.9992071390151978,0.017743747681379318,-0.035640597343444824],[-0.026477543637156487,0.37237703800201416,0.9277037978172302],[0.029732681810855865,0.9279119372367859,-0.37161198258399963]],"file_name":"/home/jonas/Downloads/freiburg/rgbd_dataset_freiburg3_long_office_household//rgb/1341848012.358782.png","mnId":104,"t":[0.011967221274971962,-2.7451138496398926,2.687077045440674]},{"R":[[-0.989213228225708,0.01387031190097332,-0.1458244025707245],[-0.1316535472869873,0.35227319598197937,0.9265910387039185],[0.06422213464975357,0.9357944130897522,-0.3466472327709198]],"file_name":"/home/jonas/Downloads/freiburg/rgbd_dataset_freiburg3_long_office_household//rgb/1341848012.794727.png","mnId":105,"t":[0.4101716876029968,-2.731865406036377,2.525521755218506]},{"R":[[-0.9456228613853455,0.07316949218511581,-0.3169284760951996],[-0.2679082453250885,0.3773379623889923,0.8864768743515015],[0.18445222079753876,0.9231805205345154,-0.33721670508384705]],"file_name":"/home/jonas/Downloads/freiburg/rgbd_dataset_freiburg3_long_office_household//rgb/1341848013.262723.png","mnId":106,"t":[1.1101398468017578,-2.565476655960083,2.4433460235595703]},{"R":[[-0.8670836091041565,0.14828501641750336,-0.4755813479423523],[-0.39427727460861206,0.37923508882522583,0.8370938897132874],[0.30448561906814575,0.9133412837982178,-0.27036312222480774]],"file_name":"/home/jonas/Downloads/freiburg/rgbd_dataset_freiburg3_long_office_household//rgb/1341848013.666669.png","mnId":107,"t":[1.8082460165023804,-2.4047865867614746,2.190052032470703]},{"R":[[-0.7720707654953003,0.2052605152130127,-0.6014772057533264],[-0.47850218415260315,0.43510937690734863,0.7627027630805969],[0.4182611405849457,0.8766686916351318,-0.2377176284790039]],"file_name":"/home/jonas/Downloads/freiburg/rgbd_dataset_freiburg3_long_office_household//rgb/1341848014.070990.png","mnId":108,"t":[2.3721954822540283,-2.0713071823120117,2.011561155319214]},{"R":[[-0.7212416529655457,0.21068938076496124,-0.6598639488220215],[-0.530572235584259,0.44438645243644714,0.7218128442764282],[0.44531291723251343,0.8707069754600525,-0.20872409641742706]],"file_name":"/home/jonas/Downloads/freiburg/rgbd_dataset_freiburg3_long_office_household//rgb/1341848014.234751.png","mnId":109,"t":[2.616548776626587,-1.9058709144592285,1.8814750909805298]},{"R":[[-0.6705353260040283,0.23612312972545624,-0.7032981514930725],[-0.5596719980239868,0.4612792730331421,0.6884683966636658],[0.4869801700115204,0.8552586436271667,-0.17715252935886383]],"file_name":"/home/jonas/Downloads/freiburg/rgbd_dataset_freiburg3_long_office_household//rgb/1341848014.370553.png","mnId":110,"t":[2.829345941543579,-1.7601240873336792,1.7337377071380615]},{"R":[[-0.5881757140159607,0.25637686252593994,-0.7670203447341919],[-0.5994510650634766,0.49843069911003113,0.6262788772583008],[0.5428699254989624,0.8281531929969788,-0.13947944343090057]],"file_name":"/home/jonas/Downloads/freiburg/rgbd_dataset_freiburg3_long_office_household//rgb/1341848014.538728.png","mnId":111,"t":[3.1121177673339844,-1.476378083229065,1.5390650033950806]},{"R":[[-0.5217278599739075,0.28106385469436646,-0.8054831624031067],[-0.6082308888435364,0.5395132899284363,0.5822203755378723],[0.5982099771499634,0.7936803698539734,-0.110527403652668]],"file_name":"/home/jonas/Downloads/freiburg/rgbd_dataset_freiburg3_long_office_household//rgb/1341848014.706765.png","mnId":112,"t":[3.308258533477783,-1.2509645223617554,1.370305061340332]},{"R":[[-0.4931164085865021,0.3028070330619812,-0.8155636787414551],[-0.598527729511261,0.5622526407241821,0.5706456899642944],[0.6313483715057373,0.7695322632789612,-0.09601758420467377]],"file_name":"/home/jonas/Downloads/freiburg/rgbd_dataset_freiburg3_long_office_household//rgb/1341848014.806669.png","mnId":113,"t":[3.3895647525787354,-1.1763092279434204,1.2718888521194458]},{"R":[[-0.4567529857158661,0.32708945870399475,-0.827278196811676],[-0.5958009958267212,0.5780954957008362,0.5575184226036072],[0.6606041789054871,0.7475413680076599,-0.06916660070419312]],"file_name":"/home/jonas/Downloads/freiburg/rgbd_dataset_freiburg3_long_office_household//rgb/1341848014.906647.png","mnId":114,"t":[3.4719595909118652,-1.1020827293395996,1.1308727264404297]},{"R":[[-0.42338278889656067,0.35406550765037537,-0.8338972330093384],[-0.6021052598953247,0.5777910351753235,0.5510233640670776],[0.6769167184829712,0.7353877425193787,-0.0314420685172081]],"file_name":"/home/jonas/Downloads/freiburg/rgbd_dataset_freiburg3_long_office_household//rgb/1341848015.006657.png","mnId":115,"t":[3.5317673683166504,-1.0770902633666992,0.966214656829834]},{"R":[[-0.3075675666332245,0.35844552516937256,-0.8814300894737244],[-0.6720439195632935,0.5739499926567078,0.4679085612297058],[0.6736165285110474,0.7362732291221619,0.06436272710561752]],"file_name":"/home/jonas/Downloads/freiburg/rgbd_dataset_freiburg3_long_office_household//rgb/1341848015.310598.png","mnId":116,"t":[3.7018024921417236,-0.7611958384513855,0.5771554112434387]},{"R":[[-0.17156700789928436,0.41064393520355225,-0.8955090045928955],[-0.6884132623672485,0.6002650260925293,0.40714743733406067],[0.7047353386878967,0.6863333582878113,0.17970705032348633]],"file_name":"/home/jonas/Downloads/freiburg/rgbd_dataset_freiburg3_long_office_household//rgb/1341848015.542834.png","mnId":117,"t":[3.785274028778076,-0.49448996782302856,0.07068121433258057]},{"R":[[-0.0610383078455925,0.4216158986091614,-0.9047178626060486],[-0.6933459639549255,0.634120523929596,0.34229010343551636],[0.7180150747299194,0.6481752991676331,0.25362005829811096]],"file_name":"/home/jonas/Downloads/freiburg/rgbd_dataset_freiburg3_long_office_household//rgb/1341848015.718057.png","mnId":118,"t":[3.80739426612854,-0.21004916727542877,-0.25873932242393494]},{"R":[[0.046096257865428925,0.4241552948951721,-0.904415488243103],[-0.6723219752311707,0.6827983856201172,0.2859537601470947],[0.7388222217559814,0.5948770046234131,0.3166433572769165]],"file_name":"/home/jonas/Downloads/freiburg/rgbd_dataset_freiburg3_long_office_household//rgb/1341848015.917793.png","mnId":119,"t":[3.7838001251220703,0.05883440375328064,-0.5604440569877625]},{"R":[[0.12293948978185654,0.41838204860687256,-0.899912416934967],[-0.6394392848014832,0.7268633246421814,0.2505735158920288],[0.758948802947998,0.5446339845657349,0.35689011216163635]],"file_name":"/home/jonas/Downloads/freiburg/rgbd_dataset_freiburg3_long_office_household//rgb/1341848016.121844.png","mnId":120,"t":[3.743129253387451,0.2383739948272705,-0.7699030637741089]},{"R":[[0.06159447506070137,0.45752227306365967,-0.8870623111724854],[-0.6180461645126343,0.7153440117835999,0.32603976130485535],[0.7837251424789429,0.5281631946563721,0.3268311321735382]],"file_name":"/home/jonas/Downloads/freiburg/rgbd_dataset_freiburg3_long_office_household//rgb/1341848016.882757.png","mnId":122,"t":[3.8409628868103027,-0.06279314309358597,-0.6524356603622437]},{"R":[[0.05348687618970871,0.4566635191440582,-0.8880301713943481],[-0.6209563612937927,0.7116588354110718,0.32856497168540955],[0.7820181250572205,0.533854067325592,0.3216325342655182]],"file_name":"/home/jonas/Downloads/freiburg/rgbd_dataset_freiburg3_long_office_household//rgb/1341848017.018678.png","mnId":123,"t":[3.8708114624023438,-0.08436547219753265,-0.6111374497413635]},{"R":[[0.04409666359424591,0.4544318616390228,-0.8896893858909607],[-0.6243472099304199,0.7077574133872986,0.33056020736694336],[0.7799013257026672,0.5408984422683716,0.31493300199508667]],"file_name":"/home/jonas/Downloads/freiburg/rgbd_dataset_freiburg3_long_office_household//rgb/1341848017.086845.png","mnId":124,"t":[3.8875010013580322,-0.0976061001420021,-0.5674039721488953]},{"R":[[-6.614335461563314e-07,0.4518267512321472,-0.8921056985855103],[-0.619439959526062,0.700342059135437,0.35470426082611084],[0.7850440144538879,0.5526061654090881,0.279879093170166]],"file_name":"/home/jonas/Downloads/freiburg/rgbd_dataset_freiburg3_long_office_household//rgb/1341848017.218765.png","mnId":125,"t":[3.9230234622955322,-0.20216453075408936,-0.4053081274032593]},{"R":[[-0.03827096149325371,0.4545013904571533,-0.8899235129356384],[-0.5923726558685303,0.7069015502929688,0.38650333881378174],[0.8047546148300171,0.541958212852478,0.24218040704727173]],"file_name":"/home/jonas/Downloads/freiburg/rgbd_dataset_freiburg3_long_office_household//rgb/1341848017.318695.png","mnId":126,"t":[3.944106340408325,-0.3274690806865692,-0.269829660654068]},{"R":[[-0.07474329322576523,0.46483105421066284,-0.8822389245033264],[-0.5751330256462097,0.7026491165161133,0.4189346432685852],[0.8146381974220276,0.5387173295021057,0.21482139825820923]],"file_name":"/home/jonas/Downloads/freiburg/rgbd_dataset_freiburg3_long_office_household//rgb/1341848017.454792.png","m