[{"R":[[1.0,0.0,0.0],[0.0,1.0,0.0],[0.0,0.0,1.0]],"file_name":"/home/jonas/Downloads/freiburg/rgbd_dataset_freiburg3_long_office_household/rgb/1341847980.722988.png","t":[0.0,0.0,0.0]},{"R":[[1.0,0.0,0.0],[0.0,1.0,0.0],[0.0,0.0,1.0]],"file_name":"/home/jonas/Downloads/freiburg/rgbd_dataset_freiburg3_long_office_household/rgb/1341847980.754743.png","t":[0.0,0.0,0.0]},{"R":[[1.0,0.0,0.0],[0.0,1.0,0.0],[0.0,0.0,1.0]],"file_name":"/home/jonas/Downloads/freiburg/rgbd_dataset_freiburg3_long_office_household/rgb/1341847980.786856.png","t":[0.0,0.0,0.0]},{"R":[[1.0,0.0,0.0],[0.0,1.0,0.0],[0.0,0.0,1.0]],"file_name":"/home/jonas/Downloads/freiburg/rgbd_dataset_freiburg3_long_office_household/rgb/1341847980.822978.png","t":[0.0,0.0,0.0]},{"R":[[1.0,0.0,0.0],[0.0,1.0,0.0],[0.0,0.0,1.0]],"file_name":"/home/jonas/Downloads/freiburg/rgbd_dataset_freiburg3_long_office_household/rgb/1341847980.854676.png","t":[0.0,0.0,0.0]},{"R":[[1.0,0.0,0.0],[0.0,1.0,0.0],[0.0,0.0,1.0]],"file_name":"/home/jonas/Downloads/freiburg/rgbd_dataset_freiburg3_long_office_household/rgb/1341847980.890728.png","t":[0.0,0.0,0.0]},{"R":[[1.0,0.0,0.0],[0.0,1.0,0.0],[0.0,0.0,1.0]],"file_name":"/home/jonas/Downloads/freiburg/rgbd_dataset_freiburg3_long_office_household/rgb/1341847980.922978.png","t":[0.0,0.0,0.0]},{"R":[[1.0,0.0,0.0],[0.0,1.0,0.0],[0.0,0.0,1.0]],"file_name":"/home/jonas/Downloads/freiburg/rgbd_dataset_freiburg3_long_office_household/rgb/1341847980.954645.png","t":[0.0,0.0,0.0]},{"R":[[1.0,0.0,0.0],[0.0,1.0,0.0],[0.0,0.0,1.0]],"file_name":"/home/jonas/Downloads/freiburg/rgbd_dataset_freiburg3_long_office_household/rgb/1341847980.990699.png","t":[0.0,0.0,0.0]},{"R":[[1.0,0.0,0.0],[0.0,1.0,0.0],[0.0,0.0,1.0]],"file_name":"/home/jonas/Downloads/freiburg/rgbd_dataset_freiburg3_long_office_household/rgb/1341847981.022715.png","t":[0.0,0.0,0.0]},{"R":[[1.0,0.0,0.0],[0.0,1.0,0.0],[0.0,0.0,1.0]],"file_name":"/home/jonas/Downloads/freiburg/rgbd_dataset_freiburg3_long_office_household/rgb/1341847981.054711.png","t":[0.0,0.0,0.0]},{"R":[[1.0,0.0,0.0],[0.0,1.0,0.0],[0.0,0.0,1.0]],"file_name":"/home/jonas/Downloads/freiburg/rgbd_dataset_freiburg3_long_office_household/rgb/1341847981.090715.png","t":[0.0,0.0,0.0]},{"R":[[1.0,0.0,0.0],[0.0,1.0,0.0],[0.0,0.0,1.0]],"file_name":"/home/jonas/Downloads/freiburg/rgbd_dataset_freiburg3_long_office_household/rgb/1341847981.122985.png","t":[0.0,0.0,0.0]},{"R":[[1.0,0.0,0.0],[0.0,1.0,0.0],[0.0,0.0,1.0]],"file_name":"/home/jonas/Downloads/freiburg/rgbd_dataset_freiburg3_long_office_household/rgb/1341847981.158632.png","t":[0.0,0.0,0.0]},{"R":[[1.0,0.0,0.0],[0.0,1.0,0.0],[0.0,0.0,1.0]],"file_name":"/home/jonas/Downloads/freiburg/rgbd_dataset_freiburg3_long_office_household/rgb/1341847981.190636.png","t":[0.0,0.0,0.0]},{"R":[[1.0,0.0,0.0],[0.0,1.0,0.0],[0.0,0.0,1.0]],"file_name":"/home/jonas/Downloads/freiburg/rgbd_dataset_freiburg3_long_office_household/rgb/1341847981.222978.png","t":[0.0,0.0,0.0]},{"R":[[1.0,0.0,0.0],[0.0,1.0,0.0],[0.0,0.0,1.0]],"file_name":"/home/jonas/Downloads/freiburg/rgbd_dataset_freiburg3_long_office_household/rgb/1341847981.258722.png","t":[0.0,0.0,0.0]},{"R":[[1.0,0.0,0.0],[0.0,1.0,0.0],[0.0,0.0,1.0]],"file_name":"/home/jonas/Downloads/freiburg/rgbd_dataset_freiburg3_long_office_household/rgb/1341847981.290787.png","t":[0.0,0.0,0.0]},{"R":[[1.0,0.0,0.0],[0.0,1.0,0.0],[0.0,0.0,1.0]],"file_name":"/home/jonas/Downloads/freiburg/rgbd_dataset_freiburg3_long_office_household/rgb/1341847981.322892.png","t":[0.0,0.0,0.0]},{"R":[[1.0,0.0,0.0],[0.0,1.0,0.0],[0.0,0.0,1.0]],"file_name":"/home/jonas/Downloads/freiburg/rgbd_dataset_freiburg3_long_office_household/rgb/1341847981.358690.png","t":[0.0,0.0,0.0]},{"R":[[1.0,0.0,0.0],[0.0,1.0,0.0],[0.0,0.0,1.0]],"file_name":"/home/jonas/Downloads/freiburg/rgbd_dataset_freiburg3_long_office_household/rgb/1341847981.390810.png","t":[0.0,0.0,0.0]},{"R":[[1.0,0.0,0.0],[0.0,1.0,0.0],[0.0,0.0,1.0]],"file_name":"/home/jonas/Downloads/freiburg/rgbd_dataset_freiburg3_long_office_household/rgb/1341847981.426707.png","t":[0.0,0.0,0.0]},{"R":[[1.0,0.0,0.0],[0.0,1.0,0.0],[0.0,0.0,1.0]],"file_name":"/home/jonas/Downloads/freiburg/rgbd_dataset_freiburg3_long_office_household/rgb/1341847981.458797.png","t":[0.0,0.0,0.0]},{"R":[[1.0,0.0,0.0],[0.0,1.0,0.0],[0.0,0.0,1.0]],"file_name":"/home/jonas/Downloads/freiburg/rgbd_dataset_freiburg3_long_office_household/rgb/1341847981.490701.png","t":[0.0,0.0,0.0]},{"R":[[1.0,0.0,0.0],[0.0,1.0,0.0],[0.0,0.0,1.0]],"file_name":"/home/jonas/Downloads/freiburg/rgbd_dataset_freiburg3_long_office_household/rgb/1341847981.527039.png","t":[0.0,0.0,0.0]},{"R":[[1.0,0.0,0.0],[0.0,1.0,0.0],[0.0,0.0,1.0]],"file_name":"/home/jonas/Downloads/freiburg/rgbd_dataset_freiburg3_long_office_household/rgb/1341847981.558722.png","t":[0.0,0.0,0.0]},{"R":[[1.0,0.0,0.0],[0.0,1.0,0.0],[0.0,0.0,1.0]],"file_name":"/home/jonas/Downloads/freiburg/rgbd_dataset_freiburg3_long_office_household/rgb/1341847981.594855.png","t":[0.0,0.0,0.0]},{"R":[[0.9996938109397888,0.011237932369112968,-0.022045597434043884],[-0.010993104428052902,0.9998769164085388,0.011195450089871883],[0.02216869778931141,-0.01094967219978571,0.999694287776947]],"file_name":"/home/jonas/Downloads/freiburg/rgbd_dataset_freiburg3_long_office_household/rgb/1341847981.626675.png","t":[0.02848193421959877,-0.0018843321595340967,0.009680689312517643]},{"R":[[0.9997227191925049,0.011172021739184856,-0.02072739228606224],[-0.010911500081419945,0.9998605847358704,0.012639768421649933],[0.02086571417748928,-0.012410096824169159,0.9997052550315857]],"file_name":"/home/jonas/Downloads/freiburg/rgbd_dataset_freiburg3_long_office_household/rgb/1341847981.658738.png","t":[0.028131013736128807,-0.006063820794224739,0.01039501465857029]},{"R":[[0.9997222423553467,0.012049977667629719,-0.020254574716091156],[-0.010889960452914238,0.998346745967865,0.0564376600086689],[0.020901160314679146,-0.05620140954852104,0.9982006549835205]],"file_name":"/home/jonas/Downloads/freiburg/rgbd_dataset_freiburg3_long_office_household/rgb/1341847981.694720.png","t":[0.026801006868481636,-0.057943303138017654,-0.016509851440787315]},{"R":[[0.9996907711029053,0.013439644128084183,-0.020921669900417328],[-0.012202344834804535,0.9982312917709351,0.05818375572562218],[0.02166663482785225,-0.05791047215461731,0.9980866312980652]],"file_name":"/home/jonas/Downloads/freiburg/rgbd_dataset_freiburg3_long_office_household/rgb/1341847981.726650.png","t":[0.028464823961257935,-0.061494093388319016,-0.014825603924691677]},{"R":[[0.9996753334999084,0.013777733780443668,-0.02143241837620735],[-0.012580333277583122,0.9984052181243896,0.05503401160240173],[0.022156482562422752,-0.054746516048908234,0.9982544183731079]],"file_name":"/home/jonas/Downloads/freiburg/rgbd_dataset_freiburg3_long_office_household/rgb/1341847981.758846.png","t":[0.030891794711351395,-0.06073104590177536,-0.015386370941996574]},{"R":[[0.9996957778930664,0.013299072161316872,-0.020771462470293045],[-0.01217388641089201,0.9984996914863586,0.053387440741062164],[0.021450301632285118,-0.053118329495191574,0.9983578324317932]],"file_name":"/home/jonas/Downloads/freiburg/rgbd_dataset_freiburg3_long_office_household/rgb/1341847981.794659.png","t":[0.03177142143249512,-0.0621248297393322,-0.013921203091740608]},{"R":[[0.9997098445892334,0.012729831971228123,-0.020449714735150337],[-0.011750536039471626,0.9988109469413757,0.047314517199993134],[0.0210277047008276,-0.047060493379831314,0.9986706972122192]],"file_name":"/home/jonas/Downloads/freiburg/rgbd_dataset_freiburg3_long_office_household/rgb/1341847981.826678.png","t":[0.032356876879930496,-0.05989685654640198,-0.013658691197633743]},{"R":[[0.9996816515922546,0.010995759628713131,-0.022709477692842484],[-0.009905789978802204,0.99881911277771,0.047563306987285614],[0.023205654695630074,-0.047323208302259445,0.9986100196838379]],"file_name":"/home/jonas/Downloads/freiburg/rgbd_dataset_freiburg3_long_office_household/rgb/1341847981.862719.png","t":[0.03723720461130142,-0.0599595308303833,-0.015299772843718529]},{"R":[[0.9989963173866272,0.01320259552448988,-0.042802844196558],[-0.0109653789550066,0.9985823035240173,0.052087776362895966],[0.04342985525727272,-0.051566146314144135,0.9977248311042786]],"file_name":"/home/jonas/Downloads/freiburg/rgbd_dataset_freiburg3_long_office_household/rgb/1341847981.894631.png","t":[0.06831628084182739,-0.0680401474237442,0.01678604818880558]},{"R":[[0.9990795850753784,0.012594792991876602,-0.04100487008690834],[-0.010730655863881111,0.9989126920700073,0.0453682541847229],[0.04153168946504593,-0.04488648474216461,0.9981284141540527]],"file_name":"/home/jonas/Downloads/freiburg/rgbd_dataset_freiburg3_long_office_household/rgb/1341847981.926602.png","t":[0.06981641799211502,-0.06764622777700424,0.01607559807598591]},{"R":[[0.9990694522857666,0.012890243902802467,-0.04115929454565048],[-0.011192262172698975,0.9990873336791992,0.04122113808989525],[0.04165307804942131,-0.04072211682796478,0.9983019232749939]],"file_name":"/home/jonas/Downloads/freiburg/rgbd_dataset_freiburg3_long_office_household/rgb/1341847981.962757.png","t":[0.07202363014221191,-0.06512068957090378,0.01523382868617773]},{"R":[[0.9995192289352417,0.010901587083935738,-0.02902447059750557],[-0.009831305593252182,0.9992755651473999,0.03676588088274002],[0.029404250904917717,-0.03646285831928253,0.9989023208618164]],"file_name":"/home/jonas/Downloads/freiburg/rgbd_dataset_freiburg3_long_office_household/rgb/1341847981.994808.png","t":[0.059928979724645615,-0.06039108335971832,0.02321700192987919]},{"R":[[0.999509334564209,0.008006959222257137,-0.03028186224400997],[-0.00685167545452714,0.9992517828941345,0.038064222782850266],[0.03056398406624794,-0.03783806413412094,0.9988163709640503]],"file_name":"/home/jonas/Downloads/freiburg/rgbd_dataset_freiburg3_long_office_household/rgb/1341847982.027112.png","t":[0.06379328668117523,-0.0595327690243721,0.022833360359072685]},{"R":[[0.9995353817939758,0.005897975526750088,-0.029903415590524673],[-0.004667140077799559,0.9991456270217896,0.04106435552239418],[0.030120063573122025,-0.04090571403503418,0.9987089037895203]],"file_name":"/home/jonas/Downloads/freiburg/rgbd_dataset_freiburg3_long_office_household/rgb/1341847982.062739.png","t":[0.06609994173049927,-0.059351302683353424,0.02273458242416382]},{"R":[[0.9991735816001892,0.0038050711154937744,-0.040467724204063416],[-0.00212440500035882,0.9991365075111389,0.04149321839213371],[0.040590666234493256,-0.041372958570718765,0.9983189105987549]],"file_name":"/home/jonas/Downloads/freiburg/rgbd_dataset_freiburg3_long_office_household/rgb/1341847982.094786.png","t":[0.08160455524921417,-0.05833839252591133,0.02503383904695511]},{"R":[[0.9991576075553894,0.0016485938103869557,-0.04100491851568222],[3.447538256295957e-05,0.9991586804389954,0.041011009365320206],[0.04103803262114525,-0.040977876633405685,0.9983169436454773]],"file_name":"/home/jonas/Downloads/freiburg/rgbd_dataset_freiburg3_long_office_household/rgb/1341847982.130710.png","t":[0.08572962880134583,-0.053995661437511444,0.022305911406874657]},{"R":[[0.9977449774742126,0.005230191629379988,-0.06691501289606094],[-0.0018297124188393354,0.9987082481384277,0.050778575241565704],[0.06709416210651398,-0.05054163187742233,0.9964657425880432]],"file_name":"/home/jonas/Downloads/freiburg/rgbd_dataset_freiburg3_long_office_household/rgb/1341847982.162730.png","t":[0.12173856794834137,-0.05774221941828728,0.021643949672579765]},{"R":[[0.9981120228767395,0.00591058935970068,-0.06113430857658386],[-0.003050179686397314,0.9989007115364075,0.04677685350179672],[0.06134358420968056,-0.046502068638801575,0.997032880783081]],"file_name":"/home/jonas/Downloads/freiburg/rgbd_dataset_freiburg3_long_office_household/rgb/1341847982.194674.png","t":[0.11678813397884369,-0.05695873871445656,0.02470102347433567]},{"R":[[0.9991018772125244,0.005267614498734474,-0.042044345289468765],[-0.003591824322938919,0.9991998672485352,0.0398341566324234],[0.04222053289413452,-0.03964736685156822,0.9983213543891907]],"file_name":"/home/jonas/Downloads/freiburg/rgbd_dataset_freiburg3_long_office_household/rgb/1341847982.230594.png","t":[0.09056775271892548,-0.05249662697315216,0.029891403391957283]},{"R":[[0.9988877177238464,0.003384560579434037,-0.047030359506607056],[-0.0014210579684004188,0.9991282820701599,0.04172055795788765],[0.04713056981563568,-0.0416073203086853,0.9980218410491943]],"file_name":"/home/jonas/Downloads/freiburg/rgbd_dataset_freiburg3_long_office_household/rgb/1341847982.262666.png","t":[0.09243814647197723,-0.051848769187927246,0.030071603134274483]},{"R":[[0.9983231425285339,0.0014191335067152977,-0.05786934122443199],[0.0006328498129732907,0.999372124671936,0.03542516753077507],[0.057883281260728836,-0.035402387380599976,0.9976954460144043]],"file_name":"/home/jonas/Downloads/freiburg/rgbd_dataset_freiburg3_long_office_household/rgb/1341847982.294994.png","t":[0.10113059729337692,-0.04370144009590149,0.0352921299636364]},{"R":[[0.9996215105056763,0.0025572252925485373,-0.02739105001091957],[-0.0022421434987336397,0.9999310374259949,0.011527637019753456],[0.02741863951086998,-0.011461859568953514,0.9995583295822144]],"file_name":"/home/jonas/Downloads/freiburg/rgbd_dataset_freiburg3_long_office_household/rgb/1341847982.330655.png","t":[0.06327105313539505,-0.013310225680470467,0.05211742967367172]},{"R":[[0.9996126294136047,0.009738712571561337,-0.026073098182678223],[-0.009305042214691639,0.9998171925544739,0.016702823340892792],[0.02623099461197853,-0.016453741118311882,0.999520480632782]],"file_name":"/home/jonas/Downloads/freiburg/rgbd_dataset_freiburg3_long_office_household/rgb/1341847982.362722.png","t":[0.06578579545021057,-0.012784168124198914,0.052828188985586166]},{"R":[[0.9992207288742065,0.015253957360982895,-0.03640345111489296],[-0.013956715352833271,0.9992676973342896,0.03562704473733902],[0.03692024573683739,-0.03509121015667915,0.9987019300460815]],"file_name":"/home/jonas/Downloads/freiburg/rgbd_dataset_freiburg3_long_office_household/rgb/1341847982.398909.png","t":[0.0851854532957077,-0.029376056045293808,0.0529215969145298]},{"R":[[0.9992614984512329,0.016558069735765457,-0.03467416390776634],[-0.01531216036528349,0.9992382526397705,0.03589431568980217],[0.035242095589637756,-0.035336874425411224,0.9987538456916809]],"file_name":"/home/jonas/Downloads/freiburg/rgbd_dataset_freiburg3_long_office_household/rgb/1341847982.430770.png","t":[0.08305775374174118,-0.027461949735879898,0.0541592538356781]},{"R":[[0.9992293119430542,0.016853632405400276,-0.035449761897325516],[-0.01587069034576416,0.9994866847991943,0.02782876044511795],[0.03590058162808418,-0.027244701981544495,0.9989839196205139]],"file_name":"/home/jonas/Downloads/freiburg/rgbd_dataset_freiburg3_long_office_household/rgb/1341847982.462624.png","t":[0.07772143185138702,-0.01692858338356018,0.06444019824266434]},{"R":[[0.9989562034606934,0.017657794058322906,-0.04212705045938492],[-0.01644221507012844,0.9994433522224426,0.02902911603450775],[0.042616188526153564,-0.028306152671575546,0.9986904263496399]],"file_name":"/home/jonas/Downloads/freiburg/rgbd_dataset_freiburg3_long_office_household/rgb/1341847982.498616.png","t":[0.08004168421030045,-0.019171373918652534,0.06620607525110245]},{"R":[[0.999129593372345,0.019604483619332314,-0.03681960329413414],[-0.018507858738303185,0.9993817806243896,0.029892047867178917],[0.037382859736680984,-0.029184577986598015,0.9988747835159302]],"file_name":"/home/jonas/Downloads/freiburg/rgbd_dataset_freiburg3_long_office_household/rgb/1341847982.530757.png","t":[0.07102952897548676,-0.023466920480132103,0.06792952120304108]},{"R":[[0.9989718794822693,0.021928397938609123,-0.039677176624536514],[-0.020872587338089943,0.999422013759613,0.026831453666090965],[0.04024261608719826,-0.025975702330470085,0.9988522529602051]],"file_name":"/home/jonas/Downloads/freiburg/rgbd_dataset_freiburg3_long_office_household/rgb/1341847982.566660.png","t":[0.07169200479984283,-0.02399566024541855,0.06984691321849823]},{"R":[[0.9996506571769714,0.022888092324137688,-0.01321784034371376],[-0.02278946526348591,0.9997116923332214,0.007564729545265436],[0.013387171551585197,-0.007260859478265047,0.9998840093612671]],"file_name":"/home/jonas/Downloads/freiburg/rgbd_dataset_freiburg3_long_office_household/rgb/1341847982.598726.png","t":[0.034736309200525284,-0.009186357259750366,0.08122122287750244]},{"R":[[0.9995555877685547,0.023055465891957283,-0.018897319212555885],[-0.022927017882466316,0.9997127056121826,0.006985914893448353],[0.019052954390645027,-0.00654955068603158,0.9997970461845398]],"file_name":"/home/jonas/Downloads/freiburg/rgbd_dataset_freiburg3_long_office_household/rgb/1341847982.630723.png","t":[0.03660629689693451,-0.010017367079854012,0.08037972450256348]},{"R":[[0.9993703961372375,0.024117643013596535,-0.02602282539010048],[-0.023938992992043495,0.9996877908706665,0.0071549853309988976],[0.026187263429164886,-0.006527520250529051,0.9996357560157776]],"file_name":"/home/jonas/Downloads/freiburg/rgbd_dataset_freiburg3_long_office_household/rgb/1341847982.666620.png","t":[0.040243491530418396,-0.013197812251746655,0.0790611207485199]},{"R":[[0.9991195201873779,0.02443861775100231,-0.034101370722055435],[-0.024307601153850555,0.9996954798698425,0.0042513394728302956],[0.034194882959127426,-0.0034186739940196276,0.9994093179702759]],"file_name":"/home/jonas/Downloads/freiburg/rgbd_dataset_freiburg3_long_office_household/rgb/1341847982.698638.png","t":[0.04366135597229004,-0.013078433461487293,0.0787266194820404]},{"R":[[0.998895525932312,0.024501577019691467,-0.04009254276752472],[-0.024512559175491333,0.9996994733810425,0.00021774163178633898],[0.04008582979440689,0.0007652696804143488,0.99919593334198]],"file_name":"/home/jonas/Downloads/freiburg/rgbd_dataset_freiburg3_long_office_household/rgb/1341847982.730674.png","t":[0.044192079454660416,-0.010374651290476322,0.08071307837963104]},{"R":[[0.9985913634300232,0.026945965364575386,-0.04570750892162323],[-0.026922347024083138,0.9996368885040283,0.001132352976128459],[0.045721426606178284,9.979557216865942e-05,0.9989542365074158]],"file_name":"/home/jonas/Downloads/freiburg/rgbd_dataset_freiburg3_long_office_household/rgb/1341847982.766706.png","t":[0.04783952981233597,-0.010149181820452213,0.08030079305171967]},{"R":[[0.9983358383178711,0.030326133593916893,-0.04904943332076073],[-0.030358601361513138,0.9995390772819519,8.308414544444531e-05],[0.04902934283018112,0.0014061263063922524,0.9987963438034058]],"file_name":"/home/jonas/Downloads/freiburg/rgbd_dataset_freiburg3_long_office_household/rgb/1341847982.798737.png","t":[0.05059349909424782,-0.008682964369654655,0.08084087818861008]},{"R":[[0.9975758790969849,0.03217094764113426,-0.06170402839779854],[-0.03166098892688751,0.9994561076164246,0.00922485999763012],[0.06196724250912666,-0.007248886860907078,0.9980518817901611]],"file_name":"/home/jonas/Downloads/freiburg/rgbd_dataset_freiburg3_long_office_household/rgb/1341847982.834747.png","t":[0.06600470095872879,-0.016511982306838036,0.08287672698497772]},{"R":[[0.9972776770591736,0.03485848009586334,-0.06497818976640701],[-0.0341070257127285,0.9993382692337036,0.012638673186302185],[0.06537575274705887,-0.010388053022325039,0.9978066682815552]],"file_name":"/home/jonas/Downloads/freiburg/rgbd_dataset_freiburg3_long_office_household/rgb/1341847982.866670.png","t":[0.07275319844484329,-0.014073185622692108,0.08369763195514679]},{"R":[[0.9962846040725708,0.04036417230963707,-0.07607701420783997],[-0.038194745779037476,0.9988270998001099,0.029759172350168228],[0.07718899101018906,-0.026742862537503242,0.9966577291488647]],"file_name":"/home/jonas/Downloads/freiburg/rgbd_dataset_freiburg3_long_office_household/rgb/1341847982.898700.png","t":[0.09215083718299866,-0.029588231816887856,0.0798627957701683]},{"R":[[0.9963908195495605,0.04637698456645012,-0.07109524309635162],[-0.043511610478162766,0.9981973767280579,0.041336316615343094],[0.07288413494825363,-0.03809365630149841,0.9966126680374146]],"file_name":"/home/jonas/Downloads/freiburg/rgbd_dataset_freiburg3_long_office_household/rgb/1341847982.934803.png","t":[0.09552861005067825,-0.046143606305122375,0.0789918452501297]},{"R":[[0.9972183704376221,0.047817256301641464,-0.057175859808921814],[-0.045326732099056244,0.9979987740516663,0.04409053176641464],[0.05916972458362579,-0.04137629270553589,0.99739009141922]],"file_name":"/home/jonas/Downloads/freiburg/rgbd_dataset_freiburg3_long_office_household/rgb/1341847982.966708.png","t":[0.08563404530286789,-0.05298396572470665,0.07753608375787735]},{"R":[[0.9970909953117371,0.0444766990840435,-0.06189848855137825],[-0.04206673800945282,0.9983254075050354,0.03970789536833763],[0.06356091052293777,-0.0369885191321373,0.9972922801971436]],"file_name":"/home/jonas/Downloads/freiburg/rgbd_dataset_freiburg3_long_office_household/rgb/1341847982.998783.png","t":[0.0915568545460701,-0.050482433289289474,0.0784294605255127]},{"R":[[0.9976542592048645,0.044076550751924515,-0.05237554758787155],[-0.042309194803237915,0.9985126256942749,0.03438711166381836],[0.05381331220269203,-0.032090481370687485,0.9980352520942688]],"file_name":"/home/jonas/Downloads/freiburg/rgbd_dataset_freiburg3_long_office_household/rgb/1341847983.034693.png","t":[0.08057127892971039,-0.04811529070138931,0.08061528950929642]},{"R":[[0.9975151419639587,0.0460599921643734,-0.05331065505743027],[-0.044425759464502335,0.9985176920890808,0.031444936990737915],[0.054679982364177704,-0.02899843640625477,0.9980827569961548]],"file_name":"/home/jonas/Downloads/freiburg/rgbd_dataset_freiburg3_long_office_household/rgb/1341847983.066707.png","t":[0.08683609217405319,-0.04799308255314827,0.08052413910627365]},{"R":[[0.9976099729537964,0.04780349135398865,-0.04989107325673103],[-0.04641826078295708,0.9985135793685913,0.028564531356096268],[0.051182400435209274,-0.026180405169725418,0.9983460903167725]],"file_name":"/home/jonas/Downloads/freiburg/rgbd_dataset_freiburg3_long_office_household/rgb/1341847983.102757.png","t":[0.08742500841617584,-0.047250859439373016,0.0812235102057457]},{"R":[[0.9972895383834839,0.050241902470588684,-0.05375199392437935],[-0.048603612929582596,0.9983255863189697,0.03136443719267845],[0.055237799882888794,-0.028666885569691658,0.9980615973472595]],"file_name":"/home/jonas/Downloads/freiburg/rgbd_dataset_freiburg3_long_office_household/rgb/1341847983.134717.png","t":[0.09737412631511688,-0.04902965947985649,0.08384846895933151]},{"R":[[0.9972371459007263,0.053129587322473526,-0.051916200667619705],[-0.05139918625354767,0.9980952739715576,0.03411674499511719],[0.05362992361187935,-0.03135403245687485,0.9980685114860535]],"file_name":"/home/jonas/Downloads/freiburg/rgbd_dataset_freiburg3_long_office_household/rgb/1341847983.166651.png","t":[0.10231080651283264,-0.04966302588582039,0.08451569080352783]},{"R":[[0.9971421360969543,0.05515570193529129,-0.05162806436419487],[-0.05342458561062813,0.9979815483093262,0.03433147445321083],[0.05341742932796478,-0.03147515282034874,0.9980760812759399]],"file_name":"/home/jonas/Downloads/freiburg/rgbd_dataset_freiburg3_long_office_household/rgb/1341847983.202653.png","t":[0.1101992130279541,-0.050644319504499435,0.0886639803647995]},{"R":[[0.9972249269485474,0.05560794100165367,-0.049499742686748505],[-0.05405837669968605,0.9980213046073914,0.03211222589015961],[0.05118749290704727,-0.029347233474254608,0.9982577562332153]],"file_name":"/home/jonas/Downloads/freiburg/rgbd_dataset_freiburg3_long_office_household/rgb/1341847983.234717.png","t":[0.11286025494337082,-0.05068090185523033,0.08939110487699509]},{"R":[[0.9973681569099426,0.053150154650211334,-0.04931344836950302],[-0.05196341872215271,0.9983349442481995,0.025043794885277748],[0.05056241899728775,-0.022415388375520706,0.998469352722168]],"file_name":"/home/jonas/Downloads/freiburg/rgbd_dataset_freiburg3_long_office_household/rgb/1341847983.266753.png","t":[0.11437518149614334,-0.04830469936132431,0.09100374579429626]},{"R":[[0.9974116086959839,0.05120224878191948,-0.05048131197690964],[-0.05029837787151337,0.9985531568527222,0.019016532227396965],[0.05138196423649788,-0.016428183764219284,0.998543918132782]],"file_name":"/home/jonas/Downloads/freiburg/rgbd_dataset_freiburg3_long_office_household/rgb/1341847983.302701.png","t":[0.11470094323158264,-0.04745863750576973,0.09181560575962067]},{"R":[[0.9975415468215942,0.04836452007293701,-0.05071258544921875],[-0.047945138067007065,0.9988052248954773,0.00945464987307787],[0.05110926553606987,-0.0069999839179217815,0.9986685514450073]],"file_name":"/home/jonas/Downloads/freiburg/rgbd_dataset_freiburg3_long_office_household/rgb/1341847983.334718.png","t":[0.11257332563400269,-0.039324916899204254,0.09472120553255081]},{"R":[[0.9970935583114624,0.04806221276521683,-0.05911416560411453],[-0.047538381069898605,0.998816967010498,0.010236783884465694],[0.05953623354434967,-0.0073968395590782166,0.9981987476348877]],"file_name":"/home/jonas/Downloads/freiburg/rgbd_dataset_freiburg3_long_office_household/rgb/1341847983.370887.png","t":[0.1198180764913559,-0.03883654251694679,0.09250374138355255]},{"R":[[0.9961641430854797,0.0514240525662899,-0.07079954445362091],[-0.050817009061574936,0.9986543655395508,0.010349961929023266],[0.0712365061044693,-0.006712439935654402,0.9974368810653687]],"file_name":"/home/jonas/Downloads/freiburg/rgbd_dataset_freiburg3_long_office_household/rgb/1341847983.402670.png","t":[0.13772615790367126,-0.03657762333750725,0.09384115040302277]},{"R":[[0.9959806799888611,0.057920072227716446,-0.06832098960876465],[-0.0573665015399456,0.998302698135376,0.01003845315426588],[0.06878645718097687,-0.006078769452869892,0.9976128935813904]],"file_name":"/home/jonas/Downloads/freiburg/rgbd_dataset_freiburg3_long_office_household/rgb/1341847983.434705.png","t":[0.14274990558624268,-0.04025335609912872,0.09451734274625778]},{"R":[[0.9960869550704956,0.05509495735168457,-0.06910377740859985],[-0.05459379032254219,0.998466968536377,0.009121572598814964],[0.0695003941655159,-0.005313242319971323,0.9975677728652954]],"file_name":"/home/jonas/Downloads/freiburg/rgbd_dataset_freiburg3_long_office_household/rgb/1341847983.470674.png","t":[0.1480775624513626,-0.03985685110092163,0.09223957359790802]},{"R":[[0.9961815476417542,0.04867565259337425,-0.07247733324766159],[-0.04816614091396332,0.9988009333610535,0.008762219920754433],[0.07281693071126938,-0.005237808916717768,0.9973315596580505]],"file_name":"/home/jonas/Downloads/freiburg/rgbd_dataset_freiburg3_long_office_household/rgb/1341847983.502767.png","t":[0.14907442033290863,-0.03504662588238716,0.09616189450025558]},{"R":[[0.9951434135437012,0.04699260741472244,-0.08649426698684692],[-0.04619358479976654,0.9988695383071899,0.011217375285923481],[0.08692362159490585,-0.007167417090386152,0.9961891770362854]],"file_name":"/home/jonas/Downloads/freiburg/rgbd_dataset_freiburg3_long_office_household/rgb/1341847983.534806.png","t":[0.15969903767108917,-0.03599483519792557,0.09188802540302277]},{"R":[[0.9943433403968811,0.04851950332522392,-0.09448383748531342],[-0.04754157364368439,0.9987900853157043,0.012575178407132626],[0.0949796587228775,-0.008012134581804276,0.9954469799995422]],"file_name":"/home/jonas/Downloads/freiburg/rgbd_dataset_freiburg3_long_office_household/rgb/1341847983.570684.png","t":[0.16877003014087677,-0.03857460618019104,0.09287718683481216]},{"R":[[0.9938641786575317,0.049901701509952545,-0.09871067106723785],[-0.04859248548746109,0.9986964464187622,0.01562467124313116],[0.09936169534921646,-0.010732203722000122,0.9949935078620911]],"file_name":"/home/jonas/Downloads/freiburg/rgbd_dataset_freiburg3_long_office_household/rgb/1341847983.602741.png","t":[0.17745840549468994,-0.039409611374139786,0.08903345465660095]},{"R":[[0.993687629699707,0.05015287548303604,-0.10034742951393127],[-0.04862776771187782,0.9986621141433716,0.017588550224900246],[0.1010952889919281,-0.012597852386534214,0.9947969913482666]],"file_name":"/home/jonas/Downloads/freiburg/rgbd_dataset_freiburg3_long_office_household/rgb/1341847983.638729.png","t":[0.18156698346138,-0.0383094847202301,0.09237752109766006]},{"R":[[0.9930572509765625,0.049752019345760345,-0.10659270733594894],[-0.04778749495744705,0.9986386895179749,0.020907355472445488],[0.10748778283596039,-0.01566840335726738,0.9940829277038574]],"file_name":"/home/jonas/Downloads/freiburg/rgbd_dataset_freiburg3_long_office_household/rgb/1341847983.670715.png","t":[0.18991397321224213,-0.03667285665869713,0.09329406917095184]},{"R":[[0.9919623136520386,0.0552554614841938,-0.1138312891125679],[-0.05236152186989784,0.9982282519340515,0.02826031483709812],[0.11519114673137665,-0.022072788327932358,0.9930980801582336]],"file_name":"/home/jonas/Downloads/freiburg/rgbd_dataset_freiburg3_long_office_household/rgb/1341847983.702857.png","t":[0.2034473568201065,-0.03911688178777695,0.0997217670083046]},{"R":[[0.9919723868370056,0.05923039838671684,-0.111725352704525],[-0.05623220279812813,0.997972846031189,0.02980109304189682],[0.11326400190591812,-0.023279298096895218,0.9932921528816223]],"file_name":"/home/jonas/Downloads/freiburg/rgbd_dataset_freiburg3_long_office_household/rgb/1341847983.738736.png","t":[0.20789802074432373,-0.039777591824531555,0.10265939682722092]},{"R":[[0.9922683238983154,0.06170053407549858,-0.10768747329711914],[-0.058667201548814774,0.9977925419807434,0.03111531212925911],[0.10936959087848663,-0.024557016789913177,0.9936977624893188]],"file_name":"/home/jonas/Downloads/freiburg/rgbd_dataset_freiburg3_long_office_household/rgb/1341847983.770707.png","t":[0.21023571491241455,-0.03986021503806114,0.11311990022659302]},{"R":[[0.9922062158584595,0.0603100024163723,-0.10903904587030411],[-0.057118047028779984,0.9978491067886353,0.03216646984219551],[0.11074447631835938,-0.025687675923109055,0.9935168623924255]],"file_name":"/home/jonas/Downloads/freiburg/rgbd_dataset_freiburg3_long_office_household/rgb/1341847983.806672.png","t":[0.21413098275661469,-0.036869801580905914,0.11521323770284653]},{"R":[[0.9915959239006042,0.06148506700992584,-0.11382928490638733],[-0.05753310024738312,0.9976320266723633,0.03768698498606682],[0.11587692052125931,-0.030821310356259346,0.9927852749824524]],"file_name":"/home/jonas/Downloads/freiburg/rgbd_dataset_freiburg3_long_office_household/rgb/1341847983.838719.png","t":[0.22380058467388153,-0.03461938723921776,0.11789778620004654]},{"R":[[0.9913875460624695,0.06894516199827194,-0.1113431304693222],[-0.06432688236236572,0.9969337582588196,0.04455497860908508],[0.11407357454299927,-0.037008896470069885,0.992782711982727]],"file_name":"/home/jonas/Downloads/freiburg/rgbd_dataset_freiburg3_long_office_household/rgb/1341847983.870712.png","t":[0.23116612434387207,-0.04183937609195709,0.1272786408662796]},{"R":[[0.9914080500602722,0.07432160526514053,-0.10764028877019882],[-0.06974882632493973,0.9965196847915649,0.045646507292985916],[0.1106581836938858,-0.037746530026197433,0.9931414723396301]],"file_name":"/home/jonas/Downloads/freiburg/rgbd_dataset_freiburg3_long_office_household/rgb/1341847983.906692.png","t":[0.23920319974422455,-0.04406420886516571,0.1275525540113449]},{"R":[[0.9919941425323486,0.07620982825756073,-0.10069570690393448],[-0.07200558483600616,0.9963997602462769,0.044751979410648346],[0.10374371707439423,-0.037143051624298096,0.9939102530479431]],"file_name":"/home/jonas/Downloads/freiburg/rgbd_dataset_freiburg3_long_office_household/rgb/1341847983.938757.png","t":[0.23965288698673248,-0.04476401209831238,0.13636083900928497]},{"R":[[0.9923861026763916,0.07385237514972687,-0.09856779128313065],[-0.07010657340288162,0.9966988563537598,0.04094427078962326],[0.10126624256372452,-0.033722277730703354,0.9942876696586609]],"file_name":"/home/jonas/Downloads/freiburg/rgbd_dataset_freiburg3_long_office_household/rgb/1341847983.970809.png","t":[0.23728172481060028,-0.044430460780858994,0.13684462010860443]},{"R":[[0.9920147061347961,0.07175040245056152,-0.10372442752122879],[-0.06804373860359192,0.9969257116317749,0.03884752839803696],[0.10619287937879562,-0.031479522585868835,0.993847131729126]],"file_name":"/home/jonas/Downloads/freiburg/rgbd_dataset_freiburg3_long_office_household/rgb/1341847984.006722.png","t":[0.24362812936306,-0.04497779533267021,0.1385556310415268]},{"R":[[0.9913398027420044,0.07224951684474945,-0.10966037213802338],[-0.06847643107175827,0.9969365000724792,0.037796396762132645],[0.11205519735813141,-0.029959922656416893,0.9932502508163452]],"file_name":"/home/jonas/Downloads/freiburg/rgbd_dataset_freiburg3_long_office_household/rgb/1341847984.038718.png","t":[0.2504037618637085,-0.04828307405114174,0.1409042477607727]},{"R":[[0.9912283420562744,0.06986884027719498,-0.11218156665563583],[-0.06647951155900955,0.9972192049026489,0.03367910534143448],[0.11422273516654968,-0.025925908237695694,0.9931167960166931]],"file_name":"/home/jonas/Downloads/freiburg/rgbd_dataset_freiburg3_long_office_household/rgb/1341847984.074737.png","t":[0.2520107924938202,-0.050820913165807724,0.14613200724124908]},{"R":[[0.9913813471794128,0.06832870841026306,-0.11177758872509003],[-0.0652812272310257,0.9973943829536438,0.030704529955983162],[0.11358433961868286,-0.023142920807003975,0.9932587742805481]],"file_name":"/home/jonas/Downloads/freiburg/rgbd_dataset_freiburg3_long_office_household/rgb/1341847984.106759.png","t":[0.24737203121185303,-0.05652809888124466,0.12230578809976578]},{"R":[[0.9911586046218872,0.06702224910259247,-0.114510677754879],[-0.06395678967237473,0.9974943399429321,0.030241651460528374],[0.11625061929225922,-0.02265053614974022,0.992961585521698]],"file_name":"/home/jonas/Downloads/freiburg/rgbd_dataset_freiburg3_long_office_household/rgb/1341847984.138698.png","t":[0.25110068917274475,-0.056381210684776306,0.10658202320337296]},{"R":[[0.991442859172821,0.06328557431697845,-0.11417543888092041],[-0.06042645499110222,0.9977704286575317,0.028334423899650574],[0.11571403592824936,-0.021192744374275208,0.9930564761161804]],"file_name":"/home/jonas/Downloads/freiburg/rgbd_dataset_freiburg3_long_office_household/rgb/1341847984.174831.png","t":[0.25419142842292786,-0.061260003596544266,0.1117226853966713]},{"R":[[0.9910516738891602,0.0590762235224247,-0.11969365924596786],[-0.057307176291942596,0.998191237449646,0.018171310424804688],[0.12055065482854843,-0.011149401776492596,0.9926445484161377]],"file_name":"/home/jonas/Downloads/freiburg/rgbd_dataset_freiburg3_long_office_household/rgb/1341847984.206711.png","t":[0.26323941349983215,-0.060397543013095856,0.10873448103666306]},{"R":[[0.9917343258857727,0.06074758619070053,-0.1130165159702301],[-0.05894928425550461,0.9980764985084534,0.019189320504665375],[0.11396484076976776,-0.012368465773761272,0.9934077858924866]],"file_name":"/home/jonas/Downloads/freiburg/rgbd_dataset_freiburg3_long_office_household/rgb/1341847984.238670.png","t":[0.26260727643966675,-0.06386962532997131,0.09605897963047028]},{"R":[[0.9918393492698669,0.06267978250980377,-0.11102240532636642],[-0.061371006071567535,0.9979997277259827,0.015170156955718994],[0.11175119131803513,-0.008232802152633667,0.9937021136283875]],"file_name":"/home/jonas/Downloads/freiburg/rgbd_dataset_freiburg3_long_office_household/rgb/1341847984.274795.png","t":[0.2684721052646637,-0.06575509160757065,0.09559275209903717]},{"R":[[0.9913282990455627,0.06174728646874428,-0.11599785089492798],[-0.06069698557257652,0.9980770945549011,0.012568442150950432],[0.11655086278915405,-0.005418731831014156,0.9931699633598328]],"file_name":"/home/jonas/Downloads/freiburg/rgbd_dataset_freiburg3_long_office_household/rgb/1341847984.306662.png","t":[0.2798064351081848,-0.06984943151473999,0.09613469243049622]},{"R":[[0.9912853240966797,0.061586055904626846,-0.11644992977380753],[-0.060904860496520996,0.9980992674827576,0.009402384981513023],[0.11680764704942703,-0.0022280793637037277,0.9931520819664001]],"file_name":"/home/jonas/Downloads/freiburg/rgbd_dataset_freiburg3_long_office_household/rgb/1341847984.343094.png","t":[0.2862606942653656,-0.07094232738018036,0.09262995421886444]},{"R":[[0.9914340972900391,0.06431905180215836,-0.11367247253656387],[-0.06406921148300171,0.997928261756897,0.005853616166859865],[0.11381347477436066,0.0014794310554862022,0.9935010075569153]],"file_name":"/home/jonas/Downloads/freiburg/rgbd_dataset_freiburg3_long_office_household/rgb/1341847984.374794.png","t":[0.2919367253780365,-0.07194916903972626,0.09125030785799026]},{"R":[[0.991240918636322,0.0673338770866394,-0.1136113703250885],[-0.06742289662361145,0.9977197647094727,0.0030631646513938904],[0.1135585680603981,0.004623673390597105,0.9935205578804016]],"file_name":"/home/jonas/Downloads/freiburg/rgbd_dataset_freiburg3_long_office_household/rgb/1341847984.406718.png","t":[0.3018449544906616,-0.07567454129457474,0.08679433166980743]},{"R":[[0.9905892014503479,0.06866137683391571,-0.11840049177408218],[-0.06948866695165634,0.9975786209106445,-0.0028682323172688484],[0.11791685968637466,0.011068732477724552,0.9929617643356323]],"file_name":"/home/jonas/Downloads/freiburg/rgbd_dataset_freiburg3_long_office_household/rgb/1341847984.442894.png","t":[0.31370896100997925,-0.07357721030712128,0.08956975489854813]},{"R":[[0.9906377196311951,0.06798214465379715,-0.11838645488023758],[-0.06881511211395264,0.9976250529289246,-0.002957764081656933],[0.11790421605110168,0.0110768498852849,0.9929631948471069]],"file_name":"/home/jonas/Downloads/freiburg/rgbd_dataset_freiburg3_long_office_household/rgb/1341847984.474640.png","t":[0.3181113004684448,-0.07241718471050262,0.08748374879360199]},{"R":[[0.9901199340820313,0.0662994533777237,-0.12355942279100418],[-0.06770160794258118,0.9976797699928284,-0.007179404143244028],[0.12279675155878067,0.015473642386496067,0.9923111796379089]],"file_name":"/home/jonas/Downloads/freiburg/rgbd_dataset_freiburg3_long_office_household/rgb/1341847984.506747.png","t":[0.3275139331817627,-0.06915640085935593,0.08746204525232315]},{"R":[[0.989820659160614,0.0670800730586052,-0.12552005052566528],[-0.06873621046543121,0.9975951313972473,-0.008905136026442051],[0.12462082505226135,0.017442259937524796,0.9920511245727539]],"file_name":"/home/jonas/Downloads/freiburg/rgbd_dataset_freiburg3_long_office_household/rgb/1341847984.542747.png","t":[0.3290230333805084,-0.06751733273267746,0.08616787195205688]},{"R":[[0.9887638092041016,0.06787414848804474,-0.1331889033317566],[-0.06985142827033997,0.9975050091743469,-0.010224238969385624],[0.13216263055801392,0.019412793219089508,0.991037905216217]],"file_name":"/home/jonas/Downloads/freiburg/rgbd_dataset_freiburg3_long_office_household/rgb/1341847984.574807.png","t":[0.3353077471256256,-0.06935589015483856,0.08304131776094437]},{"R":[[0.9883410334587097,0.06711602210998535,-0.1366654634475708],[-0.06909457594156265,0.9975621700286865,-0.009780107997357845],[0.13567589223384857,0.019108925014734268,0.990568995475769]],"file_name":"/home/jonas/Downloads/freiburg/rgbd_dataset_freiburg3_long_office_household/rgb/1341847984.610792.png","t":[0.3440991938114166,-0.06547818332910538,0.07623978704214096]},{"R":[[0.9886584877967834,0.07013950496912003,-0.13279616832733154],[-0.07133848965167999,0.9974429607391357,-0.004286624491214752],[0.13215593993663788,0.013711485080420971,0.9911341071128845]],"file_name":"/home/jonas/Downloads/freiburg/rgbd_dataset_freiburg3_long_office_household/rgb/1341847984.642667.png","t":[0.34739983081817627,-0.06446492671966553,0.07051845639944077]},{"R":[[0.9887866973876953,0.07247097790241241,-0.13057096302509308],[-0.07354340702295303,0.9972862005233765,-0.003403825918212533],[0.12996993958950043,0.012968291528522968,0.9914331436157227]],"file_name":"/home/jonas/Downloads/freiburg/rgbd_dataset_freiburg3_long_office_household/rgb/1341847984.674804.png","t":[0.34967783093452454,-0.06409157812595367,0.06711862236261368]},{"R":[[0.9879598021507263,0.07221387326717377,-0.13682323694229126],[-0.07317796349525452,0.997316837310791,-0.0020228533539921045],[