0 1 0 0 -0 0 1 0 -0 0 0 1 -0
1 1 0 0 -0 0 1 0 -0 0 0 1 -0
2 1 0 0 -0 0 1 0 -0 0 0 1 -0
3 1 0 0 -0 0 1 0 -0 0 0 1 -0
4 1 0 0 -0 0 1 0 -0 0 0 1 -0
5 1 0 0 -0 0 1 0 -0 0 0 1 -0
6 1 0 0 -0 0 1 0 -0 0 0 1 -0
7 1 0 0 -0 0 1 0 -0 0 0 1 -0
8 1 0 0 -0 0 1 0 -0 0 0 1 -0
9 1 0 0 -0 0 1 0 -0 0 0 1 -0
10 1 0 0 -0 0 1 0 -0 0 0 1 -0
11 1 0 0 -0 0 1 0 -0 0 0 1 -0
12 1 0 0 -0 0 1 0 -0 0 0 1 -0
13 1 0 0 -0 0 1 0 -0 0 0 1 -0
14 1 0 0 -0 0 1 0 -0 0 0 1 -0
15 1 0 0 -0 0 1 0 -0 0 0 1 -0
16 1 0 0 -0 0 1 0 -0 0 0 1 -0
17 1 0 0 -0 0 1 0 -0 0 0 1 -0
18 1 0 0 -0 0 1 0 -0 0 0 1 -0
19 1 0 0 -0 0 1 0 -0 0 0 1 -0
20 1 0 0 -0 0 1 0 -0 0 0 1 -0
21 1 0 0 -0 0 1 0 -0 0 0 1 -0
22 1 0 0 -0 0 1 0 -0 0 0 1 -0
23 1 0 0 -0 0 1 0 -0 0 0 1 -0
24 1 0 0 -0 0 1 0 -0 0 0 1 -0
25 1 0 0 -0 0 1 0 -0 0 0 1 -0
26 1 0 0 -0 0 1 0 -0 0 0 1 -0
27 0.999694 -0.0109931 0.0221687 -0.0287085 0.0112379 0.999877 -0.0109497 0.00167002 -0.0220456 0.0111955 0.999694 -0.00902873
28 0.999723 -0.0109115 0.0208657 -0.0284063 0.011172 0.999861 -0.0124101 0.0058777 -0.0207274 0.0126398 0.999705 -0.00973222
29 0.999722 -0.01089 0.0209012 -0.0270795 0.01205 0.998347 -0.0562014 0.0565967 -0.0202546 0.0564377 0.998201 0.0202932
30 0.999691 -0.0122023 0.0216666 -0.0288852 0.0134396 0.998231 -0.0579105 0.0601442 -0.0209217 0.0581838 0.998087 0.0189707
31 0.999675 -0.0125803 0.0221565 -0.0313049 0.0137777 0.998405 -0.0547465 0.0593662 -0.0214324 0.055034 0.998254 0.0193639
32 0.999696 -0.0121739 0.0214503 -0.0322194 0.0132991 0.9985 -0.0531183 0.0608696 -0.0207715 0.0533874 0.998358 0.017875
33 0.99971 -0.0117505 0.0210277 -0.0327641 0.0127298 0.998811 -0.0470605 0.058771 -0.0204497 0.0473145 0.998671 0.0171362
34 0.999682 -0.00990579 0.0232057 -0.0374643 0.0109958 0.998819 -0.0473232 0.0587552 -0.0227095 0.0475633 0.99861 0.018976
35 0.998996 -0.0109654 0.0434299 -0.0697228 0.0132026 0.998582 -0.0515661 0.0679073 -0.0428028 0.0520878 0.997725 -0.0102797
36 0.99908 -0.0107307 0.0415317 -0.0711457 0.0125948 0.998913 -0.0448865 0.0674149 -0.0410049 0.0453683 0.998128 -0.0101137
37 0.999069 -0.0111923 0.0416531 -0.07332 0.0128902 0.999087 -0.0407221 0.0647532 -0.0411593 0.0412211 0.998302 -0.00955917
38 0.999519 -0.00983131 0.0294043 -0.0611766 0.0109016 0.999276 -0.0364629 0.0605406 -0.0290245 0.0367659 0.998902 -0.0192318
39 0.999509 -0.00685168 0.030564 -0.0648678 0.00800696 0.999252 -0.0378381 0.0598414 -0.0302819 0.0380642 0.998816 -0.0186085
40 0.999535 -0.00466714 0.0301201 -0.067031 0.00589798 0.999146 -0.0409057 0.0598407 -0.0299034 0.0410644 0.998709 -0.0182914
41 0.999174 -0.00212441 0.0405907 -0.0826772 0.00380507 0.999137 -0.041373 0.0590132 -0.0404677 0.0414932 0.998319 -0.0192688
42 0.999158 3.44754e-05 0.041038 -0.0865709 0.00164859 0.999159 -0.0409779 0.0547229 -0.0410049 0.041011 0.998317 -0.0165386
43 0.997745 -0.00182971 0.0670942 -0.123022 0.00523019 0.998708 -0.0505416 0.0581248 -0.066915 0.0507786 0.996466 -0.0104892
44 0.998112 -0.00305018 0.0613436 -0.118257 0.00591059 0.998901 -0.0465021 0.0573545 -0.0611343 0.0467769 0.997033 -0.0148236
45 0.999102 -0.00359182 0.0422205 -0.091937 0.00526761 0.9992 -0.0396474 0.0531627 -0.0420443 0.0398342 0.998321 -0.0239422
46 0.998888 -0.00142106 0.0471306 -0.0938263 0.00338456 0.999128 -0.0416073 0.0527419 -0.0470304 0.0417206 0.998022 -0.0235016
47 0.998323 0.00063285 0.0578833 -0.102976 0.00141913 0.999372 -0.0354024 0.0447799 -0.0578693 0.0354252 0.997695 -0.0278103
48 0.999622 -0.00224214 0.0274186 -0.0647059 0.00255723 0.999931 -0.0114619 0.0137449 -0.0273911 0.0115276 0.999558 -0.0502079
49 0.999613 -0.00930504 0.026231 -0.067265 0.00973871 0.999817 -0.0164537 0.0130104 -0.0260731 0.0167028 0.99952 -0.0508741
50 0.999221 -0.0139567 0.0369202 -0.0874829 0.015254 0.999268 -0.0350912 0.0299122 -0.0364035 0.035627 0.998702 -0.0487053
51 0.999261 -0.0153122 0.0352421 -0.0853256 0.0165581 0.999238 -0.0353369 0.0279796 -0.0346742 0.0358943 0.998754 -0.0502261
52 0.999229 -0.0158707 0.0359006 -0.0802436 0.0168536 0.999487 -0.0272447 0.0173657 -0.0354498 0.0278288 0.998984 -0.0611484
53 0.998956 -0.0164422 0.0426162 -0.0830948 0.0176578 0.999443 -0.0283062 0.0196214 -0.0421271 0.0290291 0.99869 -0.0621909
54 0.99913 -0.0185079 0.0373829 -0.0739414 0.0196045 0.999382 -0.0291846 0.0240424 -0.0368196 0.029892 0.998875 -0.0645363
55 0.998972 -0.0208726 0.0402426 -0.07493 0.0219284 0.999422 -0.0259757 0.024224 -0.0396772 0.0268315 0.998852 -0.0662784
56 0.999651 -0.0227895 0.0133872 -0.0360208 0.0228881 0.999712 -0.00726086 0.0089784 -0.0132178 0.00756473 0.999884 -0.0806832
57 0.999556 -0.022927 0.019053 -0.0383512 0.0230555 0.999713 -0.00654955 0.00969696 -0.0188973 0.00698591 0.999797 -0.0796017
58 0.99937 -0.023939 0.0261873 -0.0426045 0.0241176 0.999688 -0.00652752 0.0127392 -0.0260228 0.00715499 0.999636 -0.0778906
59 0.99912 -0.0243076 0.0341949 -0.0466329 0.0244386 0.999695 -0.00341867 0.0122766 -0.0341014 0.00425134 0.999409 -0.0771356
60 0.998896 -0.0245126 0.0400858 -0.047633 0.0245016 0.999699 0.00076527 0.00922699 -0.0400925 0.000217742 0.999196 -0.0788741
61 0.998591 -0.0269223 0.0457214 -0.0517168 0.026946 0.999637 9.97956e-05 0.0088484 -0.0457075 0.00113235 0.998954 -0.0780187
62 0.998336 -0.0303586 0.0490293 -0.0547365 0.0303261 0.999539 0.00140613 0.00703098 -0.0490494 8.30841e-05 0.998796 -0.0782613
63 0.997576 -0.031661 0.0619672 -0.0715031 0.0321709 0.999456 -0.00724889 0.0149803 -0.061704 0.00922486 0.998052 -0.0784902
64 0.997278 -0.034107 0.0653758 -0.0785069 0.0348585 0.999338 -0.0103881 0.0123973 -0.0649782 0.0126387 0.997807 -0.0786088
65 0.996285 -0.0381947 0.077189 -0.0991031 0.0403642 0.998827 -0.0267429 0.0279697 -0.076077 0.0297592 0.996658 -0.0717048
66 0.996391 -0.0435116 0.0728841 -0.102949 0.046377 0.998197 -0.0380937 0.0446392 -0.0710952 0.0413363 0.996613 -0.0700252
67 0.997218 -0.0453267 0.0591697 -0.0923852 0.0478173 0.997999 -0.0413763 0.0519913 -0.0571759 0.0440905 0.99739 -0.0701014
68 0.997091 -0.0420667 0.0635609 -0.0983992 0.0444767 0.998325 -0.0369885 0.0492267 -0.0618985 0.0397079 0.997292 -0.0705453
69 0.997654 -0.0423092 0.0538133 -0.0867562 0.0440766 0.998513 -0.0320905 0.0470794 -0.0523755 0.0343871 0.998035 -0.0745824
70 0.997515 -0.0444258 0.05468 -0.0931555 0.04606 0.998518 -0.0289984 0.0462573 -0.0533107 0.0314449 0.998083 -0.0742313
71 0.99761 -0.0464183 0.0511824 -0.0935666 0.0478035 0.998514 -0.0261804 0.0451279 -0.0498911 0.0285645 0.998346 -0.0753777
72 0.99729 -0.0486036 0.0552378 -0.104125 0.0502419 0.998326 -0.0286669 0.046459 -0.053752 0.0313644 0.998062 -0.0769141
73 0.997237 -0.0513992 0.0536299 -0.109113 0.0531296 0.998095 -0.031354 0.0467826 -0.0519162 0.0341167 0.998069 -0.0773465
74 0.997142 -0.0534246 0.0534174 -0.117326 0.0551557 0.997982 -0.0314752 0.0472547 -0.0516281 0.0343315 0.998076 -0.0810653
75 0.997225 -0.0540584 0.0511875 -0.119862 0.0556079 0.998021 -0.0293472 0.0469281 -0.0494997 0.0321122 0.998258 -0.0820213
76 0.997368 -0.0519634 0.0505624 -0.121186 0.0531502 0.998335 -0.0224154 0.0441851 -0.0493134 0.0250438 0.998469 -0.0840145
77 0.997412 -0.0502984 0.051382 -0.121509 0.0512022 0.998553 -0.0164282 0.0430254 -0.0504813 0.0190165 0.998544 -0.0849892
78 0.997542 -0.0479451 0.0511093 -0.119023 0.0483645 0.998805 -0.00699998 0.0344964 -0.0507126 0.00945465 0.998669 -0.0885144
79 0.997094 -0.0475384 0.0595362 -0.126823 0.0480622 0.998817 -0.00739684 0.0337161 -0.0591142 0.0102368 0.998199 -0.0848566
80 0.996164 -0.050817 0.0712365 -0.145742 0.0514241 0.998654 -0.00671244 0.0300759 -0.0707995 0.01035 0.997437 -0.0834711
81 0.995981 -0.0573665 0.0687865 -0.150987 0.0579201 0.998303 -0.00607877 0.0324915 -0.068321 0.0100385 0.997613 -0.0841348
82 0.996087 -0.0545938 0.0695004 -0.156085 0.055095 0.998467 -0.00531324 0.0321275 -0.0691038 0.00912157 0.997568 -0.0814189
83 0.996182 -0.0481661 0.0728169 -0.157195 0.0486757 0.998801 -0.00523781 0.028252 -0.0724773 0.00876222 0.997332 -0.0847937
84 0.995143 -0.0461936 0.0869236 -0.168573 0.0469926 0.99887 -0.00716742 0.0291081 -0.0864943 0.0112174 0.996189 -0.077321
85 0.994343 -0.0475416 0.0949797 -0.178471 0.0485195 0.99879 -0.00801213 0.0310834 -0.0944838 0.0125752 0.995447 -0.0760232
86 0.993864 -0.0485925 0.0993617 -0.187131 0.0499017 0.998696 -0.0107322 0.0314583 -0.0987107 0.0156247 0.994994 -0.0704549
87 0.993688 -0.0486278 0.101095 -0.191623 0.0501529 0.998662 -0.0125979 0.0303159 -0.100347 0.0175886 0.994797 -0.0730033
88 0.993057 -0.0477875 0.107488 -0.200376 0.049752 0.998639 -0.0156684 0.0286361 -0.106593 0.0209074 0.994083 -0.0717319
89 0.991962 -0.0523615 0.115191 -0.215347 0.0552555 0.998228 -0.0220728 0.0300071 -0.113831 0.0282603 0.993098 -0.0747694
90 0.991972 -0.0562322 0.113264 -0.220093 0.0592304 0.997973 -0.0232793 0.0297729 -0.111725 0.0298011 0.993292 -0.0775579
91 0.992268 -0.0586672 0.10937 -0.223321 0.0617005 0.997793 -0.024557 0.0295785 -0.107687 0.0311153 0.993698 -0.088527
92 0.992206 -0.057118 0.110744 -0.227327 0.06031 0.997849 -0.0256877 0.0268358 -0.109039 0.0321665 0.993517 -0.0899317
93 0.991596 -0.0575331 0.115877 -0.237573 0.0614851 0.997632 -0.0308213 0.0244108 -0.113829 0.037687 0.992785 -0.0902674
94 0.991388 -0.0643269 0.114074 -0.246386 0.0689452 0.996934 -0.0370089 0.0304837 -0.111343 0.044555 0.992783 -0.0987571
95 0.991408 -0.0697488 0.110658 -0.254336 0.0743216 0.99652 -0.0377465 0.0309476 -0.10764 0.0456465 0.993141 -0.0989185
96 0.991994 -0.0720056 0.103744 -0.255104 0.0762098 0.9964 -0.0371431 0.0314038 -0.100696 0.044752 0.99391 -0.109395
97 0.992386 -0.0701066 0.101266 -0.252448 0.0738524 0.996699 -0.0337223 0.0313747 -0.0985678 0.0409443 0.994288 -0.110855
98 0.992015 -0.0680437 0.106193 -0.259457 0.0717504 0.996926 -0.0314795 0.0317208 -0.103724 0.0388475 0.993847 -0.110686
99 0.99134 -0.0684764 0.112055 -0.267331 0.0722495 0.996937 -0.0299599 0.0342651 -0.10966 0.0377964 0.99325 -0.110669
100 0.991228 -0.0664795 0.114223 -0.26987 0.0698688 0.997219 -0.0259259 0.0368605 -0.112182 0.0336791 0.993117 -0.115144
101 0.991381 -0.0652812 0.113584 -0.262822 0.0683287 0.997394 -0.0231429 0.0423087 -0.111778 0.0307045 0.993259 -0.092095
102 0.991159 -0.0639568 0.116251 -0.264877 0.0670222 0.997494 -0.0226505 0.0418247 -0.114511 0.0302417 0.992962 -0.0753731
103 0.991443 -0.0604265 0.115714 -0.268646 0.0632856 0.99777 -0.0211927 0.0474045 -0.114175 0.0283344 0.993056 -0.0801888
104 0.991052 -0.0573072 0.120551 -0.277453 0.0590762 0.998191 -0.0111494 0.0459494 -0.119694 0.0181713 0.992645 -0.0753291
105 0.991734 -0.0589493 0.113965 -0.275149 0.0607476 0.998076 -0.0123685 0.0489821 -0.113017 0.0191893 0.993408 -0.0645212
106 0.991839 -0.061371 0.111751 -0.280999 0.0626798 0.998 -0.0082328 0.0495828 -0.111022 0.0151702 0.993702 -0.0641868
107 0.991328 -0.060697 0.116551 -0.292824 0.0617473 0.998077 -0.00541873 0.0529588 -0.115998 0.0125684 0.99317 -0.0621432
108 0.991285 -0.0609049 0.116808 -0.298907 0.0615861 0.998099 -0.00222808 0.0533842 -0.11645 0.00940238 0.993152 -0.0579936
109 0.991434 -0.0640692 0.113813 -0.304431 0.0643191 0.997928 0.00147943 0.052888 -0.113672 0.00585362 0.993501 -0.0570509
110 0.991241 -0.0674229 0.113559 -0.31416 0.0673339 0.99772 0.00462367 0.0547763 -0.113611 0.00306316 0.993521 -0.0517071
111 0.990589 -0.0694887 0.117917 -0.326431 0.0686614 0.997579 0.0110687 0.0508679 -0.1184 -0.00286823 0.992962 -0.0520071
112 0.990638 -0.0688151 0.117904 -0.330431 0.0679821 0.997625 0.0110768 0.0496503 -0.118386 -0.00295776 0.992963 -0.0494223
113 0.99012 -0.0677016 0.122797 -0.3397 0.0662995 0.99768 0.0154736 0.0459286 -0.123559 -0.0071794 0.992311 -0.0468186
114 0.989821 -0.0687362 0.124621 -0.341053 0.0670801 0.997595 0.0174423 0.0437811 -0.12552 -0.00890514 0.992051 -0.0447852
115 0.988764 -0.0698514 0.132163 -0.34736 0.0678741 0.997505 0.0194128 0.0448121 -0.133189 -0.0102242 0.991038 -0.0383469
116 0.988341 -0.0690946 0.135676 -0.354955 0.067116 0.997562 0.0191089 0.0407671 -0.136665 -0.00978011 0.990569 -0.0291347
117 0.988658 -0.0713385 0.132156 -0.357378 0.0701395 0.997443 0.0137115 0.0389667 -0.132796 -0.00428662 0.991134 -0.0240362
118 0.988787 -0.0735434 0.12997 -0.359194 0.072471 0.997286 0.0129683 0.0377057 -0.130571 -0.00340383 0.991433 -0.021104
119 0.98796 -0.073178 0.13631 -0.373302 0.0722139 0.997317 0.0120109 0.0337752 -0.136823 -0.00202285 0.990593 -0.0157264
120 0.987944 -0.0718932 0.137106 -0.379078 0.0717014 0.997406 0.00634333 0.0320705 -0.137206 0.00356384 0.990536 -0.010278
121 0.987503 -0.0734149 0.139458 -0.385432 0.0733124 0.997292 0.00587897 0.0299495 -0.139512 0.00441853 0.99021 -0.00946862
122 0.986815 -0.0781008 0.141763 -0.390282 0.0783775 0.996917 0.00363924 0.0282639 -0.14161 0.00751974 0.989894 -0.0011486
123 0.986249 -0.0812583 0.143909 -0.396091 0.0815693 0.996661 0.00374749 0.0194884 -0.143733 0.00804263 0.989584 0.00289882
124 0.986263 -0.0840172 0.142221 -0.396448 0.0851927 0.996362 -0.00218557 0.0196382 -0.14152 0.0142717 0.989833 0.00663057
125 0.985562 -0.0901405 0.143325 -0.402462 0.0912808 0.995824 -0.00138706 0.0173433 -0.142601 0.0144498 0.989675 0.0100956
126 0.985192 -0.0974582 0.14106 -0.40716 0.0982075 0.995165 0.00165641 0.0148881 -0.140539 0.0122212 0.99 0.0166355
127 0.985262 -0.102369 0.137036 -0.409514 0.102539 0.994712 0.00583738 0.0107381 -0.136909 0.00830023 0.990549 0.0207711
128 0.985389 -0.104533 0.13447 -0.408349 0.104068 0.994515 0.010503 0.00892543 -0.13483 0.00364451 0.990862 0.0238126
129 0.984388 -0.106291 0.140297 -0.410391 0.104565 0.994324 0.0196392 0.00286051 -0.141588 -0.00466242 0.989915 0.0298986
130 0.983959 -0.105342 0.143968 -0.410131 0.103213 0.994412 0.0221962 -0.00011616 -0.145502 -0.0069807 0.989333 0.028866
131 0.982714 -0.108767 0.149812 -0.412455 0.106109 0.994024 0.0256515 -0.00308451 -0.151707 -0.00931175 0.988382 0.0351548
132 0.981641 -0.112024 0.154374 -0.413577 0.108915 0.993643 0.0284752 -0.0069941 -0.156582 -0.0111387 0.987602 0.0401863
133 0.981046 -0.114303 0.15647 -0.410629 0.111072 0.993381 0.0292739 -0.00967025 -0.158781 -0.0113396 0.987249 0.0431705
134 0.980197 -0.114421 0.16162 -0.412622 0.111044 0.993368 0.0298099 -0.0155525 -0.163959 -0.0112727 0.986403 0.0490092
135 0.979464 -0.115823 0.165029 -0.411705 0.112898 0.993239 0.0270293 -0.01588 -0.167044 -0.00784283 0.985918 0.0525358
136 0.978218 -0.115922 0.172197 -0.414193 0.112566 0.993216 0.0291602 -0.0200107 -0.17441 -0.00914143 0.984631 0.0582339
137 0.977031 -0.115882 0.178836 -0.416874 0.113138 0.993252 0.0255044 -0.0223829 -0.180584 -0.0046855 0.983548 0.0636147
138 0.976543 -0.116032 0.181386 -0.417894 0.113646 0.993243 0.0235305 -0.0240536 -0.18289 -0.00236487 0.98313 0.0664538
139 0.976098 -0.116034 0.183764 -0.420139 0.113027 0.993231 0.0267913 -0.0268526 -0.185629 -0.00538062 0.982605 0.0695791
140 0.974842 -0.116713 0.189897 -0.422318 0.113574 0.993152 0.0273695 -0.0281979 -0.191791 -0.00511357 0.981422 0.0762421
141 0.9738 -0.11657 0.195254 -0.424725 0.11388 0.99318 0.024988 -0.0301072 -0.196835 -0.00209786 0.980434 0.0815137
142 0.972795 -0.119407 0.198526 -0.427591 0.116738 0.992845 0.0251381 -0.0326016 -0.200108 -0.00127865 0.979773 0.0854841
143 0.97213 -0.120692 0.20099 -0.428516 0.117672 0.992687 0.0269511 -0.0347868 -0.202773 -0.00254907 0.979222 0.0898471
144 0.970925 -0.122526 0.205653 -0.429671 0.118946 0.992456 0.0297304 -0.0383184 -0.207744 -0.00440448 0.978173 0.0930733
145 0.969246 -0.124404 0.212335 -0.432396 0.120931 0.992228 0.0293161 -0.0419377 -0.214332 -0.00273655 0.976757 0.100751
146 0.968155 -0.126687 0.21593 -0.434247 0.124089 0.991941 0.0256044 -0.0429793 -0.217434 0.00200558 0.976073 0.105209
147 0.966568 -0.131145 0.220332 -0.434944 0.129102 0.991348 0.0237105 -0.0469933 -0.221536 0.00552761 0.975137 0.114219
148 0.964887 -0.134707 0.225493 -0.43789 0.133457 0.990835 0.0208517 -0.0500535 -0.226235 0.00997409 0.974022 0.118881
149 0.963042 -0.140165 0.230007 -0.44192 0.141408 0.989889 0.0111588 -0.0491598 -0.229246 0.0217783 0.973125 0.126179
150 0.961401 -0.144728 0.234012 -0.445574 0.146782 0.98913 0.00871386 -0.0555168 -0.23273 0.0259712 0.972195 0.130594
151 0.959529 -0.146989 0.240205 -0.449137 0.15092 0.988544 0.00205385 -0.0561475 -0.237755 0.034281 0.97072 0.137041
152 0.957622 -0.151478 0.244977 -0.451148 0.158918 0.987233 -0.0107731 -0.0580768 -0.240218 0.0492478 0.969469 0.142063
153 0.955698 -0.15602 0.249599 -0.45604 0.166703 0.985759 -0.0221131 -0.0618083 -0.242595 0.0627424 0.968097 0.143937
154 0.954668 -0.1634 0.248817 -0.457415 0.173732 0.98459 -0.0199919 -0.0637304 -0.241716 0.062313 0.968344 0.143794
155 0.952476 -0.168344 0.253868 -0.459948 0.17677 0.984195 -0.0105813 -0.0691305 -0.248075 0.0549548 0.967181 0.147778
156 0.950463 -0.166647 0.26239 -0.460804 0.174864 0.984559 -0.00810955 -0.0728048 -0.256987 0.0535905 0.964928 0.153395
157 0.947671 -0.167739 0.27163 -0.464078 0.176419 0.984285 -0.00767326 -0.0769336 -0.266075 0.0551924 0.962371 0.155116
158 0.945185 -0.171729 0.277732 -0.467701 0.181302 0.983387 -0.00895772 -0.0781075 -0.27158 0.0588202 0.960617 0.159557
159 0.943813 -0.177576 0.278719 -0.469331 0.186452 0.982449 -0.00543999 -0.0817251 -0.272861 0.0571021 0.960357 0.160965
160 0.942611 -0.179847 0.281318 -0.471268 0.188685 0.982028 -0.00441351 -0.0847229 -0.275468 0.0572405 0.959605 0.165287
161 0.942026 -0.178941 0.283844 -0.470784 0.186925 0.982374 -0.00106233 -0.0876659 -0.278651 0.0540584 0.95887 0.166039
162 0.938824 -0.180977 0.293015 -0.473251 0.187775 0.982199 0.0050075 -0.0902975 -0.288705 0.0503198 0.956095 0.171469
163 0.935978 -0.181916 0.301418 -0.474993 0.18856 0.982036 0.0071677 -0.0933478 -0.297307 0.0501265 0.953465 0.179436
164 0.934009 -0.182478 0.30713 -0.476737 0.189886 0.981789 0.00586121 -0.097457 -0.302607 0.0528453 0.951649 0.183696
165 0.931098 -0.186258 0.31363 -0.483595 0.194463 0.980896 0.00521423 -0.101387 -0.30861 0.0561347 0.949531 0.180815
166 0.928243 -0.188122 0.320898 -0.485834 0.197596 0.980279 0.00310059 -0.103974 -0.315153 0.06053 0.947109 0.186775
167 0.926084 -0.189935 0.326026 -0.487565 0.200574 0.979678 0.00100153 -0.108766 -0.319591 0.0644649 0.94536 0.185782
168 0.923068 -0.193222 0.332582 -0.489082 0.205346 0.978688 -0.00133585 -0.112056 -0.325236 0.0695276 0.943073 0.190264
169 0.920652 -0.196768 0.337167 -0.493174 0.208993 0.977917 4.00149e-05 -0.115161 -0.329729 0.0704287 0.941445 0.186885
170 0.917535 -0.19924 0.344141 -0.495189 0.2113 0.977418 0.00251538 -0.119007 -0.33687 0.070409 0.938915 0.193738
171 0.915435 -0.20102 0.348668 -0.494741 0.213276 0.976986 0.00330632 -0.119762 -0.341309 0.071336 0.93724 0.19752
172 0.911825 -0.204032 0.356296 -0.500589 0.216283 0.976315 0.00557596 -0.122714 -0.348995 0.0719766 0.934357 0.199963
173 0.909625 -0.205914 0.360807 -0.502206 0.218381 0.975843 0.00635863 -0.126867 -0.3534 0.0730096 0.932619 0.206593
174 0.907958 -0.20696 0.364391 -0.505735 0.218485 0.975791 0.00980928 -0.13033 -0.357599 0.0707076 0.931194 0.206403
175 0.904913 -0.207882 0.371371 -0.507298 0.218118 0.975811 0.0147453 -0.134445 -0.365453 0.0676595 0.928367 0.214405
176 0.901169 -0.209752 0.37934 -0.511883 0.221024 0.975166 0.014139 -0.138855 -0.372885 0.0711013 0.92515 0.216557
177 0.899186 -0.213679 0.381846 -0.511995 0.226795 0.973881 0.010912 -0.138578 -0.374204 0.076789 0.924161 0.220421
178 0.895549 -0.221806 0.385738 -0.517981 0.234965 0.971912 0.0133594 -0.142324 -0.377866 0.0786707 0.922512 0.222529
179 0.892936 -0.231719 0.385969 -0.518999 0.245456 0.969306 0.0140686 -0.144489 -0.377382 0.0821759 0.922404 0.227432
180 0.891762 -0.239092 0.384181 -0.518374 0.251191 0.967747 0.0192041 -0.147985 -0.376382 0.0793775 0.923058 0.230411
181 0.888869 -0.24471 0.387336 -0.522235 0.253082 0.966975 0.0301334 -0.152792 -0.381919 0.0712433 0.921446 0.230197
182 0.885041 -0.248586 0.393583 -0.523436 0.255714 0.966112 0.0351774 -0.154607 -0.38899 0.0695112 0.918616 0.238857
183 0.882631 -0.253674 0.395743 -0.526182 0.260855 0.964685 0.0365803 -0.156542 -0.391046 0.0709447 0.917633 0.239675
184 0.881223 -0.260659 0.394338 -0.526581 0.266543 0.962956 0.0408758 -0.158267 -0.390384 0.0690872 0.918056 0.243989
185 0.878725 -0.268429 0.394701 -0.530032 0.272587 0.960997 0.0466941 -0.161137 -0.391841 0.0665591 0.917622 0.245927
186 0.876554 -0.271337 0.397529 -0.531112 0.273408 0.960454 0.0526999 -0.164863 -0.396108 0.0624932 0.916075 0.25229
187 0.873888 -0.273947 0.401588 -0.533719 0.275184 0.959766 0.0558899 -0.167208 -0.400742 0.0616694 0.914113 0.254985
188 0.870558 -0.278153 0.405905 -0.535807 0.279562 0.958423 0.0571893 -0.168484 -0.404936 0.0636891 0.912124 0.259986
189 0.868371 -0.28287 0.407328 -0.540107 0.282978 0.957157 0.0614273 -0.170404 -0.407253 0.0619231 0.911214 0.260823
190 0.866435 -0.286786 0.40871 -0.540794 0.284637 0.95625 0.0675788 -0.173842 -0.41021 0.0577812 0.910159 0.267015
191 0.863495 -0.286106 0.415356 -0.540941 0.280643 0.956827 0.0756452 -0.18029 -0.419066 0.0512477 0.906508 0.275714
192 0.861136 -0.282552 0.422621 -0.541544 0.275428 0.958045 0.079306 -0.182222 -0.427298 0.0481084 0.90283 0.277851
193 0.855997 -0.282373 0.433053 -0.545294 0.274126 0.958115 0.0828865 -0.182244 -0.438319 0.0477607 0.897549 0.282422
194 0.851361 -0.285634 0.439998 -0.547394 0.277159 0.957056 0.0850129 -0.182225 -0.445385 0.0495725 0.893966 0.289456
195 0.847845 -0.288798 0.444696 -0.548316 0.278503 0.956209 0.0900028 -0.185104 -0.451215 0.047541 0.891148 0.294806
196 0.843603 -0.28847 0.4529 -0.550776 0.275452 0.956494 0.0961527 -0.19029 -0.460933 0.0436376 0.886361 0.296938
197 0.837978 -0.285334 0.465164 -0.552382 0.271996 0.95737 0.0972641 -0.191978 -0.473087 0.0450177 0.879865 0.302397
198 0.832393 -0.28027 0.47809 -0.555215 0.268587 0.958624 0.0943402 -0.192967 -0.48475 0.0498808 0.873229 0.310417
199 0.827404 -0.273291 0.490627 -0.557644 0.26518 0.960207 0.087653 -0.19413 -0.495058 0.0575796 0.86695 0.314868
200 0.822436 -0.268483 0.501514 -0.5591 0.262909 0.961207 0.0834318 -0.194763 -0.504458 0.0632352 0.861117 0.318565
201 0.815284 -0.266594 0.514042 -0.561872 0.264858 0.961097 0.0783758 -0.194584 -0.514939 0.0722494 0.854177 0.326762
202 0.809852 -0.266835 0.522435 -0.565106 0.272146 0.959824 0.0683662 -0.193857 -0.519688 0.0868121 0.849934 0.332075
203 0.807015 -0.271189 0.52458 -0.571491 0.278015 0.958192 0.0676533 -0.192424 -0.520995 0.0912435 0.848669 0.326304
204 0.799597 -0.273928 0.534424 -0.573452 0.278699 0.957537 0.0738171 -0.196184 -0.531951 0.0899195 0.841987 0.336814
205 0.792491 -0.274254 0.544741 -0.579073 0.285641 0.956076 0.0657929 -0.19459 -0.538858 0.10346 0.836019 0.339735
206 0.787641 -0.279857 0.548909 -0.582505 0.295402 0.953348 0.062179 -0.191229 -0.540702 0.113174 0.833566 0.341014
207 0.78302 -0.285312 0.5527 -0.584997 0.300147 0.951606 0.0660093 -0.191872 -0.544786 0.114205 0.830762 0.34725
208 0.778887 -0.288502 0.556867 -0.589955 0.304506 0.950195 0.0663675 -0.191194 -0.54828 0.117877 0.827946 0.350949
209 0.77638 -0.291858 0.558617 -0.592902 0.309144 0.948721 0.0660173 -0.19095 -0.549239 0.121439 0.826794 0.358271
210 0.773349 -0.298476 0.559324 -0.595482 0.316804 0.946131 0.0668627 -0.191394 -0.549151 0.125488 0.826248 0.361896
211 0.770882 -0.304653 0.559398 -0.59868 0.323981 0.943656 0.0674597 -0.190603 -0.548431 0.129231 0.826149 0.365472
212 0.768337 -0.31099 0.559413 -0.601323 0.331257 0.941073 0.068191 -0.191604 -0.547655 0.132916 0.826079 0.371382
213 0.767685 -0.312913 0.559236 -0.605728 0.332238 0.940579 0.070213 -0.193008 -0.547976 0.131898 0.82603 0.375536
214 0.765254 -0.31569 0.561005 -0.609291 0.33743 0.938888 0.0680525 -0.193037 -0.548204 0.137222 0.825011 0.381249
215 0.765653 -0.316076 0.560243 -0.61406 0.338012 0.938707 0.0676543 -0.196655 -0.547288 0.137569 0.825561 0.384895
216 0.766695 -0.310493 0.561937 -0.616739 0.333845 0.940443 0.0641422 -0.199051 -0.548385 0.138422 0.824689 0.389768
217 0.767619 -0.304705 0.56384 -0.619056 0.330489 0.941957 0.0591113 -0.198744 -0.549124 0.140968 0.823766 0.393877
218 0.76746 -0.297764 0.567751 -0.621281 0.323156 0.944533 0.0585429 -0.202552 -0.553692 0.138543 0.821116 0.400686
219 0.768234 -0.289057 0.571194 -0.623452 0.319147 0.946401 0.0496941 -0.202766 -0.554943 0.144118 0.81931 0.40694
220 0.770325 -0.279242 0.573257 -0.626284 0.311903 0.949131 0.0432098 -0.204069 -0.556162 0.145515 0.818236 0.409755
221 0.769102 -0.271516 0.578586 -0.627099 0.305813 0.951256 0.0398909 -0.204908 -0.561214 0.146259 0.814646 0.416511
222 0.767544 -0.270133 0.581296 -0.630442 0.310172 0.950142 0.0319873 -0.202289 -0.560955 0.15575 0.813063 0.418766
223 0.767177 -0.276737 0.578668 -0.632709 0.317431 0.947728 0.0323938 -0.20029 -0.557384 0.158835 0.81492 0.42317
224 0.766712 -0.283262 0.57612 -0.633073 0.318861 0.946905 0.0412189 -0.203774 -0.557207 0.152099 0.816325 0.428308
225 0.764373 -0.282889 0.579403 -0.634006 0.317501 0.947254 0.0436273 -0.205733 -0.561184 0.150614 0.813873 0.433323
226 0.761852 -0.283958 0.582194 -0.6336 0.320865 0.94621 0.041623 -0.203183 -0.562697 0.155095 0.811984 0.438545
227 0.759566 -0.291548 0.581429 -0.635103 0.326592 0.944011 0.0467061 -0.202641 -0.562492 0.154414 0.812255 0.442006
228 0.757111 -0.296249 0.582254 -0.635606 0.329239 0.942836 0.0515981 -0.204005 -0.564256 0.152635 0.811368 0.446919
229 0.753513 -0.302987 0.583452 -0.638011 0.339389 0.939343 0.0494891 -0.202203 -0.563057 0.160726 0.810638 0.450322
230 0.752613 -0.308596 0.581672 -0.638993 0.34344 0.937672 0.053095 -0.20337 -0.561803 0.15981 0.811688 0.453508
231 0.750105 -0.306778 0.585858 -0.639206 0.341337 0.938369 0.0543345 -0.205872 -0.56642 0.159218 0.80859 0.458347
232 0.747001 -0.305869 0.590282 -0.641638 0.343696 0.937698 0.0509445 -0.203539 -0.569089 0.164822 0.805588 0.458673
233 0.74288 -0.312855 0.59182 -0.644868 0.353367 0.934134 0.0502509 -0.199737 -0.568561 0.1718 0.804502 0.460936
234 0.743204 -0.318554 0.588363 -0.646055 0.356245 0.932771 0.0550257 -0.200171 -0.566337 0.168706 0.806722 0.463771
235 0.742837 -0.319678 0.588217 -0.6477 0.351278 0.934079 0.064029 -0.20357 -0.56991 0.159064 0.806165 0.465141
236 0.74099 -0.317678 0.59162 -0.649047 0.345942 0.935704 0.0691545 -0.203492 -0.57555 0.153423 0.803246 0.468211
237 0.739522 -0.315837 0.594437 -0.651328 0.342161 0.936871 0.0721063 -0.203582 -0.579684 0.150069 0.800903 0.470661
238 0.737548 -0.316635 0.596461 -0.653917 0.341616 0.93685 0.0749101 -0.203197 -0.582513 0.148511 0.799139 0.472637
239 0.733667 -0.320646 0.599098 -0.656413 0.345885 0.935119 0.0769125 -0.203256 -0.58489 0.150791 0.796973 0.474896
240 0.730115 -0.326884 0.600066 -0.660352 0.352891 0.932363 0.0785315 -0.203792 -0.58515 0.154421 0.796087 0.476181
241 0.72856 -0.330714 0.599857 -0.663043 0.356711 0.93079 0.0799193 -0.205821 -0.584771 0.15575 0.796106 0.476558
242 0.726612 -0.334261 0.600254 -0.666501 0.358682 0.929714 0.0835393 -0.206598 -0.585988 0.154599 0.795435 0.472828
243 0.721967 -0.336136 0.604794 -0.669587 0.357282 0.929633 0.0901737 -0.208783 -0.592547 0.15098 0.79126 0.475312
244 0.714916 -0.340367 0.610774 -0.677365 0.361283 0.927696 0.0940948 -0.20984 -0.59864 0.153392 0.786194 0.476622
245 0.710335 -0.345923 0.612993 -0.684284 0.364759 0.925745 0.0997328 -0.211547 -0.601975 0.152751 0.783768 0.47537
246 0.706871 -0.351001 0.61411 -0.688401 0.370319 0.923343 0.101491 -0.212043 -0.602658 0.155676 0.782668 0.476955
247 0.706161 -0.355484 0.612346 -0.693552 0.372313 0.922044 0.105919 -0.213267 -0.602262 0.153188 0.783462 0.475814
248 0.704423 -0.356609 0.613692 -0.699638 0.367392 0.922976 0.114621 -0.21838 -0.607298 0.144724 0.781181 0.476802
249 0.703639 -0.353215 0.616548 -0.703765 0.365522 0.924015 0.112206 -0.22107 -0.609332 0.14641 0.779281 0.479608
250 0.703597 -0.352787 0.61684 -0.709236 0.369697 0.92306 0.106229 -0.223243 -0.606857 0.153302 0.779887 0.479709
251 0.702221 -0.35335 0.618085 -0.713452 0.372994 0.922059 0.10336 -0.226539 -0.606433 0.15796 0.779286 0.482304
252 0.703429 -0.352209 0.617362 -0.720614 0.375985 0.921501 0.0973206 -0.229083 -0.603177 0.16366 0.780636 0.482656
253 0.706777 -0.351925 0.61369 -0.725613 0.378839 0.920899 0.0917937 -0.230842 -0.597451 0.167612 0.784193 0.48278
254 0.709789 -0.347975 0.612464 -0.729682 0.374303 0.922874 0.0905537 -0.234087 -0.596738 0.164973 0.785294 0.486236
255 0.714739 -0.341339 0.610439 -0.735666 0.366163 0.926264 0.0892125 -0.236771 -0.59588 0.159757 0.787023 0.486169
256 0.7199 -0.335717 0.607485 -0.740971 0.358817 0.929222 0.0883033 -0.238685 -0.594133 0.154406 0.789408 0.485646
257 0.724662 -0.328612 0.605705 -0.745353 0.34585 0.933691 0.0927803 -0.242512 -0.596031 0.142249 0.790261 0.486411
258 0.726023 -0.32064 0.608343 -0.749514 0.334318 0.937639 0.0952119 -0.245173 -0.600935 0.134254 0.787943 0.488495
259 0.727815 -0.313011 0.610172 -0.754185 0.328532 0.940155 0.0904143 -0.247048 -0.601957 0.134656 0.787093 0.489497
260 0.730007 -0.310708 0.608728 -0.760155 0.326049 0.94112 0.0893586 -0.248366 -0.600651 0.133243 0.78833 0.486017
261 0.728184 -0.312525 0.60998 -0.764083 0.324542 0.941114 0.0947486 -0.250837 -0.603672 0.12897 0.786732 0.487082
262 0.727386 -0.31446 0.609938 -0.768435 0.328228 0.93999 0.0931906 -0.252039 -0.60264 0.132413 0.786951 0.488033
263 0.728414 -0.315223 0.608315 -0.772409 0.326761 0.940225 0.0959413 -0.255424 -0.602196 0.128889 0.787875 0.486829
264 0.726472 -0.31509 0.610702 -0.775552 0.323558 0.940852 0.100535 -0.258421 -0.606258 0.124562 0.785452 0.486143
265 0.723571 -0.308077 0.617684 -0.779724 0.317956 0.943038 0.0978889 -0.260742 -0.612657 0.125567 0.78031 0.48668
266 0.720738 -0.306226 0.621903 -0.78521 0.317375 0.943357 0.0966976 -0.260166 -0.616287 0.127683 0.777102 0.485954
267 0.718367 -0.307776 0.623877 -0.788876 0.317049 0.943102 0.100191 -0.261481 -0.619217 0.125826 0.775073 0.487468
268 0.715924 -0.305762 0.627665 -0.793181 0.313608 0.944039 0.102174 -0.263602 -0.623781 0.123692 0.77175 0.48765
269 0.713468 -0.305725 0.630473 -0.800624 0.313413 0.944005 0.10309 -0.263356 -0.626686 0.124048 0.769335 0.484595
270 0.710864 -0.307666 0.632467 -0.805356 0.313605 0.94356 0.106521 -0.26438 -0.629543 0.122623 0.767228 0.485538
271 0.708026 -0.309185 0.634905 -0.81028 0.313759 0.943178 0.109413 -0.266228 -0.632657 0.12174 0.764804 0.486601
272 0.705082 -0.306473 0.639479 -0.814614 0.310448 0.94418 0.110206 -0.269104 -0.637559 0.120821 0.760869 0.488466
273 0.702359 -0.305297 0.643028 -0.823898 0.3137 0.943656 0.105384 -0.269143 -0.63897 0.127701 0.758557 0.484027
274 0.700233 -0.311294 0.642472 -0.830675 0.323218 0.940649 0.103492 -0.268596 -0.636557 0.13519 0.759289 0.484013
275 0.701196 -0.313674 0.640261 -0.837058 0.32622 0.939656 0.103086 -0.271205 -0.63396 0.136582 0.761209 0.483137
276 0.699965 -0.312294 0.642279 -0.8427 0.323028 0.940517 0.105264 -0.274582 -0.636947 0.133793 0.759208 0.482473
277 0.697273 -0.31085 0.645896 -0.849072 0.321612 0.940958 0.10566 -0.275415 -0.640605 0.134054 0.756078 0.482988
278 0.697127 -0.308869 0.647004 -0.85613 0.321163 0.941368 0.103351 -0.276494 -0.64099 0.135745 0.75545 0.483719
279 0.696876 -0.309312 0.647062 -0.864099 0.322607 0.940981 0.10237 -0.277898 -0.640538 0.137408 0.755534 0.480631
280 0.694387 -0.31055 0.649142 -0.870395 0.324877 0.94021 0.102275 -0.278933 -0.642092 0.139873 0.75376 0.48128
281 0.694756 -0.310397 0.648821 -0.875575 0.328499 0.93944 0.0976732 -0.279236 -0.639846 0.145278 0.754647 0.482791
282 0.696423 -0.311309 0.646592 -0.883391 0.332584 0.938417 0.0935963 -0.280626 -0.635911 0.149864 0.757072 0.481882
283 0.696987 -0.314241 0.644563 -0.889383 0.335681 0.937277 0.0939645 -0.281128 -0.633662 0.150876 0.758755 0.48037
284 0.696418 -0.314332 0.645133 -0.895379 0.336303 0.937096 0.0935496 -0.283493 -0.633958 0.151811 0.758321 0.483436
285 0.698624 -0.312516 0.643629 -0.902495 0.334896 0.93777 0.091826 -0.284933 -0.632273 0.151397 0.759809 0.481807
286 0.698223 -0.313569 0.643553 -0.908216 0.333729 0.93788 0.0948996 -0.286359 -0.633333 0.148511 0.759496 0.482386
287 0.697933 -0.312911 0.644187 -0.913504 0.33449 0.937786 0.0931274 -0.286216 -0.63325 0.150478 0.759178 0.484124
288 0.700077 -0.31262 0.641997 -0.920521 0.333054 0.938242 0.0936913 -0.287118 -0.631638 0.148228 0.760961 0.482223
289 0.698812 -0.318461 0.640503 -0.925685 0.335405 0.93677 0.0998276 -0.287612 -0.631796 0.145067 0.761439 0.482907
290 0.698447 -0.319082 0.640592 -0.929356 0.336603 0.936384 0.0994132 -0.288403 -0.631561 0.146191 0.761419 0.486154
291 0.699235 -0.318397 0.640073 -0.937084 0.334565 0.936987 0.100604 -0.289684 -0.631772 0.1438 0.761699 0.482493
292 0.695067 -0.324613 0.641489 -0.94235 0.339899 0.93462 0.104658 -0.289136 -0.633522 0.145297 0.759959 0.48353
293 0.693048 -0.330214 0.640814 -0.945927 0.346539 0.932082 0.10552 -0.289629 -0.632136 0.148937 0.760409 0.485044
294 0.692585 -0.331456 0.640674 -0.950912 0.346019 0.931978 0.108108 -0.291822 -0.632927 0.146811 0.760164 0.484721
295 0.688775 -0.333395 0.643768 -0.955085 0.345149 0.931693 0.113226 -0.293156 -0.637543 0.144208 0.756798 0.485768
296 0.683672 -0.337595 0.64701 -0.960211 0.350289 0.929569 0.11489 -0.292664 -0.640227 0.148093 0.753776 0.486856
297 0.681313 -0.342785 0.64677 -0.964939 0.35922 0.926435 0.112601 -0.291786 -0.637789 0.155616 0.754327 0.486983
298 0.678671 -0.351096 0.645087 -0.976032 0.366223 0.923126 0.117133 -0.295127 -0.636621 0.156751 0.755078 0.481023
299 0.675383 -0.357113 0.645235 -0.977882 0.370516 0.920805 0.121802 -0.297673 -0.637632 0.156807 0.754213 0.483991
300 0.671529 -0.356248 0.64972 -0.982557 0.372801 0.920217 0.119249 -0.298418 -0.640365 0.162137 0.750762 0.484856
301 0.668319 -0.358186 0.65196 -0.98889 0.374673 0.919234 0.120952 -0.2989 -0.642628 0.163437 0.748544 0.483365
302 0.664703 -0.361047 0.654075 -0.992221 0.375367 0.918346 0.125457 -0.300827 -0.645964 0.162126 0.745953 0.485835
303 0.661378 -0.360998 0.657464 -0.995521 0.37554 0.918152 0.12636 -0.301803 -0.649267 0.163333 0.742815 0.487655
304 0.658273 -0.361488 0.660306 -0.999012 0.373371 0.918445 0.130586 -0.303559 -0.65366 0.160577 0.739556 0.488352
305 0.654072 -0.363316 0.663469 -1.00264 0.373143 0.917929 0.1348 -0.305946 -0.657992 0.1594 0.735961 0.48857
306 0.650796 -0.361936 0.667433 -1.00612 0.374166 0.917795 0.132863 -0.307018 -0.660655 0.163265 0.732721 0.491252
307 0.646716 -0.363393 0.6706 -1.01581 0.375531 0.916963 0.134739 -0.310775 -0.663879 0.164693 0.72948 0.489437
308 0.642206 -0.365828 0.673603 -1.01849 0.378581 0.915484 0.136257 -0.312442 -0.666519 0.167508 0.726425 0.492122
309 0.638317 -0.368239 0.675982 -1.02145 0.383392 0.913572 0.135635 -0.314362 -0.667504 0.172588 0.724329 0.494361
310 0.635759 -0.36891 0.678024 -1.02499 0.383423 0.913295 0.137398 -0.316859 -0.669923 0.172618 0.722084 0.496041
311 0.630406 -0.369622 0.682619 -1.03184 0.384504 0.91259 0.139052 -0.319385 -0.674348 0.174811 0.717423 0.498489
312 0.626285 -0.369459 0.686489 -1.03546 0.386192 0.911964 0.138483 -0.322144 -0.677217 0.178387 0.713831 0.502122
313 0.624245 -0.367525 0.689379 -1.04036 0.385531 0.912418 0.137328 -0.323395 -0.679474 0.180051 0.711264 0.504198
314 0.619706 -0.368605 0.692889 -1.04524 0.386393 0.911732 0.139444 -0.326124 -0.683129 0.181313 0.707432 0.50657
315 0.614997 -0.369127 0.696795 -1.0505 0.392882 0.90961 0.135105 -0.326149 -0.683683 0.190669 0.704431 0.508455
316 0.613847 -0.374067 0.695173 -1.0568 0.403048 0.90569 0.131448 -0.326396 -0.678782 0.199499 0.706722 0.50975
317 0.611555 -0.38594 0.690689 -1.06309 0.414332 0.89991 0.135986 -0.328421 -0.67404 0.203011 0.710251 0.510814
318 0.606732 -0.394588 0.690056 -1.06465 0.417439 0.896924 0.145846 -0.332899 -0.676477 0.199567 0.708909 0.515627
319 0.603102 -0.396199 0.692311 -1.06777 0.414925 0.897082 0.151927 -0.335686 -0.681253 0.19563 0.705425 0.518553
320 0.597352 -0.398102 0.696194 -1.06892 0.414584 0.896391 0.156856 -0.336072 -0.686506 0.194933 0.700508 0.523357
321 0.591654 -0.401175 0.699289 -1.07233 0.417133 0.894598 0.160294 -0.337004 -0.689888 0.196858 0.696636 0.526111
322 0.586423 -0.406022 0.700896 -1.07425 0.423677 0.891244 0.161808 -0.337869 -0.690367 0.202065 0.694668 0.527332
323 0.579906 -0.414317 0.701463 -1.07639 0.431831 0.88644 0.166574 -0.339886 -0.690819 0.206316 0.692967 0.528748
324 0.57176 -0.420611 0.704399 -1.07867 0.439462 0.882034 0.169969 -0.341342 -0.692794 0.212375 0.689154 0.531149
325 0.56173 -0.426 0.709214 -1.0786 0.445871 0.877979 0.174221 -0.344553 -0.696892 0.218352 0.683128 0.533235
326 0.55206 -0.428198 0.715455 -1.08085 0.448505 0.875852 0.178119 -0.34717 -0.702903 0.222553 0.675572 0.531829
327 0.543802 -0.427948 0.7219 -1.08385 0.450535 0.874611 0.179092 -0.348101 -0.708024 0.22785 0.668421 0.532446
328 0.53644 -0.431482 0.725297 -1.08699 0.455681 0.871462 0.181409 -0.349449 -0.710343 0.233189 0.664105 0.533182
329 0.528652 -0.437313 0.727519 -1.08846 0.458715 0.868331 0.18863 -0.353211 -0.714218 0.234005 0.659647 0.534722
330 0.521774 -0.437924 0.732103 -1.08808 0.457196 0.86808 0.193415 -0.356377 -0.720224 0.233796 0.653159 0.538179
331 0.516022 -0.433589 0.73873 -1.08981 0.452988 0.870093 0.194268 -0.359403 -0.726996 0.234389 0.645398 0.539767
332 0.508443 -0.43366 0.743926 -1.0936 0.454091 0.869071 0.196259 -0.360288 -0.731634 0.238023 0.638794 0.540144
333 0.503174 -0.436269 0.74598 -1.09565 0.459034 0.8663 0.197011 -0.361697 -0.732191 0.243299 0.636161 0.542261
334 0.500108 -0.435829 0.748294 -1.09755 0.457034 0.866809 0.199406 -0.365635 -0.735535 0.242271 0.632687 0.544661
335 0.497186 -0.433818 0.751404 -1.09708 0.452918 0.868437 0.201701 -0.367364 -0.740048 0.240042 0.628259 0.546316
336 0.490192 -0.431367 0.757386 -1.1002 0.450402 0.869301 0.203602 -0.369103 -0.746224 0.241324 0.620413 0.54989
337 0.487088 -0.431284 0.759433 -1.10423 0.450158 0.869132 0.204859 -0.370475 -0.7484 0.242081 0.61749 0.550115
338 0.483999 -0.431782 0.761124 -1.10643 0.449006 0.869099 0.207512 -0.3731 -0.751092 0.241313 0.614516 0.555033
339 0.480476 -0.431559 0.763478 -1.10905 0.446796 0.869558 0.21034 -0.376244 -0.754663 0.240055 0.610621 0.557573
340 0.474968 -0.430843 0.76732 -1.11287 0.447383 0.869083 0.211054 -0.377765 -0.757795 0.243042 0.605538 0.56113
341 0.47128 -0.431043 0.769478 -1.11646 0.448841 0.868231 0.211461 -0.37889 -0.759234 0.245716 0.60265 0.564718
342 0.467207 -0.432759 0.770998 -1.11859 0.449665 0.867126 0.214229 -0.382251 -0.761262 0.246601 0.599723 0.568782
343 0.46171 -0.431771 0.774853 -1.1223 0.447809 0.867506 0.216564 -0.385099 -0.765696 0.246997 0.593887 0.571115
344 0.45389 -0.431124 0.779818 -1.12589 0.447077 0.867216 0.219222 -0.387222 -0.770782 0.249136 0.586367 0.575852
345 0.44674 -0.430686 0.784177 -1.12988 0.449913 0.865759 0.21918 -0.388626 -0.773306 0.254895 0.58054 0.578701
346 0.440652 -0.432281 0.786739 -1.13486 0.452111 0.864017 0.221516 -0.390951 -0.775514 0.258083 0.57617 0.58092
347 0.433491 -0.434835 0.789306 -1.13897 0.455998 0.861313 0.224068 -0.393006 -0.777272 0.26279 0.571656 0.58435
348 0.425402 -0.437778 0.792075 -1.14579 0.461887 0.857671 0.225966 -0.39717 -0.778263 0.269723 0.567059 0.585602
349 0.418782 -0.439461 0.794667 -1.15138 0.464175 0.855732 0.228614 -0.399922 -0.780489 0.273125 0.562352 0.587992
350 0.411549 -0.443214 0.79636 -1.15577 0.469655 0.851971 0.231452 -0.401768 -0.781058 0.27876 0.558786 0.591116
351 0.405593 -0.445009 0.798412 -1.16274 0.472985 0.849627 0.233279 -0.405836 -0.782164 0.28302 0.555085 0.593469
352 0.401508 -0.444494 0.80076 -1.16889 0.473272 0.84924 0.234103 -0.40836 -0.784095 0.284983 0.551344 0.595918
353 0.397486 -0.446173 0.801832 -1.17409 0.473812 0.848121 0.237051 -0.409812 -0.785816 0.285693 0.548519 0.599579
354 0.393315 -0.448357 0.80267 -1.17871 0.473708 0.847057 0.24103 -0.412731 -0.787974 0.28543 0.545551 0.603118
355 0.389202 -0.450985 0.803202 -1.18448 0.47614 0.844928 0.243694 -0.41445 -0.788551 0.287591 0.54358 0.606013
356 0.386445 -0.452848 0.803486 -1.18754 0.474826 0.84453 0.247608 -0.418295 -0.790696 0.285829 0.541388 0.610435
357 0.382846 -0.450362 0.8066 -1.1928 0.474247 0.845102 0.246762 -0.420208 -0.792792 0.288056 0.537127 0.613203
