[{"R":[[0.9979227781295776,-0.0008406623383052647,0.06441590189933777],[-0.00044904788956046104,0.9997997879981995,0.0200045183300972],[-0.06441982090473175,-0.019991891458630562,0.9977226257324219]],"file_name":"/home/jonas/Downloads/freiburg/rgbd_dataset_freiburg3_long_office_household/rgb/1341847980.722988.png","t":[-0.05704224854707718,-0.032504018396139145,0.19138233363628387]},{"R":[[0.9991285800933838,0.01105318684130907,0.04024745896458626],[-0.012311073020100594,0.9994391798973083,0.031141294166445732],[-0.039880674332380295,-0.03160964697599411,0.9987043142318726]],"file_name":"/home/jonas/Downloads/freiburg/rgbd_dataset_freiburg3_long_office_household/rgb/1341847981.626675.png","t":[-0.023662462830543518,-0.033958666026592255,0.20215556025505066]},{"R":[[0.9996367692947388,0.023251011967658997,0.013629414141178131],[-0.023682015016674995,0.9991955161094666,0.03236411511898041],[-0.012865951284766197,-0.032675132155418396,0.9993832111358643]],"file_name":"/home/jonas/Downloads/freiburg/rgbd_dataset_freiburg3_long_office_household/rgb/1341847982.566660.png","t":[0.02857891470193863,-0.0349603071808815,0.21626736223697662]},{"R":[[0.9979547262191772,0.05354961007833481,-0.03491199016571045],[-0.053061261773109436,0.9984820485115051,0.014768182300031185],[0.03564982861280441,-0.0128855025395751,0.9992812871932983]],"file_name":"/home/jonas/Downloads/freiburg/rgbd_dataset_freiburg3_long_office_household/rgb/1341847983.266753.png","t":[0.11734375357627869,-0.04298202320933342,0.2171829491853714]},{"R":[[0.9918214678764343,0.06814180314540863,-0.10792050510644913],[-0.0696365237236023,0.997520923614502,-0.010138293728232384],[0.10696212202310562,0.017570586875081062,0.9941078424453735]],"file_name":"/home/jonas/Downloads/freiburg/rgbd_dataset_freiburg3_long_office_household/rgb/1341847984.442894.png","t":[0.33398139476776123,-0.07990585267543793,0.24062463641166687]},{"R":[[0.9905446171760559,0.06724873930215836,-0.11957821995019913],[-0.069356270134449,0.9975000023841858,-0.013546451926231384],[0.11836829036474228,0.021711863577365875,0.9927323460578918]],"file_name":"/home/jonas/Downloads/freiburg/rgbd_dataset_freiburg3_long_office_household/rgb/1341847984.574807.png","t":[0.35174551606178284,-0.08052608370780945,0.23065613210201263]},{"R":[[0.9881215691566467,0.1036260798573494,-0.11347853392362595],[-0.10377046465873718,0.9945904016494751,0.004649932961910963],[0.11334650963544846,0.0071810209192335606,0.9935295581817627]],"file_name":"/home/jonas/Downloads/freiburg/rgbd_dataset_freiburg3_long_office_household/rgb/1341847985.010633.png","t":[0.41710489988327026,-0.06389524787664413,0.16363367438316345]},{"R":[[0.7028149962425232,0.382519394159317,-0.599774956703186],[-0.3539762496948242,0.9193831086158752,0.17156775295734406],[0.6170509457588196,0.09172569960355759,0.7815590500831604]],"file_name":"/home/jonas/Downloads/freiburg/rgbd_dataset_freiburg3_long_office_household/rgb/1341847989.202743.png","t":[0.8920472264289856,-0.13176976144313812,0.10855811834335327]},{"R":[[0.7255162000656128,0.3300178349018097,-0.6039159893989563],[-0.3174543082714081,0.9390705227851868,0.131792813539505],[0.6106136441230774,0.0960979089140892,0.7860764265060425]],"file_name":"/home/jonas/Downloads/freiburg/rgbd_dataset_freiburg3_long_office_household/rgb/1341847989.602804.png","t":[0.9519886374473572,-0.07066109776496887,0.1379554271697998]},{"R":[[0.7019215822219849,0.3195773661136627,-0.6365346908569336],[-0.3068547248840332,0.942182719707489,0.13465459644794464],[0.6427645683288574,0.10080670565366745,0.7594022154808044]],"file_name":"/home/jonas/Downloads/freiburg/rgbd_dataset_freiburg3_long_office_household/rgb/1341847989.902718.png","t":[0.9807529449462891,-0.06791012734174728,0.20747749507427216]},{"R":[[0.6878070831298828,0.3527746796607971,-0.6344063878059387],[-0.33596697449684143,0.9294323921203613,0.15258321166038513],[0.6434653401374817,0.10819176584482193,0.7577908039093018]],"file_name":"/home/jonas/Downloads/freiburg/rgbd_dataset_freiburg3_long_office_household/rgb/1341847990.642783.png","t":[1.0760406255722046,-0.12581555545330048,0.2908174693584442]},{"R":[[0.6630334854125977,0.38194870948791504,-0.6438180804252625],[-0.36276760697364807,0.9162470102310181,0.16997389495372772],[0.6548177003860474,0.12085796147584915,0.7460610866546631]],"file_name":"/home/jonas/Downloads/freiburg/rgbd_dataset_freiburg3_long_office_household/rgb/1341847990.874745.png","t":[1.0916893482208252,-0.17045670747756958,0.3250449597835541]},{"R":[[0.6522592306137085,0.3791007697582245,-0.6563844084739685],[-0.364376038312912,0.9161477088928223,0.16704337298870087],[0.6646713614463806,0.13021516799926758,0.7357010245323181]],"file_name":"/home/jonas/Downloads/freiburg/rgbd_dataset_freiburg3_long_office_household/rgb/1341847990.978824.png","t":[1.0972037315368652,-0.17079663276672363,0.3465990722179413]},{"R":[[0.44380423426628113,0.4524616599082947,-0.7735090851783752],[-0.43047359585762024,0.8646999597549438,0.2588173747062683],[0.7859582304954529,0.21811096370220184,0.5785303115844727]],"file_name":"/home/jonas/Downloads/freiburg/rgbd_dataset_freiburg3_long_office_household/rgb/1341847992.318683.png","t":[1.1327651739120483,-0.303298681974411,0.6285960674285889]},{"R":[[0.36281493306159973,0.4755024015903473,-0.8014129996299744],[-0.45674988627433777,0.8403644561767578,0.29183411598205566],[0.8122467994689941,0.2601635158061981,0.5220824480056763]],"file_name":"/home/jonas/Downloads/freiburg/rgbd_dataset_freiburg3_long_office_household/rgb/1341847992.922713.png","t":[1.160292148590088,-0.3804783821105957,0.7501144409179688]},{"R":[[0.35134100914001465,0.4770468473434448,-0.8055965304374695],[-0.4582309424877167,0.8379674553871155,0.29636967182159424],[0.8164458870887756,0.2650224268436432,0.5130099654197693]],"file_name":"/home/jonas/Downloads/freiburg/rgbd_dataset_freiburg3_long_office_household/rgb/1341847993.022736.png","t":[1.1638867855072021,-0.38822367787361145,0.7658255696296692]},{"R":[[0.3431876301765442,0.47225624322891235,-0.811909019947052],[-0.4622325003147125,0.8374063372612,0.2917049527168274],[0.8176572322845459,0.27518123388290405,0.5056796669960022]],"file_name":"/home/jonas/Downloads/freiburg/rgbd_dataset_freiburg3_long_office_household/rgb/1341847993.122668.png","t":[1.1702572107315063,-0.3917135000228882,0.7778993844985962]},{"R":[[0.2278052419424057,0.4729166626930237,-0.8511489629745483],[-0.4993574917316437,0.8071701526641846,0.31483083963394165],[0.8359107971191406,0.35330748558044434,0.4200320541858673]],"file_name":"/home/jonas/Downloads/freiburg/rgbd_dataset_freiburg3_long_office_household/rgb/1341847994.001991.png","t":[1.1993889808654785,-0.4645899534225464,0.8965640664100647]},{"R":[[0.19434911012649536,0.47839677333831787,-0.856367290019989],[-0.48551613092422485,0.8054916858673096,0.3397899270057678],[0.852351188659668,0.34974226355552673,0.3888159394264221]],"file_name":"/home/jonas/Downloads/freiburg/rgbd_dataset_freiburg3_long_office_household/rgb/1341847994.201675.png","t":[1.191245675086975,-0.46401649713516235,0.9453557133674622]},{"R":[[0.14699889719486237,0.49860143661499023,-0.8542762398719788],[-0.46485763788223267,0.7971630692481995,0.3852770924568176],[0.8730971813201904,0.34048154950141907,0.3489607870578766]],"file_name":"/home/jonas/Downloads/freiburg/rgbd_dataset_freiburg3_long_office_household/rgb/1341847994.501736.png","t":[1.192105770111084,-0.4786858856678009,1.0166808366775513]},{"R":[[0.11546210944652557,0.5066938400268555,-0.8543593287467957],[-0.47293657064437866,0.7844074964523315,0.40129274129867554],[0.8734984397888184,0.3577236533164978,0.3302033841609955]],"file_name":"/home/jonas/Downloads/freiburg/rgbd_dataset_freiburg3_long_office_household/rgb/1341847994.701643.png","t":[1.1941485404968262,-0.517861008644104,1.0555839538574219]},{"R":[[0.08544737845659256,0.5007913708686829,-0.8613401055335999],[-0.48504510521888733,0.7760500311851501,0.4030850827693939],[0.870304524898529,0.38334622979164124,0.3092178404331207]],"file_name":"/home/jonas/Downloads/freiburg/rgbd_dataset_freiburg3_long_office_household/rgb/1341847994.831306.png","t":[1.1817877292633057,-0.5454542636871338,1.0914361476898193]},{"R":[[-0.013324073515832424,0.5024001598358154,-0.8645325899124146],[-0.4846419394016266,0.7530193328857422,0.4450664222240448],[0.8746111392974854,0.4249188303947449,0.23345088958740234]],"file_name":"/home/jonas/Downloads/freiburg/rgbd_dataset_freiburg3_long_office_household/rgb/1341847995.298812.png","t":[1.1217658519744873,-0.6017707586288452,1.1998088359832764]},{"R":[[-0.029580604285001755,0.49590060114860535,-0.867875337600708],[-0.4846550226211548,0.7522497773170471,0.4463515877723694],[0.8742050528526306,0.43382349610328674,0.21808873116970062]],"file_name":"/home/jonas/Downloads/freiburg/rgbd_dataset_freiburg3_long_office_household/rgb/1341847995.434743.png","t":[1.1171534061431885,-0.6063601970672607,1.2240310907363892]},{"R":[[-0.03870108351111412,0.501226544380188,-0.864450216293335],[-0.4817263185977936,0.7485740780830383,0.45560577511787415],[0.8754667043685913,0.43406087160110474,0.21248337626457214]],"file_name":"/home/jonas/Downloads/freiburg/rgbd_dataset_freiburg3_long_office_household/rgb/1341847995.534752.png","t":[1.1208664178848267,-0.6132916212081909,1.2321038246154785]},{"R":[[-0.2551629841327667,0.4945164620876312,-0.8308702111244202],[-0.4773036241531372,0.6828938722610474,0.5530255436897278],[0.8408764004707336,0.5376890301704407,0.0617852620780468]],"file_name":"/home/jonas/Downloads/freiburg/rgbd_dataset_freiburg3_long_office_household/rgb/1341847997.010744.png","t":[0.9379488825798035,-0.7831248044967651,1.4440791606903076]},{"R":[[-0.25341805815696716,0.4891054332256317,-0.8345987796783447],[-0.47069841623306274,0.6913929581642151,0.5481047034263611],[0.8451167345046997,0.5317439436912537,0.05500970035791397]],"file_name":"/home/jonas/Downloads/freiburg/rgbd_dataset_freiburg3_long_office_household/rgb/1341847997.210888.png","t":[0.9730185270309448,-0.7734193801879883,1.4697048664093018]},{"R":[[-0.2560260593891144,0.48589226603507996,-0.8356789946556091],[-0.4752871096134186,0.6895081996917725,0.5465167760848999],[0.8417558073997498,0.5371099710464478,0.054406262934207916]],"file_name":"/home/jonas/Downloads/freiburg/rgbd_dataset_freiburg3_long_office_household/rgb/1341847997.311412.png","t":[0.983171820640564,-0.7826464772224426,1.4739441871643066]},{"R":[[-0.30921122431755066,0.4548426568508148,-0.8351686000823975],[-0.4537142217159271,0.7012556791305542,0.549894392490387],[0.8357821702957153,0.5489614009857178,-0.010467542335391045]],"file_name":"/home/jonas/Downloads/freiburg/rgbd_dataset_freiburg3_long_office_household/rgb/1341847997.646995.png","t":[0.9376925826072693,-0.7430975437164307,1.5576778650283813]},{"R":[[-0.3496412932872772,0.4761456251144409,-0.8068681955337524],[-0.4253278076648712,0.6866911053657532,0.5895350575447083],[0.8347737789154053,0.5493093132972717,-0.03757756948471069]],"file_name":"/home/jonas/Downloads/freiburg/rgbd_dataset_freiburg3_long_office_household/rgb/1341847998.185663.png","t":[0.9690895676612854,-0.7630507946014404,1.5927900075912476]},{"R":[[-0.32901737093925476,0.46101832389831543,-0.824141800403595],[-0.44370636343955994,0.6949204206466675,0.5658712387084961],[0.8335899710655212,0.5518584251403809,-0.024084124714136124]],"file_name":"/home/jonas/Downloads/freiburg/rgbd_dataset_freiburg3_long_office_household/rgb/1341847998.450786.png","t":[1.055185317993164,-0.750220537185669,1.5785802602767944]},{"R":[[-0.3157608211040497,0.44603070616722107,-0.8374674320220947],[-0.46265915036201477,0.6982100009918213,0.5463051199913025],[0.8283970355987549,0.5599637031555176,-0.014107177034020424]],"file_name":"/home/jonas/Downloads/freiburg/rgbd_dataset_freiburg3_long_office_household/rgb/1341847998.650736.png","t":[1.1165382862091064,-0.7509505748748779,1.5693004131317139]},{"R":[[-0.3398972451686859,0.44673675298690796,-0.8275845050811768],[-0.48177289962768555,0.673033595085144,0.5611779093742371],[0.8076909780502319,0.5894505977630615,-0.013536605052649975]],"file_name":"/home/jonas/Downloads/freiburg/rgbd_dataset_freiburg3_long_office_household/rgb/1341847999.086763.png","t":[1.1578823328018188,-0.8382303714752197,1.5773303508758545]},{"R":[[-0.3997853398323059,0.4507284164428711,-0.7981325387954712],[-0.44623884558677673,0.6648831963539124,0.5990001559257507],[0.8006513118743896,0.5956292748451233,-0.06467802822589874]],"file_name":"/home/jonas/Downloads/freiburg/rgbd_dataset_freiburg3_long_office_household/rgb/1341847999.390790.png","t":[1.0860686302185059,-0.8589828610420227,1.6498411893844604]},{"R":[[-0.4467743933200836,0.4445697069168091,-0.7763700485229492],[-0.421627402305603,0.6607525944709778,0.6209962964057922],[0.7890645861625671,0.6047841310501099,-0.10776456445455551]],"file_name":"/home/jonas/Downloads/freiburg/rgbd_dataset_freiburg3_long_office_household/rgb/1341847999.522673.png","t":[1.005946397781372,-0.8633222579956055,1.7066783905029297]},{"R":[[-0.5007296204566956,0.4409465491771698,-0.7448731064796448],[-0.3960466980934143,0.6484625339508057,0.6501102447509766],[0.769686222076416,0.6205340027809143,-0.150068998336792]],"file_name":"/home/jonas/Downloads/freiburg/rgbd_dataset_freiburg3_long_office_household/rgb/1341847999.722697.png","t":[0.9144341945648193,-0.8844677209854126,1.7506543397903442]},{"R":[[-0.5953500270843506,0.43450605869293213,-0.6758423447608948],[-0.37062063813209534,0.5978104472160339,0.7108185291290283],[0.712880551815033,0.6736669540405273,-0.19486954808235168]],"file_name":"/home/jonas/Downloads/freiburg/rgbd_dataset_freiburg3_long_office_household/rgb/1341848000.058724.png","t":[0.729839026927948,-0.9893218278884888,1.7724652290344238]},{"R":[[-0.6657247543334961,0.4005577862262726,-0.6295744180679321],[-0.37804219126701355,0.5463712811470032,0.7473704218864441],[0.6433464288711548,0.735548734664917,-0.21230514347553253]],"file_name":"/home/jonas/Downloads/freiburg/rgbd_dataset_freiburg3_long_office_household/rgb/1341848000.426772.png","t":[0.5767114758491516,-1.0957310199737549,1.7396098375320435]},{"R":[[-0.714383065700531,0.37596169114112854,-0.5901776552200317],[-0.34298574924468994,0.547014057636261,0.763633668422699],[0.6099324822425842,0.747949481010437,-0.26182809472084045]],"file_name":"/home/jonas/Downloads/freiburg/rgbd_dataset_freiburg3_long_office_household/rgb/1341848000.762655.png","t":[0.4740528166294098,-1.0685360431671143,1.7593889236450195]},{"R":[[-0.7535508275032043,0.3732196092605591,-0.5411731004714966],[-0.2969129681587219,0.5412429571151733,0.7867011427879333],[0.586518406867981,0.7535006403923035,-0.29704031348228455]],"file_name":"/home/jonas/Downloads/freiburg/rgbd_dataset_freiburg3_long_office_household/rgb/1341848001.067042.png","t":[0.39664846658706665,-1.0498223304748535,1.7760897874832153]},{"R":[[-0.7678959369659424,0.364861398935318,-0.5265092253684998],[-0.285844087600708,0.5403892397880554,0.7913739085197449],[0.5732616782188416,0.7581923604011536,-0.3106692135334015]],"file_name":"/home/jonas/Downloads/freiburg/rgbd_dataset_freiburg3_long_office_household/rgb/1341848001.205951.png","t":[0.3709486722946167,-1.044331431388855,1.7764984369277954]},{"R":[[-0.8620315790176392,0.24760854244232178,-0.4422573745250702],[-0.2514168322086334,0.5487511157989502,0.7972840070724487],[0.44010356068611145,0.7984749674797058,-0.41078782081604004]],"file_name":"/home/jonas/Downloads/freiburg/rgbd_dataset_freiburg3_long_office_household/rgb/1341848001.666646.png","t":[0.08967750519514084,-1.003818154335022,1.7872203588485718]},{"R":[[-0.876491904258728,0.2333274632692337,-0.4210940897464752],[-0.23735588788986206,0.551548957824707,0.7996598482131958],[0.4188366234302521,0.8008445501327515,-0.4280465543270111]],"file_name":"/home/jonas/Downloads/freiburg/rgbd_dataset_freiburg3_long_office_household/rgb/1341848001.770725.png","t":[0.03911837190389633,-0.9873506426811218,1.7850223779678345]},{"R":[[-0.8957504630088806,0.2120591104030609,-0.3907198905944824],[-0.22223879396915436,0.5475887656211853,0.8066948056221008],[0.38502079248428345,0.8094303607940674,-0.4433751404285431]],"file_name":"/home/jonas/Downloads/freiburg/rgbd_dataset_freiburg3_long_office_household/rgb/1341848001.902749.png","t":[-0.03136172890663147,-0.980857253074646,1.7742873430252075]},{"R":[[-0.9205046892166138,0.20534861087799072,-0.33242008090019226],[-0.17939260601997375,0.5336877107620239,0.8264355659484863],[0.3471159040927887,0.8203714489936829,-0.45442402362823486]],"file_name":"/home/jonas/Downloads/freiburg/rgbd_dataset_freiburg3_long_office_household/rgb/1341848002.138653.png","t":[-0.12576743960380554,-0.9728372097015381,1.744520664215088]},{"R":[[-0.9423595666885376,0.1669430434703827,-0.28998005390167236],[-0.1659829318523407,0.5192607641220093,0.8383423686027527],[0.2905306816101074,0.8381516933441162,-0.46162062883377075]],"file_name":"/home/jonas/Downloads/freiburg/rgbd_dataset_freiburg3_long_office_household/rgb/1341848002.370786.png","t":[-0.22036629915237427,-0.9874557852745056,1.7018039226531982]},{"R":[[-0.9585524797439575,0.12827178835868835,-0.2544081211090088],[-0.16263341903686523,0.48682892322540283,0.8582237362861633],[0.23393912613391876,0.864027738571167,-0.44578981399536133]],"file_name":"/home/jonas/Downloads/freiburg/rgbd_dataset_freiburg3_long_office_household/rgb/1341848002.906656.png","t":[-0.26506489515304565,-1.0462247133255005,1.601442813873291]},{"R":[[-0.9483692049980164,0.14061996340751648,-0.2842918336391449],[-0.17948415875434875,0.5010727643966675,0.846588134765625],[0.2614980936050415,0.8539040088653564,-0.44996294379234314]],"file_name":"/home/jonas/Downloads/freiburg/rgbd_dataset_freiburg3_long_office_household/rgb/1341848003.110641.png","t":[-0.17490200698375702,-1.0287889242172241,1.6104862689971924]},{"R":[[-0.9372662901878357,0.10735118389129639,-0.3316740095615387],[-0.23083923757076263,0.5218340754508972,0.8212200999259949],[0.2612377405166626,0.8462652564048767,-0.46431663632392883]],"file_name":"/home/jonas/Downloads/freiburg/rgbd_dataset_freiburg3_long_office_household/rgb/1341848003.410779.png","t":[-0.08180949836969376,-1.0102182626724243,1.6087745428085327]},{"R":[[-0.9217943549156189,0.12431485950946808,-0.36720702052116394],[-0.25217780470848083,0.5271413922309875,0.8114975690841675],[0.2944512367248535,0.8406352996826172,-0.4545665383338928]],"file_name":"/home/jonas/Downloads/freiburg/rgbd_dataset_freiburg3_long_office_household/rgb/1341848003.510700.png","t":[0.011777411215007305,-1.007135272026062,1.605376124382019]},{"R":[[-0.9097469449043274,0.14130042493343353,-0.39037764072418213],[-0.2631058096885681,0.5311382412910461,0.8053990006446838],[0.32114771008491516,0.8354198932647705,-0.4460243880748749]],"file_name":"/home/jonas/Downloads/freiburg/rgbd_dataset_freiburg3_long_office_household/rgb/1341848003.617886.png","t":[0.08227571845054626,-1.0001057386398315,1.5991100072860718]},{"R":[[-0.8581818342208862,0.1786004602909088,-0.4812752306461334],[-0.32175740599632263,0.5433717370033264,0.7753833532333374],[0.39999517798423767,0.820273756980896,-0.4088457226753235]],"file_name":"/home/jonas/Downloads/freiburg/rgbd_dataset_freiburg3_long_office_household/rgb/1341848004.021643.png","t":[0.32101380825042725,-0.9683822989463806,1.5395678281784058]},{"R":[[-0.8486950397491455,0.18833473324775696,-0.4942132830619812],[-0.32950925827026367,0.5426322221755981,0.7726408839225769],[0.4136911630630493,0.8185843229293823,-0.39847126603126526]],"file_name":"/home/jonas/Downloads/freiburg/rgbd_dataset_freiburg3_long_office_household/rgb/1341848004.121698.png","t":[0.3605733811855316,-0.9644500017166138,1.5169720649719238]},{"R":[[-0.8163070678710938,0.2098798006772995,-0.5381386876106262],[-0.3598441779613495,0.5439924001693726,0.7580134868621826],[0.4518350660800934,0.8124178647994995,-0.36854082345962524]],"file_name":"/home/jonas/Downloads/freiburg/rgbd_dataset_freiburg3_long_office_household/rgb/1341848004.321820.png","t":[0.478671133518219,-0.9530449509620667,1.4646140336990356]},{"R":[[-0.7916953563690186,0.21766255795955658,-0.5708252787590027],[-0.38677945733070374,0.5446779131889343,0.7441287636756897],[0.472884863615036,0.8099067807197571,-0.3470315635204315]],"file_name":"/home/jonas/Downloads/freiburg/rgbd_dataset_freiburg3_long_office_household/rgb/1341848004.421857.png","t":[0.555722713470459,-0.9457927942276001,1.4285510778427124]},{"R":[[-0.7703917026519775,0.22164493799209595,-0.5978044867515564],[-0.4113222360610962,0.5436282157897949,0.7316299676895142],[0.48714545369148254,0.8095319271087646,-0.3276391625404358]],"file_name":"/home/jonas/Downloads/freiburg/rgbd_dataset_freiburg3_long_office_household/rgb/1341848004.525726.png","t":[0.6208674907684326,-0.941985011100769,1.396423101425171]},{"R":[[-0.5984116196632385,0.3096645176410675,-0.7389258742332458],[-0.5383778810501099,0.5276017785072327,0.657103955745697],[0.5933403968811035,0.7910400032997131,-0.14900648593902588]],"file_name":"/home/jonas/Downloads/freiburg/rgbd_dataset_freiburg3_long_office_household/rgb/1341848005.593673.png","t":[1.044207215309143,-0.9070807099342346,1.1166341304779053]},{"R":[[-0.5729789137840271,0.32039016485214233,-0.7543509006500244],[-0.5461536645889282,0.5370040535926819,0.6429174542427063],[0.611073911190033,0.7803696393966675,-0.13270977139472961]],"file_name":"/home/jonas/Downloads/freiburg/rgbd_dataset_freiburg3_long_office_household/rgb/1341848005.729741.png","t":[1.0955783128738403,-0.8802035450935364,1.0904241800308228]},{"R":[[-0.5486767888069153,0.3331173062324524,-0.7668029069900513],[-0.5496860146522522,0.547326922416687,0.6310930848121643],[0.6299199461936951,0.7677669525146484,-0.11719565838575363]],"file_name":"/home/jonas/Downloads/freiburg/rgbd_dataset_freiburg3_long_office_household/rgb/1341848005.861699.png","t":[1.1435611248016357,-0.8542806506156921,1.0647897720336914]},{"R":[[-0.5289857387542725,0.40770450234413147,-0.7442789077758789],[-0.46874821186065674,0.5907268524169922,0.6567472219467163],[0.7074243426322937,0.6962893009185791,-0.12137532979249954]],"file_name":"/home/jonas/Downloads/freiburg/rgbd_dataset_freiburg3_long_office_household/rgb/1341848007.331423.png","t":[1.295836091041565,-0.8074585199356079,1.066109299659729]},{"R":[[-0.5785235166549683,0.39886024594306946,-0.711492121219635],[-0.4460105895996094,0.5756379961967468,0.6853578686714172],[0.6829239130020142,0.7138286828994751,-0.1551242470741272]],"file_name":"/home/jonas/Downloads/freiburg/rgbd_dataset_freiburg3_long_office_household/rgb/1341848007.702797.png","t":[1.2584421634674072,-0.8548680543899536,1.141698956489563]},{"R":[[-0.6828075647354126,0.3683035373687744,-0.6309725642204285],[-0.39733412861824036,0.5375526547431946,0.7437491416931152],[0.613106369972229,0.7585444450378418,-0.22070544958114624]],"file_name":"/home/jonas/Downloads/freiburg/rgbd_dataset_freiburg3_long_office_household/rgb/1341848008.138809.png","t":[1.1088106632232666,-0.9582622051239014,1.2643048763275146]},{"R":[[-0.9012182354927063,0.2229793220758438,-0.37159910798072815],[-0.2480432242155075,0.43771928548812866,0.8642200827598572],[0.3553593158721924,0.8710235357284546,-0.3391720950603485]],"file_name":"/home/jonas/Downloads/freiburg/rgbd_dataset_freiburg3_long_office_household/rgb/1341848009.479022.png","t":[0.6075345873832703,-1.2127127647399902,1.490305781364441]},{"R":[[-0.9076935052871704,0.20915256440639496,-0.36379632353782654],[-0.24831998348236084,0.4311392605304718,0.8674423098564148],[0.33827465772628784,0.8777096271514893,-0.33940553665161133]],"file_name":"/home/jonas/Downloads/freiburg/rgbd_dataset_freiburg3_long_office_household/rgb/1341848009.610955.png","t":[0.594959557056427,-1.2239314317703247,1.4871258735656738]},{"R":[[-0.9064372777938843,0.20272256433963776,-0.3705064654350281],[-0.25186222791671753,0.44474244117736816,0.8595170378684998],[0.3390234410762787,0.8724148869514465,-0.35207295417785645]],"file_name":"/home/jonas/Downloads/freiburg/rgbd_dataset_freiburg3_long_office_household/rgb/1341848010.114748.png","t":[0.6542295813560486,-1.1905808448791504,1.465773344039917]},{"R":[[-0.9344063401222229,0.1806851476430893,-0.3069815933704376],[-0.21352605521678925,0.40568456053733826,0.8887219429016113],[0.2851165533065796,0.8959759473800659,-0.34049323201179504]],"file_name":"/home/jonas/Downloads/freiburg/rgbd_dataset_freiburg3_long_office_household/rgb/1341848010.582861.png","t":[0.5346165895462036,-1.2228153944015503,1.3982774019241333]},{"R":[[-0.9406229257583618,0.17146769165992737,-0.29296302795410156],[-0.20557184517383575,0.3990449011325836,0.8935901522636414],[0.27012723684310913,0.9007563591003418,-0.34010183811187744]],"file_name":"/home/jonas/Downloads/freiburg/rgbd_dataset_freiburg3_long_office_household/rgb/1341848010.682633.png","t":[0.5033434629440308,-1.2273881435394287,1.3918122053146362]},{"R":[[-0.9662137627601624,0.13324125111103058,-0.22063034772872925],[-0.15234492719173431,0.39523759484291077,0.9058577418327332],[0.20789901912212372,0.9088641405105591,-0.3615853786468506]],"file_name":"/home/jonas/Downloads/freiburg/rgbd_dataset_freiburg3_long_office_household/rgb/1341848011.154630.png","t":[0.3483831286430359,-1.218981146812439,1.403338074684143]},{"R":[[-0.9925202131271362,0.050735797733068466,-0.11103814095258713],[-0.08395814895629883,0.37662577629089355,0.9225530028343201],[0.08862628787755966,0.9249750971794128,-0.3695490062236786]],"file_name":"/home/jonas/Downloads/freiburg/rgbd_dataset_freiburg3_long_office_household/rgb/1341848011.790831.png","t":[0.10280449688434601,-1.2382107973098755,1.3827959299087524]},{"R":[[-0.996893584728241,0.025480126962065697,-0.0745249018073082],[-0.06063941493630409,0.3555125594139099,0.932702362537384],[0.05025991052389145,0.9343241453170776,-0.3528631031513214]],"file_name":"/home/jonas/Downloads/freiburg/rgbd_dataset_freiburg3_long_office_household/rgb/1341848012.090822.png","t":[0.017839845269918442,-1.2551802396774292,1.33292555809021]},{"R":[[-0.9313201904296875,0.05876743793487549,-0.35942885279655457],[-0.3193334937095642,0.34278175234794617,0.8834742903709412],[0.17512516677379608,0.937575101852417,-0.300473153591156]],"file_name":"/home/jonas/Downloads/freiburg/rgbd_dataset_freiburg3_long_office_household/rgb/1341848013.162759.png","t":[0.5169128775596619,-1.169466257095337,1.1653317213058472]},{"R":[[-0.8961255550384521,0.10995452105998993,-0.42996397614479065],[-0.37107354402542114,0.3457966446876526,0.8618173003196716],[0.24344080686569214,0.9318447709083557,-0.26907598972320557]],"file_name":"/home/jonas/Downloads/freiburg/rgbd_dataset_freiburg3_long_office_household/rgb/1341848013.398748.png","t":[0.6772011518478394,-1.1446716785430908,1.1116093397140503]},{"R":[[-0.8721144795417786,0.1381024867296219,-0.46940818428993225],[-0.4053927958011627,0.33326593041419983,0.8512288331985474],[0.2739945650100708,0.9326636791229248,-0.2346602976322174]],"file_name":"/home/jonas/Downloads/freiburg/rgbd_dataset_freiburg3_long_office_household/rgb/1341848013.498782.png","t":[0.7648525238037109,-1.137688398361206,1.058292031288147]},{"R":[[-0.8187488913536072,0.17298589646816254,-0.5474725365638733],[-0.4657468795776367,0.35750290751457214,0.8094884157180786],[0.33575311303138733,0.9177513718605042,-0.21213747560977936]],"file_name":"/home/jonas/Downloads/freiburg/rgbd_dataset_freiburg3_long_office_household/rgb/1341848013.698821.png","t":[0.9316100478172302,-1.0583044290542603,1.014089584350586]},{"R":[[-0.7961363792419434,0.1844966560602188,-0.5763053297996521],[-0.48309019207954407,0.3797445297241211,0.7889347076416016],[0.3644045889377594,0.9065070748329163,-0.2131999135017395]],"file_name":"/home/jonas/Downloads/freiburg/rgbd_dataset_freiburg3_long_office_household/rgb/1341848013.802717.png","t":[0.9951819181442261,-1.0108798742294312,1.010034203529358]},{"R":[[-0.692070484161377,0.2303265482187271,-0.6840965747833252],[-0.5686617493629456,0.4097549617290497,0.7132493853569031],[0.4445922374725342,0.8826383948326111,-0.1526014357805252]],"file_name":"/home/jonas/Downloads/freiburg/rgbd_dataset_freiburg3_long_office_household/rgb/1341848014.170724.png","t":[1.2295929193496704,-0.8710149526596069,0.8866639137268066]},{"R":[[-0.654268741607666,0.24327078461647034,-0.716066837310791],[-0.5937708616256714,0.42116084694862366,0.685608983039856],[0.46836796402931213,0.8737521767616272,-0.13110527396202087]],"file_name":"/home/jonas/Downloads/freiburg/rgbd_dataset_freiburg3_long_office_household/rgb/1341848014.270714.png","t":[1.3016499280929565,-0.8163936138153076,0.8398468494415283]},{"R":[[-0.6157807111740112,0.26281166076660156,-0.7427948117256165],[-0.6126242876052856,0.43314123153686523,0.6611203551292419],[0.49548521637916565,0.8621593117713928,-0.10571520775556564]],"file_name":"/home/jonas/Downloads/freiburg/rgbd_dataset_freiburg3_long_office_household/rgb/1341848014.370553.png","t":[1.3715838193893433,-0.7659731507301331,0.7850173115730286]},{"R":[[-0.5657438039779663,0.27844539284706116,-0.7761456966400146],[-0.6353059411048889,0.45285457372665405,0.6255470514297485],[0.525661826133728,0.8469893336296082,-0.07930167019367218]],"file_name":"/home/jonas/Downloads/freiburg/rgbd_dataset_freiburg3_long_office_household/rgb/1341848014.470783.png","t":[1.4482266902923584,-0.6897876262664795,0.7265267372131348]},{"R":[[-0.5144301056861877,0.2892986238002777,-0.8072595596313477],[-0.6505152583122253,0.4817178249359131,0.5871778726577759],[0.55874103307724,0.8271965980529785,-0.05961696803569794]],"file_name":"/home/jonas/Downloads/freiburg/rgbd_dataset_freiburg3_long_office_household/rgb/1341848014.570790.png","t":[1.518072247505188,-0.6029212474822998,0.6763995289802551]},{"R":[[-0.47426944971084595,0.31120064854621887,-0.8235427737236023],[-0.6552726030349731,0.49994173645973206,0.5662826299667358],[0.5879509449005127,0.8082155585289001,-0.03318583220243454]],"file_name":"/home/jonas/Downloads/freiburg/rgbd_dataset_freiburg3_long_office_household/rgb/1341848014.670828.png","t":[1.5705740451812744,-0.55079185962677,0.6144874095916748]},{"R":[[-0.43056172132492065,0.3387731909751892,-0.8365699648857117],[-0.6449747681617737,0.5328946113586426,0.5477507710456848],[0.6313669085502625,0.7754070162773132,-0.01094385888427496]],"file_name":"/home/jonas/Downloads/freiburg/rgbd_dataset_freiburg3_long_office_household/rgb/1341848014.806669.png","t":[1.6232916116714478,-0.4934947192668915,0.5473508834838867]},{"R":[[-0.28587812185287476,0.3847658336162567,-0.877626895904541],[-0.7042040824890137,0.5367791652679443,0.46472007036209106],[0.6499002575874329,0.7508817315101624,0.11750026792287827]],"file_name":"/home/jonas/Downloads/freiburg/rgbd_dataset_freiburg3_long_office_household/rgb/1341848015.207238.png","t":[1.734558343887329,-0.3422001600265503,0.29064708948135376]},{"R":[[0.1304394006729126,0.5009226202964783,-0.8556062579154968],[-0.6450777053833008,0.6982161998748779,0.31043338775634766],[0.7529012560844421,0.5114398002624512,0.41420891880989075]],"file_name":"/home/jonas/Downloads/freiburg/rgbd_dataset_freiburg3_long_office_household/rgb/1341848016.850754.png","t":[1.7888684272766113,0.030648473650217056,-0.376858115196228]},{"R":[[0.12570792436599731,0.5030012726783752,-0.8550949096679688],[-0.6480692028999329,0.6942406892776489,0.31310734152793884],[0.7511350512504578,0.5148006081581116,0.4132511615753174]],"file_name":"/home/jonas/Downloads/freiburg/rgbd_dataset_freiburg3_long_office_household/rgb/1341848016.918907.png","t":[1.7971292734146118,0.02194085158407688,-0.3683048486709595]},{"R":[[0.11295345425605774,0.49748551845550537,-0.8600870370864868],[-0.6478899121284485,0.6931649446487427,0.3158496022224426],[0.7533127665519714,0.5215653777122498,0.4006112515926361]],"file_name":"/home/jonas/Downloads/freiburg/rgbd_dataset_freiburg3_long_office_household/rgb/1341848017.050760.png","t":[1.8171995878219604,0.011811685748398304,-0.3340517580509186]},{"R":[[-0.06164555624127388,0.5044630169868469,-0.8612298369407654],[-0.5888904929161072,0.6782937049865723,0.4394606053829193],[0.8058584332466125,0.5342608690261841,0.2552596926689148]],"file_name":"/home/jonas/Downloads/freiburg/rgbd_dataset_freiburg3_long_office_household/rgb/1341848017.654814.png","t":[1.8652387857437134,-0.22588932514190674,-0.020085729658603668]},{"R":[[-0.0983472540974617,0.5111736059188843,-0.8538321852684021],[-0.5563029646873474,0.6831714510917664,0.47307902574539185],[0.8251392841339111,0.5215153694152832,0.21717937290668488]],"file_name":"/home/jonas/Downloads/freiburg/rgbd_dataset_freiburg3_long_office_household/rgb/1341848017.854726.png","t":[1.8657567501068115,-0.28093478083610535,0.04960767179727554]},{"R":[[-0.15035216510295868,0.5043214559555054,-0.850325882434845],[-0.5547893047332764,0.6688684821128845,0.4947967529296875],[0.8182927966117859,0.5461454391479492,0.1792263239622116]],"file_name":"/home/jonas/Downloads/freiburg/rgbd_dataset_freiburg3_long_office_household/rgb/1341848018.159145.png","t":[1.8664714097976685,-0.3347604274749756,0.1480279564857483]},{"R":[[-0.18442021310329437,0.5042293667793274,-0.8436480164527893],[-0.550098180770874,0.6583743691444397,0.5137462019920349],[0.8144821524620056,0.558834433555603,0.1559581309556961]],"file_name":"/home/jonas/Downloads/freiburg/rgbd_dataset_freiburg3_long_office_household/rgb/1341848018.290747.png","t":[1.8632606267929077,-0.37814807891845703,0.20428666472434998]},{"R":[[-0.33980798721313477,0.4873054623603821,-0.8044028282165527],[-0.5184777975082397,0.616528332233429,0.59251469373703],[0.784672737121582,0.6184062361717224,0.04315580055117607]],"file_name":"/home/jonas/Downloads/freiburg/rgbd_dataset_freiburg3_long_office_household/rgb/1341848018.969688.png","t":[1.8653088808059692,-0.5649396777153015,0.485687792301178]},{"R":[[-0.36487945914268494,0.47227245569229126,-0.8023850321769714],[-0.5134411454200745,0.6168491840362549,0.5965527892112732],[0.7766860127449036,0.6296473741531372,0.017408495768904686]],"file_name":"/home/jonas/Downloads/freiburg/rgbd_dataset_freiburg3_long_office_household/rgb/1341848019.130792.png","t":[1.8665621280670166,-0.5725657939910889,0.5542017817497253]},{"R":[[-0.40014323592185974,0.45766398310661316,-0.7939956188201904],[-0.508344829082489,0.6100374460220337,0.6078155636787415],[0.7625424265861511,0.6468368768692017,-0.011451231315732002]],"file_name":"/home/jonas/Downloads/freiburg/rgbd_dataset_freiburg3_long_office_household/rgb/1341848019.262728.png","t":[1.8526201248168945,-0.6028975248336792,0.6313187479972839]},{"R":[[-0.44818148016929626,0.4338316321372986,-0.7816159129142761],[-0.5028129816055298,0.6005890965461731,0.6216685771942139],[0.7391294836997986,0.6716269850730896,-0.05103674158453941]],"file_name":"/home/jonas/Downloads/freiburg/rgbd_dataset_freiburg3_long_office_household/rgb/1341848019.431028.png","t":[1.8305267095565796,-0.6446995735168457,0.7408599257469177]},{"R":[[-0.614181637763977,0.38668549060821533,-0.6879355311393738],[-0.42799562215805054,0.5691741704940796,0.7020402550697327],[0.6630238890647888,0.7256135940551758,-0.18407662212848663]],"file_name":"/home/jonas/Downloads/freiburg/rgbd_dataset_freiburg3_long_office_household/rgb/1341848020.134758.png","t":[1.690195083618164,-0.856975257396698,1.0966051816940308]},{"R":[[-0.657704770565033,0.35754069685935974,-0.6630151271820068],[-0.4097447693347931,0.5687612891197205,0.713175892829895],[0.6320867538452148,0.7407261729240417,-0.2275765836238861]],"file_name":"/home/jonas/Downloads/freiburg/rgbd_dataset_freiburg3_long_office_household/rgb/1341848020.302754.png","t":[1.6313831806182861,-0.8806626796722412,1.2022148370742798]},{"R":[[-0.7038350701332092,0.33262041211128235,-0.6276781558990479],[-0.37843960523605347,0.5722009539604187,0.7275778651237488],[0.6011652946472168,0.7496330738067627,-0.2768583297729492]],"file_name":"/home/jonas/Downloads/freiburg/rgbd_dataset_freiburg3_long_office_household/rgb/1341848020.471200.png","t":[1.5567471981048584,-0.9042654633522034,1.3091764450073242]},{"R":[[-0.7513133883476257,0.32550573348999023,-0.574085533618927],[-0.33569690585136414,0.5604473352432251,0.7571039199829102],[0.5681864023208618,0.7615410685539246,-0.3118003308773041]],"file_name":"/home/jonas/Downloads/freiburg/rgbd_dataset_freiburg3_long_office_household/rgb/1341848020.638929.png","t":[1.465306043624878,-0.9796467423439026,1.3998421430587769]},{"R":[[-0.7781736254692078,0.315180242061615,-0.5432377457618713],[-0.3204832673072815,0.5445960164070129,0.7750520706176758],[0.5401262044906616,0.7772236466407776,-0.3227802515029907]],"file_name":"/home/jonas/Downloads/freiburg/rgbd_dataset_freiburg3_long_office_household/rgb/1341848020.807216.png","t":[1.4144179821014404,-1.0339250564575195,1.4404542446136475]},{"R":[[-0.821248471736908,0.2826223075389862,-0.4956567585468292],[-0.2942061126232147,0.5345568060874939,0.7922700643539429],[0.488869845867157,0.7964757680892944,-0.35585471987724304]],"file_name":"/home/jonas/Downloads/freiburg/rgbd_dataset_freiburg3_long_office_household/rgb/1341848021.142795.png","t":[1.3282034397125244,-1.0793242454528809,1.534224510192871]},{"R":[[-0.909977912902832,0.19525398313999176,-0.36580875515937805],[-0.20125402510166168,0.5633529424667358,0.8013303279876709],[0.36254239082336426,0.8028134107589722,-0.4733431041240692]],"file_name":"/home/jonas/Downloads/freiburg/rgbd_dataset_freiburg3_long_office_household/rgb/1341848021.678764.png","t":[1.0628057718276978,-1.0756961107254028,1.805220603942871]},{"R":[[-0.9268310070037842,0.17194654047489166,-0.33379441499710083],[-0.18836995959281921,0.5560893416404724,0.8094945549964905],[0.3248092830181122,0.8131414651870728,-0.48301124572753906]],"file_name":"/home/jonas/Downloads/freiburg/rgbd_dataset_freiburg3_long_office_household/rgb/1341848021.844563.png","t":[0.9978280067443848,-1.104729413986206,1.8408440351486206]},{"R":[[-0.9400395750999451,0.14355488121509552,-0.3093826174736023],[-0.179072767496109,0.5642791390419006,0.8059293031692505],[0.2902732491493225,0.8130074143409729,-0.5047379732131958]],"file_name":"/home/jonas/Downloads/freiburg/rgbd_dataset_freiburg3_long_office_household/rgb/1341848022.010782.png","t":[0.9471523761749268,-1.0857317447662354,1.8890000581741333]},{"R":[[-0.9545071125030518,0.11446285992860794,-0.27534419298171997],[-0.16358532011508942,0.5710293650627136,0.8044658303260803],[0.24931108951568604,0.8129106163978577,-0.5263271927833557]],"file_name":"/home/jonas/Downloads/freiburg/rgbd_dataset_freiburg3_long_office_household/rgb/1341848022.178988.png","t":[0.8745150566101074,-1.071985125541687,1.9329332113265991]},{"R":[[-0.9907031059265137,0.06895675510168076,-0.11727025359869003],[-0.052568286657333374,0.6010165810585022,0.7975059151649475],[0.12547478079795837,0.7962562441825867,-0.5918040871620178]],"file_name":"/home/jonas/Downloads/freiburg/rgbd_dataset_freiburg3_long_office_household/rgb/1341848022.690287.png","t":[0.5716016292572021,-1.0147181749343872,2.065359592437744]},{"R":[[-0.9978333711624146,0.030178755521774292,-0.05846245959401131],[-0.02982517145574093,0.5845550894737244,0.8108056783676147],[0.058643635362386703,0.8107925653457642,-0.5823884606361389]],"file_name":"/home/jonas/Downloads/freiburg/rgbd_dataset_freiburg3_long_office_household/rgb/1341848022.850799.png","t":[0.4335111677646637,-1.0593085289001465,2.0668857097625732]},{"R":[[-0.9985578060150146,-0.053623758256435394,-0.0026055220514535904],[-0.0324995331466198,0.5651372671127319,0.8243564963340759],[-0.042732615023851395,0.8232523202896118,-0.5660649538040161]],"file_name":"/home/jonas/Downloads/freiburg/rgbd_dataset_freiburg3_long_office_household/rgb/1341848023.018822.png","t":[0.24989600479602814,-1.1034430265426636,2.067765951156616]},{"R":[[-0.9812167882919312,-0.13887611031532288,0.13389182090759277],[0.04114827141165733,0.5274209976196289,0.848607063293457],[-0.18846860527992249,0.8381769061088562,-0.5117998123168945]],"file_name":"/home/jonas/Downloads/freiburg/rgbd_dataset_freiburg3_long_office_household/rgb/1341848023