0 1 0 0 -0 0 1 0 -0 0 0 1 -0
1 0.999668 0.0255518 -0.00322351 -0.0927635 -0.0255225 0.999635 0.00884103 -0.993906 0.00344823 -0.00875583 0.999956 -0.0595431
2 1 0 0 -0 0 1 0 -0 0 0 1 -0
3 1 0 0 -0 0 1 0 -0 0 0 1 -0
4 1 0 0 -0 0 1 0 -0 0 0 1 -0
5 1 0 0 -0 0 1 0 -0 0 0 1 -0
6 1 0 0 -0 0 1 0 -0 0 0 1 -0
7 1 0 0 -0 0 1 0 -0 0 0 1 -0
8 1 0 0 -0 0 1 0 -0 0 0 1 -0
9 1 0 0 -0 0 1 0 -0 0 0 1 -0
10 1 0 0 -0 0 1 0 -0 0 0 1 -0
11 1 0 0 -0 0 1 0 -0 0 0 1 -0
12 1 0 0 -0 0 1 0 -0 0 0 1 -0
13 1 0 0 -0 0 1 0 -0 0 0 1 -0
14 1 0 0 -0 0 1 0 -0 0 0 1 -0
15 1 0 0 -0 0 1 0 -0 0 0 1 -0
16 1 0 0 -0 0 1 0 -0 0 0 1 -0
17 1 0 0 -0 0 1 0 -0 0 0 1 -0
18 1 0 0 -0 0 1 0 -0 0 0 1 -0
19 1 0 0 -0 0 1 0 -0 0 0 1 -0
20 1 0 0 -0 0 1 0 -0 0 0 1 -0
21 1 0 0 -0 0 1 0 -0 0 0 1 -0
22 1 0 0 -0 0 1 0 -0 0 0 1 -0
23 1 0 0 -0 0 1 0 -0 0 0 1 -0
24 1 0 0 -0 0 1 0 -0 0 0 1 -0
25 1 0 0 -0 0 1 0 -0 0 0 1 -0
26 1 0 0 -0 0 1 0 -0 0 0 1 -0
27 1 0 0 -0 0 1 0 -0 0 0 1 -0
28 1 0 0 -0 0 1 0 -0 0 0 1 -0
29 1 0 0 -0 0 1 0 -0 0 0 1 -0
30 1 0 0 -0 0 1 0 -0 0 0 1 -0
31 1 0 0 -0 0 1 0 -0 0 0 1 -0
32 1 0 0 -0 0 1 0 -0 0 0 1 -0
33 1 0 0 -0 0 1 0 -0 0 0 1 -0
34 1 0 0 -0 0 1 0 -0 0 0 1 -0
35 1 0 0 -0 0 1 0 -0 0 0 1 -0
36 1 0 0 -0 0 1 0 -0 0 0 1 -0
37 1 0 0 -0 0 1 0 -0 0 0 1 -0
38 1 0 0 -0 0 1 0 -0 0 0 1 -0
39 1 0 0 -0 0 1 0 -0 0 0 1 -0
40 1 0 0 -0 0 1 0 -0 0 0 1 -0
41 1 0 0 -0 0 1 0 -0 0 0 1 -0
42 1 0 0 -0 0 1 0 -0 0 0 1 -0
43 1 0 0 -0 0 1 0 -0 0 0 1 -0
44 1 0 0 -0 0 1 0 -0 0 0 1 -0
45 1 0 0 -0 0 1 0 -0 0 0 1 -0
46 1 0 0 -0 0 1 0 -0 0 0 1 -0
47 1 0 0 -0 0 1 0 -0 0 0 1 -0
48 1 0 0 -0 0 1 0 -0 0 0 1 -0
49 1 0 0 -0 0 1 0 -0 0 0 1 -0
50 1 0 0 -0 0 1 0 -0 0 0 1 -0
51 1 0 0 -0 0 1 0 -0 0 0 1 -0
52 1 0 0 -0 0 1 0 -0 0 0 1 -0
53 1 0 0 -0 0 1 0 -0 0 0 1 -0
54 1 0 0 -0 0 1 0 -0 0 0 1 -0
55 1 0 0 -0 0 1 0 -0 0 0 1 -0
56 1 0 0 -0 0 1 0 -0 0 0 1 -0
57 1 0 0 -0 0 1 0 -0 0 0 1 -0
58 1 0 0 -0 0 1 0 -0 0 0 1 -0
59 1 0 0 -0 0 1 0 -0 0 0 1 -0
60 1 0 0 -0 0 1 0 -0 0 0 1 -0
61 1 0 0 -0 0 1 0 -0 0 0 1 -0
62 1 0 0 -0 0 1 0 -0 0 0 1 -0
63 1 0 0 -0 0 1 0 -0 0 0 1 -0
64 1 0 0 -0 0 1 0 -0 0 0 1 -0
65 1 0 0 -0 0 1 0 -0 0 0 1 -0
66 1 0 0 -0 0 1 0 -0 0 0 1 -0
67 0.997219 -0.0435468 0.0604828 0.880991 0.0476386 0.996551 -0.0679472 -0.410483 -0.0573153 0.0706395 0.995854 -0.235284
68 1 0 0 -0 0 1 0 -0 0 0 1 -0
69 1 0 0 -0 0 1 0 -0 0 0 1 -0
70 1 0 0 -0 0 1 0 -0 0 0 1 -0
71 1 0 0 -0 0 1 0 -0 0 0 1 -0
72 1 0 0 -0 0 1 0 -0 0 0 1 -0
73 1 0 0 -0 0 1 0 -0 0 0 1 -0
74 1 0 0 -0 0 1 0 -0 0 0 1 -0
75 1 0 0 -0 0 1 0 -0 0 0 1 -0
76 1 0 0 -0 0 1 0 -0 0 0 1 -0
77 1 0 0 -0 0 1 0 -0 0 0 1 -0
78 1 0 0 -0 0 1 0 -0 0 0 1 -0
79 1 0 0 -0 0 1 0 -0 0 0 1 -0
80 1 0 0 -0 0 1 0 -0 0 0 1 -0
81 1 0 0 -0 0 1 0 -0 0 0 1 -0
82 1 0 0 -0 0 1 0 -0 0 0 1 -0
83 1 0 0 -0 0 1 0 -0 0 0 1 -0
84 1 0 0 -0 0 1 0 -0 0 0 1 -0
85 1 0 0 -0 0 1 0 -0 0 0 1 -0
86 1 0 0 -0 0 1 0 -0 0 0 1 -0
87 1 0 0 -0 0 1 0 -0 0 0 1 -0
88 1 0 0 -0 0 1 0 -0 0 0 1 -0
89 1 0 0 -0 0 1 0 -0 0 0 1 -0
90 1 0 0 -0 0 1 0 -0 0 0 1 -0
91 1 0 0 -0 0 1 0 -0 0 0 1 -0
92 1 0 0 -0 0 1 0 -0 0 0 1 -0
93 1 0 0 -0 0 1 0 -0 0 0 1 -0
94 1 0 0 -0 0 1 0 -0 0 0 1 -0
95 1 0 0 -0 0 1 0 -0 0 0 1 -0
96 1 0 0 -0 0 1 0 -0 0 0 1 -0
97 1 0 0 -0 0 1 0 -0 0 0 1 -0
98 1 0 0 -0 0 1 0 -0 0 0 1 -0
99 1 0 0 -0 0 1 0 -0 0 0 1 -0
100 1 0 0 -0 0 1 0 -0 0 0 1 -0
101 1 0 0 -0 0 1 0 -0 0 0 1 -0
102 1 0 0 -0 0 1 0 -0 0 0 1 -0
103 1 0 0 -0 0 1 0 -0 0 0 1 -0
104 1 0 0 -0 0 1 0 -0 0 0 1 -0
105 1 0 0 -0 0 1 0 -0 0 0 1 -0
106 1 0 0 -0 0 1 0 -0 0 0 1 -0
107 1 0 0 -0 0 1 0 -0 0 0 1 -0
108 1 0 0 -0 0 1 0 -0 0 0 1 -0
109 1 0 0 -0 0 1 0 -0 0 0 1 -0
110 1 0 0 -0 0 1 0 -0 0 0 1 -0
111 1 0 0 -0 0 1 0 -0 0 0 1 -0
112 1 0 0 -0 0 1 0 -0 0 0 1 -0
113 1 0 0 -0 0 1 0 -0 0 0 1 -0
114 1 0 0 -0 0 1 0 -0 0 0 1 -0
115 1 0 0 -0 0 1 0 -0 0 0 1 -0
116 1 0 0 -0 0 1 0 -0 0 0 1 -0
117 1 0 0 -0 0 1 0 -0 0 0 1 -0
118 1 0 0 -0 0 1 0 -0 0 0 1 -0
119 1 0 0 -0 0 1 0 -0 0 0 1 -0
120 1 0 0 -0 0 1 0 -0 0 0 1 -0
121 1 0 0 -0 0 1 0 -0 0 0 1 -0
122 1 0 0 -0 0 1 0 -0 0 0 1 -0
123 1 0 0 -0 0 1 0 -0 0 0 1 -0
124 1 0 0 -0 0 1 0 -0 0 0 1 -0
125 1 0 0 -0 0 1 0 -0 0 0 1 -0
126 1 0 0 -0 0 1 0 -0 0 0 1 -0
127 1 0 0 -0 0 1 0 -0 0 0 1 -0
128 1 0 0 -0 0 1 0 -0 0 0 1 -0
129 1 0 0 -0 0 1 0 -0 0 0 1 -0
130 1 0 0 -0 0 1 0 -0 0 0 1 -0
131 1 0 0 -0 0 1 0 -0 0 0 1 -0
132 1 0 0 -0 0 1 0 -0 0 0 1 -0
133 1 0 0 -0 0 1 0 -0 0 0 1 -0
134 1 0 0 -0 0 1 0 -0 0 0 1 -0
135 1 0 0 -0 0 1 0 -0 0 0 1 -0
136 1 0 0 -0 0 1 0 -0 0 0 1 -0
137 1 0 0 -0 0 1 0 -0 0 0 1 -0
138 1 0 0 -0 0 1 0 -0 0 0 1 -0
139 1 0 0 -0 0 1 0 -0 0 0 1 -0
140 1 0 0 -0 0 1 0 -0 0 0 1 -0
141 1 0 0 -0 0 1 0 -0 0 0 1 -0
142 1 0 0 -0 0 1 0 -0 0 0 1 -0
143 1 0 0 -0 0 1 0 -0 0 0 1 -0
144 1 0 0 -0 0 1 0 -0 0 0 1 -0
145 1 0 0 -0 0 1 0 -0 0 0 1 -0
146 1 0 0 -0 0 1 0 -0 0 0 1 -0
147 1 0 0 -0 0 1 0 -0 0 0 1 -0
148 1 0 0 -0 0 1 0 -0 0 0 1 -0
149 1 0 0 -0 0 1 0 -0 0 0 1 -0
150 1 0 0 -0 0 1 0 -0 0 0 1 -0
151 1 0 0 -0 0 1 0 -0 0 0 1 -0
152 1 0 0 -0 0 1 0 -0 0 0 1 -0
153 1 0 0 -0 0 1 0 -0 0 0 1 -0
154 1 0 0 -0 0 1 0 -0 0 0 1 -0
155 1 0 0 -0 0 1 0 -0 0 0 1 -0
156 1 0 0 -0 0 1 0 -0 0 0 1 -0
157 1 0 0 -0 0 1 0 -0 0 0 1 -0
158 1 0 0 -0 0 1 0 -0 0 0 1 -0
159 1 0 0 -0 0 1 0 -0 0 0 1 -0
160 1 0 0 -0 0 1 0 -0 0 0 1 -0
161 1 0 0 -0 0 1 0 -0 0 0 1 -0
162 1 0 0 -0 0 1 0 -0 0 0 1 -0
163 1 0 0 -0 0 1 0 -0 0 0 1 -0
164 1 0 0 -0 0 1 0 -0 0 0 1 -0
165 1 0 0 -0 0 1 0 -0 0 0 1 -0
166 1 0 0 -0 0 1 0 -0 0 0 1 -0
167 1 0 0 -0 0 1 0 -0 0 0 1 -0
168 1 0 0 -0 0 1 0 -0 0 0 1 -0
169 1 0 0 -0 0 1 0 -0 0 0 1 -0
170 1 0 0 -0 0 1 0 -0 0 0 1 -0
171 1 0 0 -0 0 1 0 -0 0 0 1 -0
172 1 0 0 -0 0 1 0 -0 0 0 1 -0
173 1 0 0 -0 0 1 0 -0 0 0 1 -0
174 1 0 0 -0 0 1 0 -0 0 0 1 -0
175 1 0 0 -0 0 1 0 -0 0 0 1 -0
176 1 0 0 -0 0 1 0 -0 0 0 1 -0
177 1 0 0 -0 0 1 0 -0 0 0 1 -0
178 1 0 0 -0 0 1 0 -0 0 0 1 -0
179 1 0 0 -0 0 1 0 -0 0 0 1 -0
180 1 0 0 -0 0 1 0 -0 0 0 1 -0
181 1 0 0 -0 0 1 0 -0 0 0 1 -0
182 1 0 0 -0 0 1 0 -0 0 0 1 -0
183 1 0 0 -0 0 1 0 -0 0 0 1 -0
184 1 0 0 -0 0 1 0 -0 0 0 1 -0
185 1 0 0 -0 0 1 0 -0 0 0 1 -0
186 1 0 0 -0 0 1 0 -0 0 0 1 -0
187 1 0 0 -0 0 1 0 -0 0 0 1 -0
188 1 0 0 -0 0 1 0 -0 0 0 1 -0
189 1 0 0 -0 0 1 0 -0 0 0 1 -0
190 1 0 0 -0 0 1 0 -0 0 0 1 -0
191 1 0 0 -0 0 1 0 -0 0 0 1 -0
192 1 0 0 -0 0 1 0 -0 0 0 1 -0
193 1 0 0 -0 0 1 0 -0 0 0 1 -0
194 1 0 0 -0 0 1 0 -0 0 0 1 -0
195 1 0 0 -0 0 1 0 -0 0 0 1 -0
196 1 0 0 -0 0 1 0 -0 0 0 1 -0
197 1 0 0 -0 0 1 0 -0 0 0 1 -0
198 1 0 0 -0 0 1 0 -0 0 0 1 -0
199 1 0 0 -0 0 1 0 -0 0 0 1 -0
200 1 0 0 -0 0 1 0 -0 0 0 1 -0
201 1 0 0 -0 0 1 0 -0 0 0 1 -0
202 1 0 0 -0 0 1 0 -0 0 0 1 -0
203 1 0 0 -0 0 1 0 -0 0 0 1 -0
204 1 0 0 -0 0 1 0 -0 0 0 1 -0
205 1 0 0 -0 0 1 0 -0 0 0 1 -0
206 1 0 0 -0 0 1 0 -0 0 0 1 -0
207 1 0 0 -0 0 1 0 -0 0 0 1 -0
208 1 0 0 -0 0 1 0 -0 0 0 1 -0
209 1 0 0 -0 0 1 0 -0 0 0 1 -0
210 1 0 0 -0 0 1 0 -0 0 0 1 -0
211 1 0 0 -0 0 1 0 -0 0 0 1 -0
212 1 0 0 -0 0 1 0 -0 0 0 1 -0
213 1 0 0 -0 0 1 0 -0 0 0 1 -0
214 1 0 0 -0 0 1 0 -0 0 0 1 -0
215 1 0 0 -0 0 1 0 -0 0 0 1 -0
216 1 0 0 -0 0 1 0 -0 0 0 1 -0
217 1 0 0 -0 0 1 0 -0 0 0 1 -0
218 0.997204 -0.000960292 -0.0747166 -0.807142 0.00985908 0.992866 0.118823 0.416077 0.0740694 -0.119228 0.9901 0.418809
219 1 0 0 -0 0 1 0 -0 0 0 1 -0
220 1 0 0 -0 0 1 0 -0 0 0 1 -0
221 1 0 0 -0 0 1 0 -0 0 0 1 -0
222 1 0 0 -0 0 1 0 -0 0 0 1 -0
223 1 0 0 -0 0 1 0 -0 0 0 1 -0
224 1 0 0 -0 0 1 0 -0 0 0 1 -0
225 1 0 0 -0 0 1 0 -0 0 0 1 -0
226 1 0 0 -0 0 1 0 -0 0 0 1 -0
227 1 0 0 -0 0 1 0 -0 0 0 1 -0
228 1 0 0 -0 0 1 0 -0 0 0 1 -0
229 1 0 0 -0 0 1 0 -0 0 0 1 -0
230 1 0 0 -0 0 1 0 -0 0 0 1 -0
231 0.999303 0.0206568 -0.0311042 -0.0198452 -0.0196174 0.999251 0.0333579 0.00424892 0.03177 -0.0327245 0.998959 0.00412795
232 0.998899 0.0233007 -0.0407092 -0.0191458 -0.0217237 0.999012 0.0387582 0.0039777 0.0415721 -0.0378312 0.998419 0.0036749
233 0.998385 0.0275336 -0.0496892 -0.0191651 -0.0253557 0.998712 0.0439417 0.00316021 0.0508351 -0.0426108 0.997798 0.00498423
234 0.997642 0.0320004 -0.0607126 -0.0166613 -0.0291591 0.998463 0.0471225 0.00283074 0.0621272 -0.0452411 0.997042 0.00528672
235 0.997275 0.0348136 -0.0650499 -0.0176719 -0.0315966 0.998257 0.0498451 0.00272362 0.0666718 -0.0476539 0.996636 0.00438549
236 0.996794 0.0368524 -0.0710139 -0.0175444 -0.0331751 0.998081 0.0522854 0.00339743 0.0728045 -0.0497619 0.996104 0.0049251
237 0.996347 0.0396627 -0.0756307 -0.01834 -0.0356221 0.997903 0.0540459 0.00331097 0.0776157 -0.0511543 0.99567 0.00509123
238 0.995878 0.0411118 -0.0808564 -0.0200295 -0.0370473 0.998004 0.051142 0.00337561 0.0827976 -0.0479357 0.995413 0.00483417
239 0.995664 0.0429541 -0.0825086 -0.0237599 -0.0388535 0.997959 0.0506783 0.00503732 0.0845171 -0.0472528 0.995301 0.00405596
240 0.995328 0.0396735 -0.0880281 -0.023875 -0.0347435 0.997778 0.0568476 0.00474229 0.0900879 -0.0535236 0.994495 0.00353361
241 0.99499 0.0364515 -0.093095 -0.0251078 -0.0310999 0.997814 0.0583034 0.00504973 0.0950168 -0.055116 0.993949 0.00280662
242 0.994517 0.0356017 -0.0983236 -0.0258811 -0.0298626 0.997797 0.0592366 0.00548705 0.100216 -0.0559756 0.99339 0.00180562
243 0.994192 0.0364368 -0.101262 -0.0277106 -0.0303139 0.997655 0.061361 0.00588424 0.10326 -0.057935 0.992966 0.000819845
244 0.993874 0.036591 -0.104282 -0.0278709 -0.0298121 0.997385 0.0658388 0.00445455 0.106419 -0.0623266 0.992366 0.000230717
245 0.993415 0.0362428 -0.108685 -0.0280671 -0.0287816 0.99717 0.0694496 0.00349489 0.110895 -0.0658642 0.991647 -0.00208726
246 0.99316 0.0327286 -0.112085 -0.0308679 -0.0244824 0.996945 0.0741734 0.00706481 0.11417 -0.0709219 0.990926 -0.00197603
247 0.991837 0.0341205 -0.122862 -0.0281913 -0.0240487 0.996297 0.0825456 0.00610829 0.125223 -0.0789172 0.988985 -0.00363581
248 0.990632 0.0330866 -0.132486 -0.028934 -0.0214467 0.99586 0.0883398 0.00728712 0.13486 -0.0846709 0.98724 -0.00419558
249 0.988992 0.0373084 -0.143191 -0.0268302 -0.0236392 0.9951 0.0960019 0.00529614 0.146071 -0.0915601 0.985028 -0.00434281
250 0.987653 0.0421199 -0.150887 -0.0250787 -0.0272035 0.994656 0.0995926 0.00467947 0.154276 -0.0942583 0.983521 -0.00447031
251 0.986585 0.0454698 -0.156788 -0.0255297 -0.0301141 0.994636 0.0989597 0.00464009 0.160447 -0.0929106 0.982662 -0.00468705
252 0.985544 0.0493509 -0.162075 -0.0259428 -0.0335147 0.99452 0.0990304 0.00476768 0.166074 -0.0921669 0.981797 -0.00537478
253 0.984314 0.0503384 -0.169092 -0.0264134 -0.0334885 0.994316 0.101064 0.00462806 0.173218 -0.0938161 0.980405 -0.00608177
254 0.982355 0.0506145 -0.180048 -0.0260964 -0.0323304 0.994148 0.103075 0.00429867 0.184211 -0.095435 0.978243 -0.00663793
255 0.980382 0.0535976 -0.189682 -0.0258252 -0.0332211 0.993484 0.109019 0.00417775 0.19429 -0.100579 0.975774 -0.00789987
256 0.97924 0.055266 -0.195026 -0.0290733 -0.0328184 0.992647 0.11651 0.00505185 0.200031 -0.107691 0.973853 -0.00734707
257 0.977291 0.056755 -0.204158 -0.0306496 -0.0327532 0.992344 0.11908 0.00505065 0.209353 -0.109689 0.971669 -0.00711075
258 0.975313 0.0588905 -0.212829 -0.0319734 -0.0333185 0.991995 0.121802 0.00535468 0.218298 -0.111704 0.969468 -0.00822233
259 0.972679 0.0613835 -0.223892 -0.0319166 -0.0338086 0.991583 0.12498 0.00599095 0.229679 -0.113996 0.966567 -0.00912338
260 0.97049 0.0637047 -0.232573 -0.0331801 -0.033721 0.990849 0.130694 0.00553163 0.238771 -0.118994 0.963758 -0.00981505
261 0.967864 0.0633146 -0.243371 -0.0342799 -0.032155 0.991001 0.129938 0.00585745 0.249408 -0.117937 0.96119 -0.0100631
262 0.965208 0.0601618 -0.254468 -0.0349087 -0.0269072 0.990858 0.1322 0.00622817 0.260095 -0.120753 0.958003 -0.0104882
263 0.962973 0.0597213 -0.262901 -0.0361412 -0.0237257 0.990145 0.13802 0.00609322 0.268553 -0.126672 0.9549 -0.0116578
264 0.960149 0.0590336 -0.273184 -0.0374368 -0.021251 0.990029 0.13925 0.00621376 0.278681 -0.127895 0.95183 -0.0117046
265 0.957822 0.0607715 -0.280862 -0.0377273 -0.0217119 0.989893 0.140144 0.00622093 0.28654 -0.128135 0.949461 -0.0115613
266 0.956259 0.066117 -0.284951 -0.0373437 -0.0255811 0.989291 0.143698 0.00622228 0.2914 -0.130123 0.94771 -0.0122036
267 0.955968 0.0722755 -0.284432 -0.0399319 -0.0319565 0.989073 0.143923 0.00595082 0.291726 -0.128496 0.947831 -0.0110237
268 0.954543 0.0759286 -0.288242 -0.0406136 -0.0363959 0.989466 0.140116 0.00616023 0.295844 -0.123256 0.947251 -0.0119063
269 0.9525 0.0763809 -0.294805 -0.0401342 -0.0355321 0.989298 0.141514 0.00679326 0.30246 -0.124317 0.94502 -0.0132343
270 0.950283 0.0763494 -0.301883 -0.041731 -0.0340404 0.989136 0.143009 0.00745779 0.309522 -0.125623 0.942558 -0.0126543
271 0.947401 0.0763327 -0.310813 -0.0420678 -0.0326485 0.989126 0.143403 0.00759046 0.318379 -0.125713 0.939591 -0.0133191
272 0.944114 0.078425 -0.320152 -0.0408286 -0.0319022 0.988464 0.148058 0.00703236 0.32807 -0.12957 0.935725 -0.0144662
273 0.940375 0.0818432 -0.330147 -0.0411423 -0.0327732 0.987906 0.151552 0.00690195 0.338557 -0.131695 0.931684 -0.0142204
274 0.937936 0.0817244 -0.337042 -0.0438551 -0.031936 0.988062 0.150708 0.00758399 0.345335 -0.130591 0.929349 -0.0149142
275 0.933764 0.084371 -0.347802 -0.0437045 -0.0322115 0.987683 0.153115 0.00770003 0.356436 -0.131771 0.924981 -0.0157988
276 0.930357 0.0885162 -0.355809 -0.0459668 -0.0337189 0.986965 0.157365 0.00753223 0.3651 -0.134408 0.921215 -0.0163671
277 0.925693 0.0925921 -0.366769 -0.0472925 -0.0359491 0.986725 0.15837 0.00756027 0.376565 -0.133417 0.916733 -0.0165433
278 0.921098 0.0970195 -0.377049 -0.048073 -0.0397392 0.986824 0.156843 0.00724145 0.387298 -0.129484 0.912817 -0.0164001
279 0.918066 0.100948 -0.38336 -0.0502553 -0.0437504 0.986928 0.15511 0.00746091 0.394007 -0.125629 0.910481 -0.0170097
280 0.913824 0.103219 -0.392775 -0.0513561 -0.0446123 0.986822 0.155537 0.0075026 0.403653 -0.12461 0.906386 -0.01799
281 0.908256 0.106148 -0.404728 -0.0518762 -0.0468829 0.987012 0.153653 0.00798511 0.415781 -0.120581 0.901436 -0.0177511
282 0.90407 0.108547 -0.413371 -0.0535748 -0.0481676 0.986926 0.153811 0.00739814 0.424662 -0.119145 0.897478 -0.018444
283 0.898621 0.107057 -0.425462 -0.053515 -0.0457156 0.987341 0.151884 0.00784414 0.436336 -0.117036 0.89214 -0.018169
284 0.894746 0.106178 -0.433769 -0.0553061 -0.0452642 0.987884 0.148447 0.00855608 0.444275 -0.113188 0.888712 -0.0187624
285 0.889084 0.105632 -0.445389 -0.055084 -0.043586 0.988124 0.147345 0.00888335 0.455664 -0.111589 0.88313 -0.019756
286 0.883294 0.107666 -0.456289 -0.0551708 -0.0433472 0.987859 0.149182 0.008644 0.466811 -0.111993 0.877237 -0.0206871
287 0.879095 0.10752 -0.464361 -0.0566895 -0.0419586 0.9879 0.14931 0.00930217 0.474796 -0.111774 0.872969 -0.021917
288 0.874769 0.107634 -0.472434 -0.0584628 -0.0403842 0.987819 0.150277 0.00985337 0.482854 -0.112379 0.86846 -0.0227441
289 0.868711 0.108741 -0.483236 -0.0590577 -0.0395306 0.987713 0.151199 0.00947975 0.49374 -0.112245 0.862335 -0.0231366
290 0.863739 0.109889 -0.491813 -0.059011 -0.0386933 0.987516 0.152692 0.00966887 0.502452 -0.112856 0.857208 -0.0234559
291 0.859937 0.110316 -0.498336 -0.0604349 -0.0372298 0.98732 0.154317 0.00920322 0.509041 -0.11415 0.85314 -0.0242122
292 0.855725 0.110549 -0.505483 -0.0609565 -0.0364736 0.987368 0.154192 0.0094639 0.516143 -0.113509 0.848948 -0.0242256
293 0.851944 0.108985 -0.512166 -0.0617543 -0.0331134 0.987356 0.15502 0.00948412 0.522586 -0.115109 0.844781 -0.0249072
294 0.848047 0.106356 -0.519138 -0.0624862 -0.028525 0.987394 0.155691 0.00980828 0.529152 -0.117225 0.840391 -0.0255096
295 0.844828 0.102709 -0.525087 -0.0642599 -0.0229705 0.98746 0.156192 0.00994981 0.534545 -0.119894 0.836593 -0.0260171
296 0.840803 0.0999866 -0.532028 -0.0647096 -0.0172515 0.987245 0.158274 0.00955017 0.541067 -0.123899 0.831803 -0.0266701
297 0.83776 0.0985588 -0.537071 -0.066133 -0.0132047 0.986944 0.160518 0.00943126 0.545879 -0.127384 0.828124 -0.0264695
298 0.834454 0.0957888 -0.542688 -0.0676053 -0.0103434 0.987326 0.158367 0.00897291 0.55098 -0.126536 0.824869 -0.0257177
299 0.830084 0.0927024 -0.549879 -0.0679359 -0.0096074 0.988316 0.152114 0.00947206 0.557556 -0.120985 0.821276 -0.0252471
300 0.827309 0.091076 -0.554315 -0.0697909 -0.00934814 0.988865 0.148522 0.00848425 0.561669 -0.117692 0.818948 -0.0247343
301 0.82304 0.0837396 -0.561776 -0.0710911 -0.00592557 0.990284 0.138933 0.0090552 0.567952 -0.111018 0.81554 -0.0242588
302 0.818308 0.0783315 -0.569418 -0.0718804 -0.00362576 0.991354 0.131164 0.00892514 0.574769 -0.105268 0.811517 -0.0249007
303 0.813324 0.0748384 -0.576978 -0.0719658 -0.0022648 0.992092 0.125489 0.00904716 0.581807 -0.100757 0.807062 -0.0262909
304 0.809243 0.0724413 -0.58299 -0.0736365 -0.00142532 0.992607 0.121361 0.00885109 0.587472 -0.0973796 0.803364 -0.0254151
305 0.806297 0.0701267 -0.587339 -0.0761814 -0.00324534 0.993457 0.114161 0.00884869 0.591502 -0.0901414 0.801249 -0.024789
306 0.802742 0.0672437 -0.592523 -0.0764909 -0.00508771 0.994358 0.105954 0.0089626 0.596305 -0.0820391 0.798555 -0.0257387
307 0.799903 0.0640115 -0.596705 -0.077389 -0.00547493 0.995032 0.0994026 0.00914122 0.600104 -0.0762455 0.79628 -0.0257522
308 0.797005 0.0613188 -0.600853 -0.0789468 -0.00659111 0.995657 0.0928668 0.00932961 0.603937 -0.070055 0.793947 -0.0256944
309 0.7945 0.0614181 -0.60415 -0.0800923 -0.0103679 0.996099 0.0876293 0.00918614 0.607176 -0.0633577 0.792038 -0.0269288
310 0.792683 0.0593922 -0.606734 -0.0826132 -0.0106549 0.996441 0.0836195 0.00908132 0.609541 -0.0598191 0.790494 -0.0259998
311 0.788665 0.0562641 -0.612243 -0.0830544 -0.0119463 0.997018 0.0762356 0.00838852 0.614707 -0.0528104 0.786986 -0.0264872
312 0.787005 0.0559988 -0.6144 -0.0837006 -0.0152662 0.997335 0.0713461 0.00965783 0.616758 -0.0467701 0.785762 -0.0281291
313 0.785389 0.0540796 -0.616635 -0.0850518 -0.0137399 0.997454 0.0699779 0.00923322 0.618849 -0.0464874 0.784133 -0.0270968
314 0.782597 0.0501066 -0.620508 -0.0861453 -0.0144689 0.99795 0.0623369 0.00945555 0.62236 -0.0398066 0.781718 -0.0268808
315 0.78014 0.048256 -0.623741 -0.0865288 -0.0152532 0.998191 0.0581478 0.00965214 0.625419 -0.0358494 0.779465 -0.0269938
316 0.778392 0.0436425 -0.62626 -0.087783 -0.0126261 0.998467 0.0538875 0.00991329 0.627652 -0.0340383 0.777749 -0.027186
317 0.776443 0.0405491 -0.628882 -0.0898182 -0.0135012 0.998769 0.0477297 0.00922483 0.630043 -0.0285687 0.776035 -0.0266258
318 0.773537 0.0347235 -0.632799 -0.0904506 -0.0123267 0.999133 0.0397571 0.00928792 0.633631 -0.0229532 0.773295 -0.0267351
319 0.770735 0.0318252 -0.63636 -0.0910807 -0.0114176 0.999281 0.0361469 0.00908694 0.637053 -0.020594 0.770545 -0.0259371
320 0.769605 0.0256162 -0.638006 -0.0945525 -0.0114703 0.999588 0.0262977 0.00968423 0.638417 -0.0129207 0.769582 -0.0259062
321 0.767152 0.0211792 -0.641115 -0.0965053 -0.0127967 0.999761 0.0177145 0.00947162 0.641338 -0.00538556 0.76724 -0.0272163
322 0.763543 0.0188367 -0.645482 -0.0970118 -0.0118582 0.999815 0.01515 0.00854945 0.645648 -0.00391344 0.763625 -0.0277994
323 0.76327 0.0170356 -0.645855 -0.102223 -0.0116471 0.999853 0.0126084 0.00829823 0.645975 -0.00210122 0.763356 -0.0283583
324 0.76081 0.0101433 -0.648896 -0.103545 -0.0101291 0.999942 0.00375475 0.0087194 0.648896 0.00371605 0.760868 -0.0276123
325 0.759353 0.00378658 -0.650668 -0.105979 -0.0106109 0.999922 -0.00656421 0.00867478 0.650592 0.0118887 0.759334 -0.0269506
326 0.759128 -0.00259791 -0.650937 -0.107844 -0.00826539 0.999873 -0.0136297 0.008879 0.650889 0.0157269 0.75901 -0.0270602
327 0.756488 -0.0134628 -0.653869 -0.108166 -0.00133772 0.999754 -0.0221321 0.0083704 0.654007 0.0176174 0.756284 -0.0255254
328 0.756605 -0.0255372 -0.653374 -0.110208 0.00270922 0.999351 -0.0359225 0.00858697 0.653867 0.025409 0.756183 -0.0267812
329 0.756859 -0.0295202 -0.652911 -0.111059 0.00432026 0.999184 -0.0401683 0.00869217 0.653564 0.027581 0.756369 -0.027511
330 0.755869 -0.0308078 -0.653998 -0.111381 0.00341885 0.999064 -0.0431114 0.00870543 0.654714 0.0303507 0.755267 -0.0281211
331 0.757541 -0.0343882 -0.651881 -0.114075 0.00281071 0.998774 -0.0494213 0.00787332 0.652781 0.0356064 0.756709 -0.0260003
332 0.759589 -0.0358812 -0.649413 -0.114179 0.000373472 0.998501 -0.0547321 0.00782545 0.650403 0.0413314 0.758464 -0.026275
333 0.763513 -0.035871 -0.644796 -0.115605 -0.00129293 0.998369 -0.0570718 0.0081123 0.645792 0.0444087 0.762221 -0.0265501
334 0.765223 -0.0401319 -0.642514 -0.117035 -0.0021802 0.997888 -0.0649254 0.00773929 0.643762 0.0510832 0.763519 -0.0258521
335 0.767119 -0.0439634 -0.639997 -0.116512 -0.00399808 0.997302 -0.0733001 0.00788687 0.641492 0.0587886 0.764874 -0.026009
336 0.770738 -0.0471906 -0.635402 -0.119217 -0.00322452 0.996952 -0.0779539 0.00794463 0.637144 0.0621309 0.768237 -0.0262753
337 0.77308 -0.0483387 -0.632464 -0.121575 -0.00413284 0.996687 -0.0812277 0.00801243 0.634295 0.0654094 0.770319 -0.0271735
338 0.772645 -0.047591 -0.633052 -0.121449 -0.00487753 0.996712 -0.0808829 0.00816112 0.63482 0.0655815 0.769872 -0.0273776
339 0.771496 -0.047239 -0.634478 -0.123081 -0.00767067 0.996477 -0.0835183 0.00810694 0.636187 0.0693009 0.768416 -0.0269489
340 0.771471 -0.0448657 -0.63468 -0.122825 -0.0115876 0.996355 -0.0845176 0.00821379 0.636158 0.0725574 0.768139 -0.027357
341 0.775558 -0.0397971 -0.63002 -0.128289 -0.0163463 0.99641 -0.0830636 0.0084944 0.631064 0.0747192 0.772124 -0.0279212
342 0.771643 -0.0407685 -0.634748 -0.129288 -0.0208607 0.995785 -0.0893167 0.00723163 0.635714 0.0821619 0.76754 -0.0267512
343 0.77095 -0.0412334 -0.63556 -0.129899 -0.0262937 0.994991 -0.0964471 0.00913559 0.636353 0.091067 0.766004 -0.02911
344 0.76899 -0.0362365 -0.638233 -0.12899 -0.0287166 0.995426 -0.0911163 0.00920116 0.638616 0.0883953 0.764432 -0.0292953
345 0.764346 -0.0334769 -0.643936 -0.129169 -0.0310136 0.995587 -0.0885713 0.00921016 0.644059 0.0876699 0.759935 -0.0292293
346 0.759471 -0.0290887 -0.649891 -0.12931 -0.0319994 0.99612 -0.0819807 0.00943744 0.649754 0.0830581 0.755593 -0.0302092
347 0.753585 -0.0282256 -0.656744 -0.129627 -0.034205 0.996041 -0.0820566 0.00931128 0.65646 0.0843005 0.749636 -0.0293892
348 0.752227 -0.0225688 -0.658518 -0.132635 -0.0409798 0.995876 -0.0809422 0.00935754 0.657629 0.0878728 0.7482 -0.0310632
349 0.748465 -0.0184783 -0.662917 -0.132796 -0.0436196 0.996075 -0.0770134 0.00930352 0.661738 0.086558 0.744721 -0.0306681
350 0.74804 -0.0179379 -0.663411 -0.138831 -0.0496196 0.995325 -0.082862 0.0073304 0.661796 0.0949023 0.743653 -0.0308928
351 0.746445 -0.020927 -0.665118 -0.140522 -0.0554719 0.99407 -0.0935318 0.0105321 0.663131 0.106712 0.740858 -0.0328379
352 0.742047 -0.0156273 -0.670165 -0.13994 -0.0578014 0.994513 -0.0871919 0.0104679 0.667851 0.103437 0.737073 -0.0331562
353 0.735896 -0.0135724 -0.676958 -0.140152 -0.0569169 0.99502 -0.0818214 0.0103281 0.674698 0.0987424 0.731459 -0.0328201
354 0.728386 -0.00906651 -0.685107 -0.140064 -0.0569881 0.995646 -0.0737642 0.010358 0.682793 0.0927718 0.724698 -0.0329418
355 0.721279 -0.00501999 -0.692626 -0.139728 -0.0548911 0.996414 -0.0643837 0.0115217 0.690466 0.0844576 0.718418 -0.0355776
356 0.713937 0.000342813 -0.70021 -0.141845 -0.0543995 0.997005 -0.0549778 0.0110321 0.698094 0.0773417 0.711817 -0.0355446
357 0.709226 0.00530091 -0.704961 -0.143805 -0.0578207 0.99704 -0.0506734 0.0117332 0.702606 0.0767003 0.707434 -0.0378897
358 0.702529 0.0108193 -0.711573 -0.143519 -0.0588718 0.997341 -0.0429593 0.0119357 0.709216 0.0720717 0.701298 -0.0383923
359 0.697477 0.021117 -0.716296 -0.144339 -0.0636131 0.997444 -0.0325364 0.0117927 0.713778 0.0682592 0.697038 -0.0385171
360 0.691793 0.0260606 -0.721626 -0.144032 -0.0645982 0.997575 -0.0259014 0.0115776 0.719201 0.0645341 0.691799 -0.0394332
361 0.688172 0.0317486 -0.724853 -0.144641 -0.0677999 0.997485 -0.0206791 0.0134787 0.722373 0.0633757 0.688593 -0.0415042
362 0.6854 0.0406662 -0.727031 -0.145333 -0.0664097 0.997769 -0.00679712 0.0133296 0.725133 0.0529406 0.686571 -0.0430624
363 0.682556 0.0461476 -0.729375 -0.149015 -0.0659525 0.997822 0.00141337 0.0156204 0.727852 0.0471394 0.684113 -0.0441513
364 0.680015 0.0536105 -0.731236 -0.150757 -0.0671926 0.997683 0.0106591 0.017354 0.730113 0.0418853 0.682041 -0.0468747
365 0.675601 0.0617736 -0.734675 -0.151422 -0.0640936 0.997632 0.0249439 0.0176624 0.734476 0.0302358 0.677961 -0.0473205
366 0.671708 0.071335 -0.737373 -0.152733 -0.0669826 0.997124 0.0354462 0.0168901 0.737781 0.0255817 0.674555 -0.0462683
367 0.670434 0.0762287 -0.738043 -0.152482 -0.0699193 0.996773 0.0394373 0.0169211 0.738667 0.0251633 0.6736 -0.0471456
368 0.670428 0.0848769 -0.737104 -0.153805 -0.0751531 0.996094 0.0463444 0.0170812 0.738159 0.024325 0.674189 -0.0479903
369 0.670646 0.0911363 -0.736158 -0.157011 -0.0797009 0.995532 0.0506386 0.0172098 0.737484 0.0247119 0.674913 -0.0485592
370 0.668093 0.0951945 -0.737963 -0.156844 -0.0815058 0.995177 0.0545853 0.0181468 0.7396 0.0236802 0.67263 -0.0503775
371 0.668558 0.101471 -0.736705 -0.159136 -0.0831012 0.994636 0.061583 0.0209401 0.739002 0.0200492 0.673405 -0.0526048
372 0.668728 0.111325 -0.735126 -0.162414 -0.0857211 0.993678 0.0725004 0.0212928 0.738549 0.0145328 0.674043 -0.054372
373 0.662521 0.117758 -0.739729 -0.161738 -0.0840151 0.993016 0.0828325 0.0199128 0.744317 0.00727016 0.667787 -0.0527592
374 0.661798 0.125692 -0.739071 -0.162524 -0.0887885 0.992047 0.0892106 0.0227042 0.744406 0.0065816 0.667695 -0.0552424
375 0.661907 0.135202 -0.737292 -0.165875 -0.091816 0.990816 0.0992638 0.0228615 0.743942 0.00199184 0.668242 -0.0556364
376 0.659249 0.144403 -0.737929 -0.166199 -0.0943899 0.989516 0.10931 0.0213369 0.745977 -0.00240939 0.665968 -0.056958
377 0.656255 0.150171 -0.739444 -0.16673 -0.0954663 0.988644 0.116054 0.0233336 0.748475 -0.00556927 0.663139 -0.0571973
378 0.654024 0.157409 -0.739916 -0.168093 -0.0960534 0.987475 0.125172 0.0228949 0.750351 -0.0107937 0.660951 -0.056811
379 0.652888 0.162149 -0.739895 -0.169216 -0.0968901 0.986672 0.130734 0.0228149 0.751232 -0.0136663 0.659897 -0.0590703
380 0.6506 0.168195 -0.740561 -0.16979 -0.0980111 0.985607 0.137744 0.0238338 0.75307 -0.0170332 0.65772 -0.0600218
381 0.645791 0.174908 -0.74321 -0.169766 -0.0958384 0.984278 0.148365 0.0231676 0.757475 -0.024585 0.652401 -0.0589755
382 0.644686 0.178693 -0.743269 -0.172015 -0.0974881 0.983575 0.151908 0.0244275 0.758206 -0.025473 0.651518 -0.0611039
383 0.641228 0.18463 -0.744807 -0.172927 -0.0994516 0.982432 0.157914 0.0262774 0.760878 -0.0271867 0.648325 -0.0630417
384 0.637186 0.194329 -0.745809 -0.175017 -0.102436 0.980458 0.167953 0.0261653 0.763873 -0.0306196 0.64464 -0.0638669
385 0.6343 0.201974 -0.746237 -0.177161 -0.105966 0.978873 0.174867 0.0260346 0.76579 -0.031842 0.642301 -0.0661043
386 0.629166 0.208854 -0.748686 -0.178177 -0.108867 0.977407 0.18117 0.0272318 0.769609 -0.0324784 0.637689 -0.0676648
387 0.623052 0.219072 -0.750876 -0.179584 -0.111004 0.975026 0.192362 0.0270011 0.774264 -0.0365013 0.631809 -0.0684611
388 0.615936 0.227139 -0.754342 -0.18111 -0.113467 0.973128 0.20037 0.0270766 0.779582 -0.0378222 0.625157 -0.0688742
389 0.607811 0.236166 -0.75815 -0.180101 -0.116642 0.970947 0.208941 0.0274501 0.785469 -0.0385643 0.617699 -0.0692511
390 0.600081 0.246951 -0.760867 -0.180421 -0.117968 0.968075 0.221164 0.0267033 0.791193 -0.0429589 0.610056 -0.0687049
391 0.594325 0.254376 -0.762936 -0.181822 -0.121584 0.966175 0.227426 0.026847 0.794981 -0.0424036 0.60515 -0.068783
392 0.590104 0.259341 -0.764539 -0.182528 -0.123512 0.964853 0.231957 0.0283441 0.797823 -0.0424489 0.601395 -0.0705943
393 0.584315 0.267991 -0.766 -0.183959 -0.122416 0.962206 0.243255 0.0281917 0.80224 -0.0483667 0.595039 -0.0705755
394 0.576739 0.27556 -0.769051 -0.185523 -0.122697 0.959933 0.25194 0.0274866 0.807662 -0.0509432 0.587442 -0.0703759
395 0.569264 0.282272 -0.77218 -0.185414 -0.123592 0.957922 0.259057 0.0271795 0.812812 -0.0520361 0.580197 -0.0698095
396 0.562484 0.289642 -0.774415 -0.185607 -0.124458 0.955621 0.267018 0.0272276 0.817387 -0.0538111 0.57357 -0.0693525
397 0.560418 0.296628 -0.773268 -0.187997 -0.127638 0.953441 0.273238 0.0278538 0.818315 -0.0544289 0.572187 -0.071232
398 0.554087 0.302684 -0.77548 -0.187141 -0.126792 0.951371 0.280744 0.0276709 0.822746 -0.0572321 0.56552 -0.0706427
399 0.552502 0.3111 -0.773278 -0.189657 -0.126907 0.948316 0.290846 0.0282779 0.823794 -0.0625587 0.563427 -0.0714919
400 0.546224 0.319529 -0.7743 -0.190293 -0.128556 0.945411 0.299452 0.0273664 0.827715 -0.0640265 0.557484 -0.0709751
401 0.543261 0.324049 -0.774506 -0.191307 -0.129576 0.943819 0.304 0.0275543 0.829505 -0.0647937 0.554729 -0.0715424
402 0.538553 0.32933 -0.775566 -0.191933 -0.130033 0.941911 0.30967 0.0277146 0.832498 -0.0659242 0.550092 -0.0712546
403 0.535439 0.33453 -0.775496 -0.193672 -0.129054 0.939835 0.316317 0.0273615 0.834656 -0.0692873 0.546397 -0.0718346
404 0.531931 0.335069 -0.777675 -0.194755 -0.126726 0.939539 0.318129 0.0281725 0.837251 -0.0706716 0.542232 -0.0718838
405 0.529227 0.337847 -0.778317 -0.196344 -0.125472 0.938384 0.322012 0.0293141 0.839152 -0.0727605 0.539009 -0.0727915
406 0.5268 0.34436 -0.777109 -0.199163 -0.124997 0.935703 0.329903 0.0282629 0.840748 -0.0766564 0.535972 -0.0740846
407 0.521814 0.346036 -0.779724 -0.200869 -0.12578 0.935252 0.330883 0.0302201 0.843735 -0.0745861 0.531552 -0.0748681
408 0.515094 0.351424 -0.78178 -0.201939 -0.126108 0.933232 0.336415 0.0298966 0.847806 -0.0746966 0.525019 -0.074891
409 0.51308 0.354781 -0.781588 -0.204315 -0.126496 0.931891 0.339968 0.031149 0.848969 -0.0755623 0.523013 -0.0760109
410 0.509499 0.3572 -0.782828 -0.206164 -0.125223 0.930861 0.343246 0.0314923 0.851311 -0.0768549 0.519002 -0.0765102
411 0.507393 0.356549 -0.78449 -0.207455 -0.122235 0.930958 0.344059 0.0322326 0.853001 -0.0786814 0.515944 -0.077345
412 0.503121 0.359053 -0.786098 -0.208396 -0.116915 0.929524 0.349736 0.0319151 0.856271 -0.0840531 0.509642 -0.0767529
413 0.497743 0.362328 -0.788017 -0.210034 -0.114368 0.928046 0.354473 0.0322123 0.859751 -0.0863128 0.503367 -0.0776618
414 0.489445 0.364718 -0.792101 -0.210873 -0.108268 0.926725 0.359805 0.0325137 0.865287 -0.0903457 0.493068 -0.0779591
415 0.48068 0.372247 -0.793964 -0.211591 -0.103678 0.9232 0.37007 0.0321434 0.870745 -0.0955689 0.482358 -0.0782191
416 0.474857 0.37857 -0.794478 -0.214515 -0.102308 0.920377 0.377412 0.0329418 0.874096 -0.0979353 0.475778 -0.0802945
417 0.466397 0.386946 -0.795454 -0.215766 -0.101789 0.916752 0.386269 0.0313139 0.878699 -0.0991861 0.466958 -0.0826455
418 0.456956 0.389464 -0.799693 -0.217198 -0.0984934 0.915673 0.389668 0.0324637 0.884019 -0.0992969 0.456782 -0.0819087
419 0.452047 0.393032 -0.800737 -0.220098 -0.0984951 0.914197 0.393118 0.03322 0.88654 -0.0988391 0.451972 -0.0830314
420 0.444833 0.394745 -0.803928 -0.220723 -0.0971664 0.913601 0.394832 0.0332242 0.890327 -0.0975197 0.444756 -0.0840351
421 0.438188 0.39778 -0.806078 -0.223311 -0.0987237 0.912627 0.396693 0.0339344 0.893445 -0.0942472 0.439173 -0.0850895
422 0.434962 0.399144 -0.807151 -0.22581 -0.0990802 0.912159 0.397679 0.0350574 0.894981 -0.0930024 0.436302 -0.0872454
423 0.428109 0.401883 -0.809452 -0.227071 -0.0993389 0.911181 0.399851 0.0345516 0.898251 -0.09077 0.430008 -0.0883022
424 0.420522 0.40423 -0.812256 -0.2294 -0.100593 0.910516 0.401052 0.0354278 0.901689 -0.0869441 0.423554 -0.0879973
425 0.412564 0.408618 -0.814139 -0.230554 -0.101488 0.9088 0.4047 0.0347834 0.905258 -0.0843395 0.416408 -0.0888856
426 0.403677 0.41224 -0.816764 -0.231496 -0.102919 0.907529 0.407185 0.035107 0.909095 -0.0803108 0.408775 -0.0885797
427 0.396097 0.413867 -0.819647 -0.232331 -0.104505 0.907178 0.407562 0.0355353 0.912242 -0.0757768 0.402582 -0.0887876
428 0.391861 0.414508 -0.821357 -0.233373 -0.107528 0.907272 0.406566 0.0381127 0.913719 -0.070998 0.400096 -0.0900145
429 0.388605 0.419203 -0.820521 -0.235857 -0.10865 0.905146 0.410981 0.0388927 0.914976 -0.0705596 0.397291 -0.0913055
430 0.381222 0.426576 -0.820185 -0.237169 -0.111218 0.9019 0.417381 0.0378163 0.917769 -0.0678955 0.391267 -0.0916889
431 0.372382 0.43027 -0.822313 -0.237335 -0.111307 0.900348 0.420696 0.038889 0.921381 -0.0651301 0.383165 -0.0911157
432 0.368737 0.436703 -0.820563 -0.238588 -0.115335 0.897442 0.425789 0.039327 0.922351 -0.0623644 0.381287 -0.0925309
433 0.363332 0.440432 -0.820981 -0.240893 -0.117568 0.895833 0.428557 0.0394551 0.924212 -0.0591875 0.377265 -0.092164
434 0.359366 0.442717 -0.821497 -0.241154 -0.119854 0.89491 0.429849 0.0401002 0.925468 -0.0560135 0.374662 -0.0938896
435 0.355358 0.447482 -0.820659 -0.242126 -0.12046 0.892566 0.434529 0.0411956 0.926936 -0.0555571 0.371084 -0.0937826
436 0.352824 0.452887 -0.818785 -0.244447 -0.122468 0.889884 0.439441 0.0407122 0.927641 -0.0547702 0.369436 -0.0944479
437 0.348688 0.455226 -0.819259 -0.244794 -0.124654 0.88888 0.440856 0.0413822 0.928912 -0.0515973 0.366688 -0.0954296
438 0.34561 0.461706 -0.816934 -0.2457 -0.125941 0.885527 0.447193 0.0413916 0.929888 -0.0516692 0.364195 -0.0960062
439 0.344194 0.466907 -0.814573 -0.247254 -0.127365 0.882783 0.452187 0.0419382 0.93022 -0.0518922 0.363316 -0.096946
440 0.34227 0.471532 -0.812717 -0.2492 -0.127438 0.880263 0.457053 0.0413546 0.930919 -0.0528647 0.361379 -0.0968378
441 0.339893 0.472186 -0.813334 -0.248765 -0.128924 0.880052 0.457042 0.042958 0.931585 -0.0504875 0.36 -0.0966997
442 0.340448 0.474253 -0.811899 -0.250319 -0.130999 0.878983 0.458507 0.043939 0.931093 -0.0497396 0.361375 -0.0974253
443 0.34343 0.478477 -0.808156 -0.252288 -0.130392 0.87645 0.463501 0.0419515 0.930083 -0.0538034 0.363389 -0.0979519
444 0.347472 0.474727 -0.808639 -0.254102 -0.132478 0.878577 0.458859 0.0440715 0.928285 -0.052314 0.368171 -0.0991316
445 0.349035 0.472 -0.809562 -0.253451 -0.129229 0.879882 0.457283 0.0456549 0.928157 -0.0549888 0.368106 -0.0991041
446 0.354363 0.473561 -0.80633 -0.255934 -0.126222 0.878617 0.460544 0.0452677 0.92655 -0.0614234 0.371123 -0.100858
447 0.358689 0.470984 -0.805926 -0.257095 -0.121885 0.879617 0.459802 0.0460378 0.925465 -0.0666954 0.372915 -0.102865
448 0.361209 0.470862 -0.80487 -0.259186 -0.117103 0.879218 0.461804 0.0449636 0.925103 -0.0725547 0.372721 -0.103253
449 0.361924 0.463063 -0.809064 -0.260463 -0.113056 0.883298 0.454976 0.0464012 0.925327 -0.0731971 0.372038 -0.103781
450 0.366315 0.457608 -0.81019 -0.261114 -0.107265 0.885675 0.451745 0.0462445 0.924288 -0.0785755 0.373522 -0.106291
451 0.368609 0.45679 -0.809611 -0.263032 -0.0984398 0.885223 0.454632 0.0440495 0.924358 -0.0878835 0.371267 -0.107648
452 0.366331 0.446693 -0.816252 -0.263193 -0.0912273 0.890249 0.446245 0.0479781 0.926002 -0.0890091 0.366877 -0.108713
453 0.370165 0.444557 -0.815688 -0.265076 -0.0847284 0.890557 0.446911 0.049691 0.925094 -0.0963187 0.367319 -0.111493
454 0.370487 0.446995 -0.814208 -0.267674 -0.0791235 0.88859 0.451826 0.0482309 0.925461 -0.102973 0.364579 -0.112283
455 0.365037 0.4437 -0.818461 -0.267854 -0.0780936 0.890621 0.44799 0.0476484 0.927712 -0.0996161 0.35976 -0.113803
456 0.3643 0.442293 -0.81955 -0.269154 -0.079098 0.891539 0.445984 0.048784 0.927917 -0.0976469 0.359772 -0.115713
457 0.361807 0.439653 -0.822071 -0.271411 -0.0773659 0.89293 0.443499 0.0488925 0.929037 -0.0968606 0.357082 -0.117218
458 0.356984 0.431783 -0.828327 -0.272152 -0.0722815 0.896865 0.436359 0.0494838 0.93131 -0.0959004 0.351376 -0.120136
459 0.344881 0.43057 -0.834066 -0.271382 -0.0667746 0.897587 0.43575 0.0501562 0.936268 -0.0945876 0.338312 -0.119676
460 0.338342 0.427822 -0.838148 -0.273939 -0.061809 0.898858 0.43386 0.0488788 0.938991 -0.0949878 0.330565 -0.121918
461 0.323975 0.416579 -0.849413 -0.274284 -0.0589816 0.904984 0.421337 0.0523788 0.944225 -0.0864026 0.317762 -0.121314
462 0.314078 0.415327 -0.853732 -0.275053 -0.0552022 0.905703 0.420302 0.0516538 0.947791 -0.0848797 0.307388 -0.123753
463 0.303879 0.413282 -0.858403 -0.276936 -0.0510921 0.906784 0.418488 0.0526388 0.95134 -0.0833123 0.296668 -0.124867
464 0.295081 0.412536 -0.861824 -0.278502 -0.0489322 0.907329 0.417564 0.0520108 0.954218 -0.0810444 0.287922 -0.127081
465 0.282106 0.410351 -0.867196 -0.278411 -0.0503818 0.908999 0.413742 0.0520826 0.95806 -0.0730282 0.277108 -0.129038
466 0.269378 0.409111 -0.871817 -0.279392 -0.0511617 0.910082 0.411259 0.0540834 0.961675 -0.0661803 0.266087 -0.129866
467 0.256855 0.409977 -0.875183 -0.280025 -0.0516754 0.910095 0.411166 0.0546962 0.965068 -0.0603843 0.254948 -0.131468
468 0.242164 0.409695 -0.879492 -0.281166 -0.0495718 0.910514 0.410497 0.0553696 0.968968 -0.0558096 0.240803 -0.131486
469 0.229527 0.408201 -0.883566 -0.282577 -0.0498224 0.91154 0.408183 0.0561642 0.972026 -0.0496675 0.22956 -0.1337
470 0.216003 0.408138 -0.886998 -0.284417 -0.0478323 0.911777 0.407891 0.0542342 0.97522 -0.0456787 0.216469 -0.133929
471 0.20561 0.401024 -0.892695 -0.286172 -0.0483607 0.915234 0.40001 0.0553796 0.977438 -0.039075 0.207575 -0.135679
472 0.192277 0.39486 -0.898396 -0.287426 -0.0467173 0.918123 0.393532 0.0555525 0.980228 -0.0336965 0.194981 -0.136871
473 0.179968 0.389778 -0.903153 -0.287711 -0.0436031 0.920402 0.388534 0.0554134 0.982706 -0.0305434 0.182638 -0.13762
474 0.16968 0.38734 -0.906188 -0.288477 -0.0409665 0.921499 0.386214 0.0550609 0.984647 -0.0284094 0.172228 -0.138811
475 0.159908 0.382598 -0.909971 -0.291181 -0.0387561 0.923556 0.381499 0.0554351 0.986371 -0.0257377 0.162512 -0.139982
476 0.149301 0.376563 -0.914281 -0.290859 -0.0384942 0.926157 0.375168 0.0559486 0.988042 -0.0208187 0.152772 -0.141578
477 0.140311 0.374175 -0.916682 -0.292146 -0.0373408 0.927182 0.372746 0.0562967 0.989403 -0.0180705 0.144065 -0.142136
478 0.131585 0.372792 -0.918538 -0.292988 -0.0375964 0.927804 0.371168 0.0552977 0.990592 -0.0143063 0.136101 -0.144466
479 0.121463 0.36914 -0.921402 -0.294672 -0.0360344 0.929303 0.367555 0.0548126 0.991942 -0.0114424 0.126178 -0.144695
480 0.112849 0.366101 -0.923707 -0.295898 -0.034657 0.93053 0.364571 0.0552601 0.993008 -0.00912857 0.117697 -0.145181
481 0.105289 0.361981 -0.92622 -0.295944 -0.0333844 0.932159 0.360507 0.0555967 0.993881 -0.00703604 0.11023 -0.14615
482 0.0979071 0.360229 -0.927712 -0.298214 -0.0319861 0.932848 0.358847 0.0554811 0.994681 -0.00545977 0.102855 -0.146367
483 0.0909589 0.356533 -0.929845 -0.299715 -0.029744 0.934271 0.35532 0.0551592 0.99541 -0.00466227 0.095585 -0.14724
484 0.0842991 0.354279 -0.931332 -0.300209 -0.0263953 0.935125 0.353333 0.0545598 0.996091 -0.00520283 0.0881815 -0.148202
485 0.0731228 0.348035 -0.934625 -0.301261 -0.0243983 0.937478 0.347189 0.0552096 0.997024 -0.00258409 0.0770425 -0.147396
486 0.0661518 0.344766 -0.936355 -0.301447 -0.0259703 0.938687 0.34379 0.0559115 0.997472 0.00157509 0.0710495 -0.148327
487 0.0644204 0.345055 -0.936369 -0.304393 -0.024117 0.938583 0.344211 0.0556971 0.997631 0.000408232 0.0687856 -0.148862
488 0.0599301 0.338161 -0.939178 -0.306256 -0.0245311 0.941084 0.337282 0.0550841 0.997901 0.0028257 0.0646948 -0.148926
489 0.0569548 0.333831 -0.940911 -0.306889 -0.0249618 0.942622 0.332927 0.0552389 0.998065 0.00452506 0.0620198 -0.149128
490 0.0557949 0.332321 -0.941514 -0.308979 -0.0196412 0.943166 0.33174 0.0542721 0.998249 -1.69424e-05 0.0591511 -0.148759
491 0.0534863 0.323129 -0.944842 -0.310789 -0.0182462 0.946355 0.322613 0.0549298 0.998402 -1.55818e-05 0.0565129 -0.149265
492 0.0508576 0.321375 -0.945585 -0.311072 -0.0190551 0.946951 0.320814 0.0538273 0.998524 0.00170239 0.0542835 -0.150171
493 0.0491277 0.316461 -0.947333 -0.313187 -0.0156337 0.948605 0.316075 0.0545061 0.99867 -0.000717751 0.0515502 -0.149933
494 0.0475547 0.312809 -0.948625 -0.314313 -0.0150921 0.949816 0.312445 0.0538794 0.998755 -0.000541455 0.0498891 -0.150597
495 0.043611 0.308799 -0.950127 -0.314899 -0.0140845 0.951127 0.308478 0.0530224 0.998949 -7.09387e-05 0.0458289 -0.151111
496 0.0396116 0.303831 -0.951902 -0.316779 -0.010745 0.952724 0.303646 0.0535103 0.999157 -0.00179971 0.0410036 -0.150354
497 0.0371543 0.302443 -0.952443 -0.317625 -0.00758644 0.953159 0.302374 0.0532006 0.999281 -0.00400885 0.0377084 -0.151206
498 0.030773 0.295156 -0.954953 -0.320131 -0.00532717 0.955441 0.295135 0.0533099 0.999512 -0.00399498 0.0309741 -0.150323
499 0.0259417 0.28717 -0.957528 -0.320757 -0.00508227 0.957876 0.287137 0.0529646 0.999651 -0.00258238 0.0263084 -0.150571
