[{"R":[[1.0,0.0,0.0],[0.0,1.0,0.0],[0.0,0.0,1.0]],"file_name":"/home/jonas/Downloads/freiburg/rgbd_dataset_freiburg2_large_with_loop/rgb/1311875572.406161.png","t":[0.0,0.0,0.0]},{"R":[[0.9990924000740051,-0.02214498445391655,0.036386825144290924],[0.023388227447867393,0.9991445541381836,-0.03410462290048599],[-0.0356004536151886,0.034924689680337906,0.9987556338310242]],"file_name":"/home/jonas/Downloads/freiburg/rgbd_dataset_freiburg2_large_with_loop/rgb/1311875572.806149.png","t":[0.012190526351332664,-0.001998940948396921,-0.004081796854734421]},{"R":[[0.9987092614173889,-0.02406705729663372,0.04472751170396805],[0.025800811126828194,0.9989216923713684,-0.03859826549887657],[-0.0437503345310688,0.03970245271921158,0.9982532858848572]],"file_name":"/home/jonas/Downloads/freiburg/rgbd_dataset_freiburg2_large_with_loop/rgb/1311875572.838072.png","t":[0.01285163126885891,-0.0022784704342484474,-0.004283077083528042]},{"R":[[0.9906700253486633,-0.023436028510332108,0.13425223529338837],[0.03503289818763733,0.995792031288147,-0.08468112349510193],[-0.131702721118927,0.08859429508447647,0.9873223900794983]],"file_name":"/home/jonas/Downloads/freiburg/rgbd_dataset_freiburg2_large_with_loop/rgb/1311875573.370172.png","t":[0.027667848393321037,-0.005600361153483391,-0.002388641005381942]},{"R":[[0.9494012594223022,-0.03400249034166336,0.3122195303440094],[0.07663092762231827,0.9891555309295654,-0.12529563903808594],[-0.30457332730293274,0.14288151264190674,0.9417111873626709]],"file_name":"/home/jonas/Downloads/freiburg/rgbd_dataset_freiburg2_large_with_loop/rgb/1311875574.137987.png","t":[0.05090215057134628,-0.006186208222061396,-0.0036169267259538174]},{"R":[[0.9437065124511719,-0.03289906680583954,0.329143762588501],[0.08005747199058533,0.9881756901741028,-0.1307656615972519],[-0.3209497928619385,0.1497548222541809,0.9351816773414612]],"file_name":"/home/jonas/Downloads/freiburg/rgbd_dataset_freiburg2_large_with_loop/rgb/1311875574.206067.png","t":[0.05316566675901413,-0.006319680251181126,-0.004613400436937809]},{"R":[[0.9238966107368469,-0.03865146264433861,0.38068512082099915],[0.09441648423671722,0.9871506094932556,-0.12891560792922974],[-0.37081077694892883,0.15504764020442963,0.9156743884086609]],"file_name":"/home/jonas/Downloads/freiburg/rgbd_dataset_freiburg2_large_with_loop/rgb/1311875574.370031.png","t":[0.05869171395897865,-0.005478785838931799,-0.007617432624101639]},{"R":[[0.7950858473777771,-0.010324067436158657,0.6064090132713318],[0.057699114084243774,0.9966077208518982,-0.058684322983026505],[-0.6037460565567017,0.0816483423113823,0.7929843664169312]],"file_name":"/home/jonas/Downloads/freiburg/rgbd_dataset_freiburg2_large_with_loop/rgb/1311875575.438074.png","t":[0.08898415416479111,-0.006833524443209171,-0.032351233065128326]},{"R":[[0.7624650597572327,-0.00203032442368567,0.6470262408256531],[-0.03390022739768028,0.9984962344169617,0.04308173432946205],[-0.6461406946182251,-0.054782651364803314,0.7612496614456177]],"file_name":"/home/jonas/Downloads/freiburg/rgbd_dataset_freiburg2_large_with_loop/rgb/1311875576.206030.png","t":[0.10745922476053238,-0.009533372707664967,-0.053842149674892426]},{"R":[[0.6538786292076111,-0.09791015088558197,0.7502375245094299],[0.15340274572372437,0.9881523847579956,-0.004740668926388025],[-0.7408848404884338,0.11818832159042358,0.6611514091491699]],"file_name":"/home/jonas/Downloads/freiburg/rgbd_dataset_freiburg2_large_with_loop/rgb/1311875577.673967.png","t":[0.153546541929245,0.0033700475469231606,-0.09181443601846695]},{"R":[[0.6461446285247803,-0.09977037459611893,0.7566657066345215],[0.17618146538734436,0.9841403961181641,-0.020683716982603073],[-0.7426016330718994,0.14667513966560364,0.653474748134613]],"file_name":"/home/jonas/Downloads/freiburg/rgbd_dataset_freiburg2_large_with_loop/rgb/1311875577.805965.png","t":[0.1584678590297699,0.005097754765301943,-0.09555347263813019]},{"R":[[0.6201711893081665,-0.11334867775440216,0.7762343883514404],[0.22009265422821045,0.9749041199684143,-0.03348347917199135],[-0.7529587745666504,0.1916089653968811,0.6295546889305115]],"file_name":"/home/jonas/Downloads/freiburg/rgbd_dataset_freiburg2_large_with_loop/rgb/1311875578.006013.png","t":[0.16659164428710938,0.01064528338611126,-0.10207105427980423]},{"R":[[0.5721885561943054,-0.12678001821041107,0.8102635741233826],[0.2785813808441162,0.9592798948287964,-0.04663119092583656],[-0.7713576555252075,0.25240617990493774,0.5842075347900391]],"file_name":"/home/jonas/Downloads/freiburg/rgbd_dataset_freiburg2_large_with_loop/rgb/1311875578.273981.png","t":[0.17000479996204376,0.01961417682468891,-0.11438805609941483]},{"R":[[0.5409913659095764,-0.13402555882930756,0.8302803635597229],[0.330170601606369,0.9418096542358398,-0.06310263276100159],[-0.7735087275505066,0.3082721531391144,0.5537621974945068]],"file_name":"/home/jonas/Downloads/freiburg/rgbd_dataset_freiburg2_large_with_loop/rgb/1311875578.538061.png","t":[0.1731218695640564,0.03077458217740059,-0.12420297414064407]},{"R":[[0.34877458214759827,-0.1274666041135788,0.9284980297088623],[0.451143354177475,0.8912068605422974,-0.0471172034740448],[-0.8214778900146484,0.4353190064430237,0.368336021900177]],"file_name":"/home/jonas/Downloads/freiburg/rgbd_dataset_freiburg2_large_with_loop/rgb/1311875579.673964.png","t":[0.17995086312294006,0.06662549078464508,-0.18791010975837708]},{"R":[[0.35450899600982666,-0.12865301966667175,0.926159679889679],[0.47050240635871887,0.8805046677589417,-0.057784583419561386],[-0.808053731918335,0.4562455117702484,0.37267836928367615]],"file_name":"/home/jonas/Downloads/freiburg/rgbd_dataset_freiburg2_large_with_loop/rgb/1311875579.973958.png","t":[0.19070248305797577,0.07290827482938766,-0.19344328343868256]},{"R":[[0.3595907390117645,-0.11972006410360336,0.925398051738739],[0.4674868583679199,0.8814094662666321,-0.06762662529945374],[-0.8075583577156067,0.4569293260574341,0.37291425466537476]],"file_name":"/home/jonas/Downloads/freiburg/rgbd_dataset_freiburg2_large_with_loop/rgb/1311875580.037972.png","t":[0.19399110972881317,0.07223350554704666,-0.19474519789218903]},{"R":[[0.23414577543735504,-0.0488012321293354,0.9709758758544922],[0.41292521357536316,0.9091697931289673,-0.05387990176677704],[-0.8801525831222534,0.41355615854263306,0.2330295294523239]],"file_name":"/home/jonas/Downloads/freiburg/rgbd_dataset_freiburg2_large_with_loop/rgb/1311875580.737976.png","t":[0.20039092004299164,0.061479661613702774,-0.24193936586380005]},{"R":[[0.18476615846157074,-0.04329373314976692,0.9818284511566162],[0.39239221811294556,0.9191946387290955,-0.03331073746085167],[-0.9010493159294128,0.3914165198802948,0.18682417273521423]],"file_name":"/home/jonas/Downloads/freiburg/rgbd_dataset_freiburg2_large_with_loop/rgb/1311875580.873916.png","t":[0.19289028644561768,0.05901959538459778,-0.25609004497528076]},{"R":[[0.09975842386484146,-0.03076932579278946,0.9945358037948608],[0.36197733879089355,0.9321569800376892,-0.0074692582711577415],[-0.9268336892127991,0.36074453592300415,0.10412830859422684]],"file_name":"/home/jonas/Downloads/freiburg/rgbd_dataset_freiburg2_large_with_loop/rgb/1311875581.173897.png","t":[0.17755065858364105,0.05616147816181183,-0.2821463942527771]},{"R":[[0.06894969195127487,-0.027766041457653046,0.9972336888313293],[0.3454451858997345,0.9384362697601318,0.0022445297800004482],[-0.9359025359153748,0.34433481097221375,0.07429653406143188]],"file_name":"/home/jonas/Downloads/freiburg/rgbd_dataset_freiburg2_large_with_loop/rgb/1311875581.305918.png","t":[0.17145152390003204,0.052426528185606,-0.29109621047973633]},{"R":[[0.03066832385957241,-0.010124229826033115,0.9994783401489258],[0.2975664436817169,0.9547009468078613,0.0005400293157435954],[-0.9542083740234375,0.29739466309547424,0.0322917103767395]],"file_name":"/home/jonas/Downloads/freiburg/rgbd_dataset_freiburg2_large_with_loop/rgb/1311875581.705973.png","t":[0.16154971718788147,0.04540378227829933,-0.3176569938659668]},{"R":[[-0.3108815848827362,-0.008393052034080029,0.9504116177558899],[0.16508080065250397,0.9842856526374817,0.06269046664237976],[-0.9360026717185974,0.17638401687145233,-0.3046107590198517]],"file_name":"/home/jonas/Downloads/freiburg/rgbd_dataset_freiburg2_large_with_loop/rgb/1311875583.273864.png","t":[0.0634409710764885,0.01026884000748396,-0.3951271176338196]},{"R":[[-0.30263417959213257,-0.01540464535355568,0.9529823064804077],[0.18035739660263062,0.9808787107467651,0.07313084602355957],[-0.9358866214752197,0.19400930404663086,-0.2940691113471985]],"file_name":"/home/jonas/Downloads/freiburg/rgbd_dataset_freiburg2_large_with_loop/rgb/1311875583.405828.png","t":[0.06870776414871216,0.016295310109853745,-0.39959287643432617]},{"R":[[0.18289832770824432,-0.046417102217674255,0.9820354580879211],[-0.1898690015077591,0.9784119129180908,0.08160781860351563],[-0.964623212814331,-0.2013840228319168,0.1701367348432541]],"file_name":"/home/jonas/Downloads/freiburg/rgbd_dataset_freiburg2_large_with_loop/rgb/1311875585.641810.png","t":[0.25681495666503906,-0.10535982996225357,-0.34913042187690735]},{"R":[[0.33493903279304504,-0.08462024480104446,0.9384323358535767],[-0.10726337134838104,0.986060380935669,0.12719868123531342],[-0.9361145496368408,-0.14326322078704834,0.3211934566497803]],"file_name":"/home/jonas/Downloads/freiburg/rgbd_dataset_freiburg2_large_with_loop/rgb/1311875586.041827.png","t":[0.31584835052490234,-0.06624088436365128,-0.3195257782936096]},{"R":[[0.5403172969818115,-0.09319426119327545,0.8362846374511719],[0.05058111250400543,0.9956479668617249,0.07827337831258774],[-0.8399397134780884,7.744737558823545e-06,0.5426796674728394]],"file_name":"/home/jonas/Downloads/freiburg/rgbd_dataset_freiburg2_large_with_loop/rgb/1311875586.705775.png","t":[0.40614643692970276,-0.021756505593657494,-0.2589137554168701]},{"R":[[0.5709227919578552,-0.10537309944629669,0.8142135143280029],[0.07853412628173828,0.99419105052948,0.0735974833369255],[-0.817238986492157,0.021925069391727448,0.5758817195892334]],"file_name":"/home/jonas/Downloads/freiburg/rgbd_dataset_freiburg2_large_with_loop/rgb/1311875586.941803.png","t":[0.4223618805408478,-0.011158538982272148,-0.24897950887680054]},{"R":[[0.5786107182502747,-0.10794519633054733,0.8084290027618408],[0.07979831099510193,0.9939399361610413,0.07560203969478607],[-0.8116907477378845,0.02076711878180504,0.5837181210517883]],"file_name":"/home/jonas/Downloads/freiburg/rgbd_dataset_freiburg2_large_with_loop/rgb/1311875587.005833.png","t":[0.42619919776916504,-0.009879101067781448,-0.24630381166934967]},{"R":[[0.7658271193504333,-0.09562558680772781,0.6358966827392578],[0.10288497805595398,0.9943631291389465,0.025624368339776993],[-0.6347625851631165,0.045800384134054184,0.7713486552238464]],"file_name":"/home/jonas/Downloads/freiburg/rgbd_dataset_freiburg2_large_with_loop/rgb/1311875587.873677.png","t":[0.4894789159297943,-0.011678493581712246,-0.14296592772006989]},{"R":[[0.7682626247406006,-0.1054573580622673,0.6313883662223816],[0.12096095085144043,0.9924832582473755,0.018585840240120888],[-0.6286023855209351,0.06209452822804451,0.7752440571784973]],"file_name":"/home/jonas/Downloads/freiburg/rgbd_dataset_freiburg2_large_with_loop/rgb/1311875587.941784.png","t":[0.4918120205402374,-0.005300714634358883,-0.14041046798229218]},{"R":[[0.7519301176071167,-0.11412788182497025,0.6492887735366821],[0.1598743051290512,0.9870686531066895,-0.011646986939013004],[-0.6395633220672607,0.11256231367588043,0.7604528069496155]],"file_name":"/home/jonas/Downloads/freiburg/rgbd_dataset_freiburg2_large_with_loop/rgb/1311875588.141725.png","t":[0.49591001868247986,0.0044056568294763565,-0.15251129865646362]},{"R":[[0.7102154493331909,-0.08850555121898651,0.6983987092971802],[0.18192724883556366,0.9814409613609314,-0.06063094362616539],[-0.6800709366798401,0.1701187938451767,0.7131361365318298]],"file_name":"/home/jonas/Downloads/freiburg/rgbd_dataset_freiburg2_large_with_loop/rgb/1311875588.373708.png","t":[0.49560970067977905,0.0037922051269561052,-0.1887827068567276]},{"R":[[0.6593461036682129,-0.07598569989204407,0.7479898929595947],[0.19054673612117767,0.9792864918708801,-0.06848284602165222],[-0.7272926568984985,0.1876809298992157,0.6601675748825073]],"file_name":"/home/jonas/Downloads/freiburg/rgbd_dataset_freiburg2_large_with_loop/rgb/1311875588.673700.png","t":[0.49945759773254395,0.005352002568542957,-0.2274974137544632]},{"R":[[0.6431282758712769,-0.07055916637182236,0.7625007629394531],[0.18950742483139038,0.9794373512268066,-0.06920555233955383],[-0.7419386506080627,0.18900761008262634,0.6432753205299377]],"file_name":"/home/jonas/Downloads/freiburg/rgbd_dataset_freiburg2_large_with_loop/rgb/1311875588.773651.png","t":[0.5001577734947205,0.003551565110683441,-0.23929542303085327]},{"R":[[0.6305684447288513,-0.06846265494823456,0.773108184337616],[0.19271959364414215,0.9787167310714722,-0.07051710039377213],[-0.7518261671066284,0.19345895946025848,0.6303420066833496]],"file_name":"/home/jonas/Downloads/freiburg/rgbd_dataset_freiburg2_large_with_loop/rgb/1311875588.873691.png","t":[0.5014849305152893,0.004057723563164473,-0.24778887629508972]},{"R":[[0.5179561376571655,-0.0381433442234993,0.8545563220977783],[0.22635458409786224,0.9695062041282654,-0.09392186999320984],[-0.8249151706695557,0.24208015203475952,0.5107955932617188]],"file_name":"/home/jonas/Downloads/freiburg/rgbd_dataset_freiburg2_large_with_loop/rgb/1311875589.705632.png","t":[0.4926724433898926,0.014820610173046589,-0.33277395367622375]},{"R":[[0.5238355398178101,-0.03929014131426811,0.8509128093719482],[0.23646856844425201,0.9663805365562439,-0.10095208138227463],[-0.8183391094207764,0.2540964186191559,0.5155153870582581]],"file_name":"/home/jonas/Downloads/freiburg/rgbd_dataset_freiburg2_large_with_loop/rgb/1311875589.905654.png","t":[0.5009980201721191,0.019677316769957542,-0.3373046815395355]},{"R":[[0.527499258518219,-0.05276313051581383,0.8479154109954834],[0.2440144121646881,0.965423583984375,-0.09172926843166351],[-0.813757598400116,0.2552907168865204,0.5221351981163025]],"file_name":"/home/jonas/Downloads/freiburg/rgbd_dataset_freiburg2_large_with_loop/rgb/1311875590.005654.png","t":[0.5056442618370056,0.027735315263271332,-0.33824682235717773]},{"R":[[0.5261256098747253,-0.04941838979721069,0.8489697575569153],[0.2570953071117401,0.9608386754989624,-0.10339745879173279],[-0.8106132745742798,0.27266618609428406,0.5182270407676697]],"file_name":"/home/jonas/Downloads/freiburg/rgbd_dataset_freiburg2_large_with_loop/rgb/1311875590.373933.png","t":[0.5160739421844482,0.035088058561086655,-0.3500460386276245]},{"R":[[0.6997138857841492,-0.07215239107608795,0.710770308971405],[0.27566877007484436,0.9451071619987488,-0.1754399985074997],[-0.6590957045555115,0.3186950087547302,0.6811947822570801]],"file_name":"/home/jonas/Downloads/freiburg/rgbd_dataset_freiburg2_large_with_loop/rgb/1311875591.905715.png","t":[0.6371123194694519,0.030216829851269722,-0.24770554900169373]},{"R":[[0.7161080241203308,-0.1021781861782074,0.6904700994491577],[0.3339850604534149,0.9187911748886108,-0.21042034029960632],[-0.6128974556922913,0.38129037618637085,0.6920797228813171]],"file_name":"/home/jonas/Downloads/freiburg/rgbd_dataset_freiburg2_large_with_loop/rgb/1311875592.141577.png","t":[0.6529264450073242,0.058185476809740067,-0.22857539355754852]},{"R":[[0.7249640226364136,-0.09610868245363235,0.6820486187934875],[0.3374945819377899,0.9127686619758606,-0.23011033236980438],[-0.6004369854927063,0.3970094323158264,0.6941605806350708]],"file_name":"/home/jonas/Downloads/freiburg/rgbd_dataset_freiburg2_large_with_loop/rgb/1311875592.241608.png","t":[0.6584795117378235,0.0552578903734684,-0.2246529459953308]},{"R":[[0.7720953226089478,-0.08746717125177383,0.6294587254524231],[0.3432934582233429,0.8909390568733215,-0.29728296399116516],[-0.5348068475723267,0.4456198513507843,0.7179168462753296]],"file_name":"/home/jonas/Downloads/freiburg/rgbd_dataset_freiburg2_large_with_loop/rgb/1311875592.505847.png","t":[0.6814806461334229,0.04316326230764389,-0.1865582913160324]},{"R":[[0.811310350894928,-0.07246318459510803,0.5801073908805847],[0.3411365747451782,0.8645144701004028,-0.36910781264305115],[-0.47476449608802795,0.4973568320274353,0.7261093854904175]],"file_name":"/home/jonas/Downloads/freiburg/rgbd_dataset_freiburg2_large_with_loop/rgb/1311875592.773632.png","t":[0.6991094350814819,0.02442479506134987,-0.15517117083072662]},{"R":[[0.808857798576355,-0.0876024141907692,0.58144211769104],[0.3671232759952545,0.8476616144180298,-0.3830017149448395],[-0.4593142569065094,0.5232548713684082,0.7177985906600952]],"file_name":"/home/jonas/Downloads/freiburg/rgbd_dataset_freiburg2_large_with_loop/rgb/1311875592.873740.png","t":[0.7035782933235168,0.03865940123796463,-0.15149429440498352]},{"R":[[0.7918047904968262,-0.08792156726121902,0.604412853717804],[0.39322391152381897,0.830596387386322,-0.39431530237197876],[-0.46735435724258423,0.5498903393745422,0.6922430992126465]],"file_name":"/home/jonas/Downloads/freiburg/rgbd_dataset_freiburg2_large_with_loop/rgb/1311875593.741594.png","t":[0.7395078539848328,0.05248252674937248,-0.1724938005208969]},{"R":[[0.7594733238220215,-0.07668263465166092,0.6460031270980835],[0.40031832456588745,0.8378368020057678,-0.3711801767349243],[-0.512782096862793,0.5405083298683167,0.6670121550559998]],"file_name":"/home/jonas/Downloads/freiburg/rgbd_dataset_freiburg2_large_with_loop/rgb/1311875593.941602.png","t":[0.7414509654045105,0.06256215274333954,-0.20981550216674805]},{"R":[[0.7389684915542603,-0.06734726577997208,0.6703655123710632],[0.39475634694099426,0.849591851234436,-0.3498014509677887],[-0.5459789037704468,0.5231233239173889,0.6544073820114136]],"file_name":"/home/jonas/Downloads/freiburg/rgbd_dataset_freiburg2_large_with_loop/rgb/1311875594.041882.png","t":[0.7387358546257019,0.06353453546762466,-0.23505868017673492]},{"R":[[0.7034157514572144,-0.07768239825963974,0.7065208554267883],[0.40301740169525146,0.8623680472373962,-0.3064282536506653],[-0.5854769349098206,0.5002866983413696,0.6379106044769287]],"file_name":"/home/jonas/Downloads/freiburg/rgbd_dataset_freiburg2_large_with_loop/rgb/1311875594.241645.png","t":[0.7360562682151794,0.08328226208686829,-0.26712679862976074]},{"R":[[0.6631308794021606,-0.09097272157669067,0.7429544925689697],[0.4137095808982849,0.8717387914657593,-0.2625182867050171],[-0.6237802505493164,0.4814513623714447,0.6157131791114807]],"file_name":"/home/jonas/Downloads/freiburg/rgbd_dataset_freiburg2_large_with_loop/rgb/1311875594.441871.png","t":[0.7298462390899658,0.10595392435789108,-0.30216217041015625]},{"R":[[0.6312872171401978,-0.08594418317079544,0.7707723379135132],[0.41524484753608704,0.876840353012085,-0.24232763051986694],[-0.6550176739692688,0.47303757071495056,0.5892260074615479]],"file_name":"/home/jonas/Downloads/freiburg/rgbd_dataset_freiburg2_large_with_loop/rgb/1311875594.542902.png","t":[0.7209232449531555,0.11385663598775864,-0.33336880803108215]},{"R":[[0.5879506468772888,-0.07259517163038254,0.8056326508522034],[0.4178939163684845,0.8800186514854431,-0.2256808876991272],[-0.6925884485244751,0.4693582057952881,0.547744631767273]],"file_name":"/home/jonas/Downloads/freiburg/rgbd_dataset_freiburg2_large_with_loop/rgb/1311875594.642064.png","t":[0.7036964893341064,0.12299417704343796,-0.3771420121192932]},{"R":[[0.5405467748641968,-0.0321996696293354,0.8406975269317627],[0.4111779034137726,0.8819052577018738,-0.2305987924337387],[-0.7339903712272644,0.47032567858695984,0.48995086550712585]],"file_name":"/home/jonas/Downloads/freiburg/rgbd_dataset_freiburg2_large_with_loop/rgb/1311875594.742992.png","t":[0.6840892434120178,0.11629791557788849,-0.42504554986953735]},{"R":[[0.49100038409233093,0.01288648135960102,0.8710640668869019],[0.40324848890304565,0.8829582333564758,-0.24036508798599243],[-0.7722106575965881,0.4692746102809906,0.42833638191223145]],"file_name":"/home/jonas/Downloads/freiburg/rgbd_dataset_freiburg2_large_with_loop/rgb/1311875594.841648.png","t":[0.6542761921882629,0.11032772809267044,-0.47845372557640076]},{"R":[[0.37138089537620544,0.02216591313481331,0.9282159805297852],[0.3326696753501892,0.9301657676696777,-0.15531420707702637],[-0.8668374419212341,0.3664700388908386,0.33807188272476196]],"file_name":"/home/jonas/Downloads/freiburg/rgbd_dataset_freiburg2_large_with_loop/rgb/1311875595.273940.png","t":[0.5964755415916443,0.09123971313238144,-0.5773048400878906]},{"R":[[0.08471829444169998,0.07479481399059296,0.9935937523841858],[0.25100743770599365,0.9634175300598145,-0.09392526745796204],[-0.9642707705497742,0.2573566138744354,0.06284502893686295]],"file_name":"/home/jonas/Downloads/freiburg/rgbd_dataset_freiburg2_large_with_loop/rgb/1311875595.909579.png","t":[0.41569674015045166,0.05417443811893463,-0.7441272735595703]},{"R":[[-0.24373702704906464,0.08308198302984238,0.9662761688232422],[0.10518614947795868,0.9927113652229309,-0.0588223822414875],[-0.9641203880310059,0.08730167895555496,-0.25069957971572876]],"file_name":"/home/jonas/Downloads/freiburg/rgbd_dataset_freiburg2_large_with_loop/rgb/1311875596.941696.png","t":[0.16570354998111725,-0.044961828738451004,-0.8782376050949097]},{"R":[[-0.0774165540933609,0.034683141857385635,0.9963954091072083],[-0.07244253158569336,0.996557354927063,-0.040317319333553314],[-0.9943634867668152,-0.07530263066291809,-0.0746375024318695]],"file_name":"/home/jonas/Downloads/freiburg/rgbd_dataset_freiburg2_large_with_loop/rgb/1311875598.941399.png","t":[0.3027644455432892,-0.18208587169647217,-0.8783116340637207]},{"R":[[0.2702469527721405,-0.060871582478284836,0.9608648419380188],[0.062464289367198944,0.99700528383255,0.045592788606882095],[-0.960762619972229,0.047698426991701126,0.27323994040489197]],"file_name":"/home/jonas/Downloads/freiburg/rgbd_dataset_freiburg2_large_with_loop/rgb/1311875599.842616.png","t":[0.6020641922950745,-0.03517013415694237,-0.766974925994873]},{"R":[[0.5064599514007568,-0.055241141468286514,0.8604921698570251],[0.1513175368309021,0.9881530404090881,-0.02562437579035759],[-0.8488823771476746,0.14318527281284332,0.5088188648223877]],"file_name":"/home/jonas/Downloads/freiburg/rgbd_dataset_freiburg2_large_with_loop/rgb/1311875600.544636.png","t":[0.7861950993537903,0.015295390039682388,-0.613449215888977]},{"R":[[0.6452719569206238,-0.017410865053534508,0.7637544870376587],[0.11456605046987534,0.9906399250030518,-0.07421018183231354],[-0.7553136348724365,0.13538609445095062,0.6412268877029419]],"file_name":"/home/jonas/Downloads/freiburg/rgbd_dataset_freiburg2_large_with_loop/rgb/1311875600.842513.png","t":[0.884272575378418,-0.042954616248607635,-0.48219341039657593]},{"R":[[0.7686271071434021,-0.0779174268245697,0.6349340677261353],[0.08475758880376816,0.9962078928947449,0.019647663459181786],[-0.6340572237968445,0.03871375694870949,0.7723164558410645]],"file_name":"/home/jonas/Downloads/freiburg/rgbd_dataset_freiburg2_large_with_loop/rgb/1311875601.410436.png","t":[0.9755451679229736,-0.03242611885070801,-0.3129477798938751]},{"R":[[0.7957287430763245,-0.06652675569057465,0.6019883155822754],[0.048421505838632584,0.997755229473114,0.04625841975212097],[-0.6037144064903259,-0.007659973576664925,0.7971638441085815]],"file_name":"/home/jonas/Downloads/freiburg/rgbd_dataset_freiburg2_large_with_loop/rgb/1311875601.611140.png","t":[0.9846459031105042,-0.05708467960357666,-0.27759602665901184]},{"R":[[0.8893631100654602,-0.0451558493077755,0.4549662172794342],[-0.004255545325577259,0.9942499995231628,0.1069989949464798],[-0.45718181133270264,-0.09709708392620087,0.8840571045875549]],"file_name":"/home/jonas/Downloads/freiburg/rgbd_dataset_freiburg2_large_with_loop/rgb/1311875602.473475.png","t":[1.0550040006637573,-0.08363647758960724,-0.11384795606136322]},{"R":[[0.9727655649185181,0.017221633344888687,0.2311505228281021],[-0.05282391607761383,0.9874656200408936,0.14873215556144714],[-0.2256917953491211,-0.15689179301261902,0.9614822864532471]],"file_name":"/home/jonas/Downloads/freiburg/rgbd_dataset_freiburg2_large_with_loop/rgb/1311875603.309528.png","t":[1.0498416423797607,-0.1163063794374466,0.1631644070148468]},{"R":[[0.9796692728996277,0.04738391563296318,0.19494327902793884],[-0.08390145748853683,0.9794182777404785,0.18357650935649872],[-0.18223243951797485,-0.19620029628276825,0.963481605052948]],"file_name":"/home/jonas/Downloads/freiburg/rgbd_dataset_freiburg2_large_with_loop/rgb/1311875603.609550.png","t":[1.039293885231018,-0.13283036649227142,0.2118128091096878]},{"R":[[0.9959527850151062,0.08003924787044525,0.04088691249489784],[-0.08949968218803406,0.9248834848403931,0.36956775188446045],[-0.008235707879066467,-0.37173140048980713,0.9283037781715393]],"file_name":"/home/jonas/Downloads/freiburg/rgbd_dataset_freiburg2_large_with_loop/rgb/1311875605.009593.png","t":[0.9945440888404846,-0.06071272864937782,0.3936137557029724]},{"R":[[0.9962289929389954,0.08114282786846161,0.030719168484210968],[-0.08668117970228195,0.915440559387207,0.3930075466632843],[0.0037681730464100838,-0.3941882848739624,0.9190219640731812]],"file_name":"/home/jonas/Downloads/freiburg/rgbd_dataset_freiburg2_large_with_loop/rgb/1311875605.077441.png","t":[0.9908264875411987,-0.04749069735407829,0.4061431288719177]},{"R":[[0.9958156943321228,0.08793816715478897,0.024858729913830757],[-0.09057796001434326,0.9137540459632874,0.3960418403148651],[0.012112429365515709,-0.39663633704185486,0.9178959131240845]],"file_name":"/home/jonas/Downloads/freiburg/rgbd_dataset_freiburg2_large_with_loop/rgb/1311875605.109561.png","t":[0.9872687458992004,-0.0500660166144371,0.41362494230270386]},{"R":[[0.994623601436615,0.10216357558965683,0.016926024109125137],[-0.10036712884902954,0.9107796549797058,0.4005082845687866],[0.02550147846341133,-0.40005379915237427,0.9161368012428284]],"file_name":"/home/jonas/Downloads/freiburg/rgbd_dataset_freiburg2_large_with_loop/rgb/1311875605.177477.png","t":[0.9814019203186035,-0.057715680450201035,0.4262315034866333]},{"R":[[0.992425262928009,0.12207414954900742,0.013785088434815407],[-0.1174987256526947,0.9104435443878174,0.39659368991851807],[0.03586329519748688,-0.39520934224128723,0.917890727519989]],"file_name":"/home/jonas/Downloads/freiburg/rgbd_dataset_freiburg2_large_with_loop/rgb/1311875605.241517.png","t":[0.9755937457084656,-0.07572727650403976,0.43766435980796814]},{"R":[[0.9938672780990601,0.0025026085786521435,0.11055107414722443],[-0.019251571968197823,0.9883922338485718,0.15069912374019623],[-0.10889067500829697,-0.1519032120704651,0.9823788404464722]],"file_name":"/home/jonas/Downloads/freiburg/rgbd_dataset_freiburg2_large_with_loop/rgb/1311875726.923104.png","t":[-0.041373033076524734,-0.005742828827351332,0.2995539605617523]},{"R":[[0.9978777170181274,0.0326702743768692,-0.05632666498422623],[-0.016271304339170456,0.9626909494400024,0.2701137363910675],[0.06304986029863358,-0.2686239778995514,0.9611794352531433]],"file_name":"/home/jonas/Downloads/freiburg/rgbd_dataset_freiburg2_large_with_loop/rgb/1311875727.359225.png","t":[-0.09262354671955109,0.03396257385611534,0.27099353075027466]},{"R":[[0.9607592821121216,0.06776072829961777,-0.2689797580242157],[0.0072763841599226,0.9632130265235901,0.26864054799079895],[0.2772880792617798,-0.2600560784339905,0.9249227643013]],"file_name":"/home/jonas/Downloads/freiburg/rgbd_dataset_freiburg2_large_with_loop/rgb/1311875728.059137.png","t":[-0.13322822749614716,0.028014276176691055,0.2363044172525406]},{"R":[[0.9463890790939331,0.06484092772006989,-0.31645435094833374],[0.0020248666405677795,0.9784370064735413,0.20653554797172546],[0.32302260398864746,-0.1961037665605545,0.9258508086204529]],"file_name":"/home/jonas/Downloads/freiburg/rgbd_dataset_freiburg2_large_with_loop/rgb/1311875728.222980.png","t":[-0.1440870463848114,0.011023936793208122,0.23194243013858795]},{"R":[[0.9692782163619995,0.04400472342967987,-0.2419985830783844],[-0.036851655691862106,0.9987419247627258,0.03400786221027374],[0.24319063127040863,-0.024045033380389214,0.9696804285049438]],"file_name":"/home/jonas/Downloads/freiburg/rgbd_dataset_freiburg2_large_with_loop/rgb/1311875728.923100.png","t":[-0.08706559240818024,-0.039837513118982315,0.22521153092384338]},{"R":[[0.9900326728820801,0.03703172504901886,-0.13588207960128784],[-0.04040203616023064,0.9989384412765503,-0.022128906100988388],[0.13491836190223694,0.027398252859711647,0.9904778599739075]],"file_name":"/home/jonas/Downloads/freiburg/rgbd_dataset_freiburg2_large_with_loop/rgb/1311875729.159193.png","t":[-0.05454394593834877,-0.05391264334321022,0.2278553992509842]},{"R":[[0.9958885908126831,0.03558894619345665,-0.0833030566573143],[-0.03607992082834244,0.99933922290802,-0.0043953717686235905],[0.08309158682823181,0.0073828683234751225,0.9965145587921143]],"file_name":"/home/jonas/Downloads/freiburg/rgbd_dataset_freiburg2_large_with_loop/rgb/1311875729.323239.png","t":[-0.03604339435696602,-0.04711879789829254,0.22798815369606018]},{"R":[[0.9963259100914001,0.021943414583802223,0.08278407156467438],[-0.03782152757048607,0.9799886345863342,0.1954273283481598],[-0.07683910429477692,-0.19784033298492432,0.977217972278595]],"file_name":"/home/jonas/Downloads/freiburg/rgbd_dataset_freiburg2_large_with_loop/rgb/1311875729.923168.png","t":[0.01767895556986332,-0.0005131919751875103,0.22242791950702667]},{"R":[[0.9880371689796448,0.01503179781138897,0.15348172187805176],[-0.047955162823200226,0.9758445024490356,0.21313798427581787],[-0.14657044410705566,-0.21794848144054413,0.9648914933204651]],"file_name":"/home/jonas/Downloads/freiburg/rgbd_dataset_freiburg2_large_with_loop/rgb/1311875730.123245.png","t":[0.04213402420282364,0.00213162275031209,0.21695256233215332]},{"R":[[0.9517452716827393,-0.004301716107875109,0.3068590462207794],[-0.04274236038327217,0.988298237323761,0.14642299711704254],[-0.3038981258869171,-0.15247327089309692,0.9404242634773254]],"file_name":"/home/jonas/Downloads/freiburg/rgbd_dataset_freiburg2_large_with_loop/rgb/1311875730.459044.png","t":[0.08891888707876205,-0.020674725994467735,0.20594221353530884]},{"R":[[0.9165670275688171,-0.00943559780716896,0.39976972341537476],[-0.02720772475004196,0.9959333539009094,0.08588676899671555],[-0.3989543914794922,-0.08959780633449554,0.9125829339027405]],"file_name":"/home/jonas/Downloads/freiburg/rgbd_dataset_freiburg2_large_with_loop/rgb/1311875730.659030.png","t":[0.11624186486005783,-0.03093942627310753,0.19227266311645508]},{"R":[[0.8847166299819946,-0.0400557816028595,0.4644050598144531],[0.041035886853933334,0.9991256594657898,0.008000832051038742],[-0.46431949734687805,0.011978804133832455,0.8855867385864258]],"file_name":"/home/jonas/Downloads/freiburg/rgbd_dataset_freiburg2_large_with_loop/rgb/1311875730.858988.png","t":[0.1400156021118164,-0.04812848940491676,0.175103560090065]},{"R":[[0.8716803789138794,-0.05978022515773773,0.4864150881767273],[0.0786670595407486,0.9967296719551086,-0.01847764477133751],[-0.48371976613998413,0.05437144637107849,0.8735324144363403]],"file_name":"/home/jonas/Downloads/freiburg/rgbd_dataset_freiburg2_large_with_loop/rgb/1311875730.991113.png","t":[0.14875836670398712,-0.051206085830926895,0.16563695669174194]},{"R":[[0.8544818758964539,-0.08113319426774979,0.5131063461303711],[0.13953767716884613,0.9872755408287048,-0.07626411318778992],[-0.5003897547721863,0.13676397502422333,0.8549302220344543]],"file_name":"/home/jonas/Downloads/freiburg/rgbd_dataset_freiburg2_large_with_loop/rgb/1311875731.259095.png","t":[0.17218434810638428,-0.05638670176267624,0.14893965423107147]},{"R":[[0.8314499855041504,-0.08525682240724564,0.5490192770957947],[0.16566316783428192,0.9812502264976501,-0.09850721061229706],[-0.5303269028663635,0.17285609245300293,0.8299844264984131]],"file_name":"/home/jonas/Downloads/freiburg/rgbd_dataset_freiburg2_large_with_loop/rgb/1311875731.390993.png","t":[0.18699872493743896,-0.05923944711685181,0.13690932095050812]},{"R":[[0.8008512854576111,-0.09426058083772659,0.5913984775543213],[0.20897561311721802,0.9694453477859497,-0.12847159802913666],[-0.5612186789512634,0.22647450864315033,0.796079695224762]],"file_name":"/home/jonas/Downloads/freiburg/rgbd_dataset_freiburg2_large_with_loop/rgb/1311875731.526935.png","t":[0.20300859212875366,-0.06371533125638962,0.11960908025503159]},{"R":[[0.7328940033912659,-0.09031647443771362,0.6743213534355164],[0.2635956108570099,0.9514289498329163,-0.1590605527162552],[-0.627203106880188,0.294322669506073,0.7211036086082458]],"file_name":"/home/jonas/Downloads/freiburg/rgbd_dataset_freiburg2_large_with_loop/rgb/1311875731.790966.png","t":[0.22391991317272186,-0.0641019269824028,0.08711887151002884]},{"R":[[0.7073546051979065,-0.08300617337226868,0.7019683122634888],[0.2890814244747162,0.9402062892913818,-0.1801222860813141],[-0.6450437307357788,0.3303363025188446,0.6890547871589661]],"file_name":"/home/jonas/Downloads/freiburg/rgbd_dataset_freiburg2_large_with_loop/rgb/1311875731.926988.png","t":[0.2293570190668106,-0.06397140771150589,0.0737755298614502]},{"R":[[0.6761042475700378,-0.07994212210178375,0.732456386089325],[0.3059867322444916,0.9347836375236511,-0.18042075634002686],[-0.6702650189399719,0.34610515832901,0.656472384929657]],"file_name":"/home/jonas/Downloads/freiburg/rgbd_dataset_freiburg2_large_with_loop/rgb/1311875732.059394.png","t":[0.23586909472942352,-0.058451782912015915,0.05926657095551491]},{"R":[[0.5591132640838623,-0.07940123975276947,0.8252804279327393],[0.21501921117305756,0.9752327799797058,-0.051843464374542236],[-0.8007240891456604,0.20643751323223114,0.5623383522033691]],"file_name":"/home/jonas/Downloads/freiburg/rgbd_dataset_freiburg2_large_with_loop/rgb/1311875732.526922.png","t":[0.25539445877075195,-0.033786043524742126,0.02268727868795395]},{"R":[[0.5180933475494385,-0.07456094026565552,0.8520680069923401],[0.18504948914051056,0.9823703765869141,-0.026554755866527557],[-0.8350664377212524,0.17143259942531586,0.5227570533752441]],"file_name":"/home/jonas/Downloads/freiburg/rgbd_dataset_freiburg2_large_with_loop/rgb/1311875732.691083.png","t":[0.26203522086143494,-0.03101494163274765,0.010295186191797256]},{"R":[[0.48777449131011963,-0.06685921549797058,0.8704056143760681],[0.1706131547689438,0.9851363301277161,-0.019939323887228966],[-0.8561350703239441,0.1582285314798355,0.49193140864372253]],"file_name":"/home/jonas/Downloads/freiburg/rgbd_dataset_freiburg2_large_with_loop/rgb/1311875732.859393.png","t":[0.2655736207962036,-0.029996205121278763,-0.00047214599908329546]},{"R":[[0.4859406054019928,-0.06866504997015,0.8712903261184692],[-0.01934465765953064,0.9958197474479675,0.0892680287361145],[-0.8737777471542358,-0.06023377180099487,0.4825809597969055]],"file_name":"/home/jonas/Downloads/freiburg/rgbd_dataset_freiburg2_large_with_loop/rgb/1311875733.691391.png","t":[0.2906195819377899,-0.023424964398145676,-0.003916001878678799]},{"R":[[0.5287079811096191,-0.11888129264116287,0.8404374718666077],[-0.10380419343709946,0.9736553430557251,0.20302702486515045],[-0.8424324989318848,-0.19458293914794922,0.5024389624595642]],"file_name":"/home/jonas/Downloads/freiburg/rgbd_dataset_freiburg2_large_with_loop/rgb/1311875734.291295.png","t":[0.3050924837589264,-0.008294802159070969,0.007010720204561949]},{"R":[[0.6839403510093689,-0.15657353401184082,0.712537944316864],[-0.0014413816388696432,0.976405680179596,0.21593952178955078],[-0.7295365333557129,-0.1487167924642563,0.6675775647163391]],"file_name":"/home/jonas/Downloads/freiburg/rgbd_dataset_freiburg2_large_with_loop/rgb/1311875734.859078.png","t":[0.2983686029911041,0.0076478817500174046,0.06337325274944305]},{"R":[[0.7200760245323181,-0.16511237621307373,0.6739647388458252],[0.028555454686284065,0.9775057435035706,0.2089667171239853],[-0.6933073997497559,-0.1312265396118164,0.7085933089256287]],"file_name":"/home/jonas/Downloads/freiburg/rgbd_dataset_freiburg2_large_with_loop/rgb/1311875735.027244.png","t":[0.2945084869861603,0.006294995546340942,0.07924549281597137]},{"R":[[0.727968692779541,-0.16043446958065033,0.6665751338005066],[0.27939289808273315,0.9572646021842957,-0.07472683489322662],[-0.6261000037193298,0.24063515663146973,0.7416828870773315]],"file_name":"/home/jonas/Downloads/freiburg/rgbd_dataset_freiburg2_large_with_loop/rgb/1311875736.490918.png","t":[0.2946174144744873,-0.02990768477320671,0.07781729102134705]},{"R":[[0.712209165096283,-0.1489265412092209,0.6859875917434692],[0.2682793140411377,0.960798442363739,-0.06994673609733582],[-0.6486788988113403,0.23385298252105713,0.7242434024810791]],"file_name":"/home/jonas/Downloads/freiburg/rgbd_dataset_freiburg2_large_with_loop/rgb/1311875736.658848.png","t":[0.2961786687374115,-0.030687252059578896,0.07089896500110626]},{"R":[[0.6948354244232178,-0.14510910212993622,0.7043771147727966],[0.2535414695739746,0.9659735560417175,-0.051106203347444534],[-0.6729936599731445,0.2140992134809494,0.7079837918281555]],"file_name":"/home/jonas/Downloads/freiburg/rgbd_dataset_freiburg2_large_with_loop/rgb/1311875736.827028.png","t":[0.2990233600139618,-0.0295236948877573,0.06594058126211166]},{"R":[[0.6126304864883423,-0.1332322210073471,0.779059112071991],[0.22959686815738678,0.9731833934783936,-0.014117859303951263],[-0.7562864422798157,0.18751855194568634,0.6267915368080139]],"file_name":"/home/jonas/Downloads/freiburg/rgbd_dataset_freiburg2_large_with_loop/rgb/1311875737.327056.png","t":[0.2987883687019348,-0.022762615233659744,0.045745812356472015]},{"R":[[0.5757911205291748,-0.141718789935112,0.8052207231521606],[0.23530982434749603,0.9719163775444031,0.0027936529368162155],[-0.7830030918121338,0.18786779046058655,0.5929686427116394]],"file_name":"/home/jonas/Downloads/freiburg/rgbd_dataset_freiburg2_large_with_loop/rgb/1311875737.526911.png","t":[0.2978321313858032,-0.017425112426280975,0.03753414750099182]}]