0 1 0 0 -0 0 1 0 -0 0 0 1 -0
1 1 -0.000186862 -0.000382409 4.17732e-05 0.000185282 0.999991 -0.00412804 0.000263277 0.000383177 0.00412797 0.999991 -0.00154824
2 0.999998 -0.00154808 -0.000851653 3.22712e-05 0.00154381 0.999986 -0.00499874 0.000449809 0.000859379 0.00499742 0.999987 -0.00302141
3 0.999994 -0.00292786 -0.00211597 9.7276e-05 0.00291753 0.999984 -0.00486857 -0.00168482 0.00213019 0.00486237 0.999986 -0.00296393
4 0.999989 -0.00397927 -0.00257792 -0.00141154 0.003966 0.999979 -0.00513344 0.000394876 0.0025983 0.00512316 0.999983 -0.00439174
5 0.999981 -0.00492924 -0.00359939 -0.00012974 0.00491491 0.99998 -0.00397839 -0.000261298 0.00361893 0.00396062 0.999986 -0.00325709
6 0.999982 -0.00518509 -0.00317478 0.000817104 0.00517422 0.999981 -0.00342317 -0.00234009 0.00319247 0.00340668 0.999989 -0.00300369
7 0.999987 -0.00482276 -0.0018654 -0.000218367 0.00481508 0.99998 -0.00410311 -0.00239657 0.00188515 0.00409408 0.99999 -0.00414044
8 0.999976 -0.00619823 -0.00306855 0.000162194 0.00618606 0.999973 -0.00395775 -0.00175356 0.003093 0.00393867 0.999987 -0.00464691
9 0.999974 -0.00584917 -0.00416845 -0.000985155 0.00583574 0.999978 -0.0032267 -0.000921105 0.00418723 0.00320229 0.999986 -0.00602072
10 0.999972 -0.00569127 -0.00493534 -0.00227636 0.00567692 0.99998 -0.00291661 -0.000631097 0.00495184 0.00288851 0.999984 -0.00415635
11 0.999975 -0.00340742 -0.00627183 -0.00111814 0.00339417 0.999992 -0.0021213 -0.000827922 0.00627901 0.00209995 0.999978 -0.00678111
12 0.999966 -0.00503533 -0.00653049 -0.00164211 0.00501906 0.999984 -0.00250406 -0.000401291 0.006543 0.0024712 0.999976 -0.00662936
13 0.999962 -0.0046119 -0.00739746 -0.00131012 0.0046019 0.999988 -0.00136768 -0.00320251 0.00740368 0.00133358 0.999972 -0.00659314
14 0.99997 -0.00308842 -0.00709415 -0.00116003 0.00307356 0.999993 -0.0021051 -0.00321754 0.0071006 0.00208323 0.999973 -0.00785093
15 0.999969 -0.00329294 -0.00710012 -0.000884043 0.00327077 0.99999 -0.00313126 -0.00264441 0.00711036 0.00310794 0.99997 -0.00753207
16 0.999959 -0.00449489 -0.0079209 -0.00105962 0.0044748 0.999987 -0.00255208 -0.00534211 0.00793226 0.00251653 0.999965 -0.00835158
17 0.999949 -0.00385251 -0.00929106 -0.0010806 0.0038095 0.999982 -0.00464239 -0.00256601 0.00930878 0.00460676 0.999946 -0.00914655
18 0.999945 -0.00383738 -0.00979992 -0.000197354 0.00379606 0.999984 -0.00423157 -0.00397648 0.009816 0.00419414 0.999943 -0.00967959
19 0.999947 -0.00388877 -0.00957811 0.000448752 0.00383108 0.999974 -0.00603433 -0.00408718 0.00960134 0.00599731 0.999936 -0.00851132
20 0.99993 -0.00312253 -0.0113732 0.00157421 0.00305624 0.999978 -0.00584126 -0.00295033 0.0113912 0.0058061 0.999918 -0.0112612
21 0.999913 -0.00251893 -0.0129166 0.00119684 0.00247255 0.99999 -0.00360567 -0.00352179 0.0129256 0.00357342 0.99991 -0.0112851
22 0.999888 -3.75017e-05 -0.014973 -0.000808086 2.58223e-06 0.999997 -0.00233218 -0.00218594 0.014973 0.00233188 0.999885 -0.0104819
23 0.999842 0.00410956 -0.0172951 0.000784359 -0.00411618 0.999991 -0.000346694 -0.0042223 0.0172935 0.000417829 0.99985 -0.009238
24 0.999869 0.00520833 -0.0152962 -0.000227048 -0.00524736 0.999983 -0.00251294 -0.00310682 0.0152828 0.00259287 0.99988 -0.0109637
25 0.999895 0.00421634 -0.0138496 0.000587021 -0.0042546 0.999987 -0.00273438 -0.00412051 0.0138379 0.00279302 0.9999 -0.0115737
26 0.99991 0.00361683 -0.0129471 3.76741e-05 -0.00365762 0.999988 -0.00312859 -0.00412992 0.0129356 0.00317566 0.999911 -0.0110884
27 0.999913 0.0035905 -0.0126563 -8.75704e-05 -0.00363025 0.999989 -0.00311867 -0.00521365 0.012645 0.00316435 0.999915 -0.0111262
28 0.999912 0.00292627 -0.0129346 0.000891306 -0.00299687 0.999981 -0.00544192 -0.00288013 0.0129184 0.00548021 0.999902 -0.0115291
29 0.999901 0.00365423 -0.0135935 0.00125486 -0.00372758 0.999979 -0.00537441 -0.00368435 0.0135736 0.00542455 0.999893 -0.011373
30 0.999884 0.00415063 -0.0146724 0.00218764 -0.00421952 0.99998 -0.00466719 -0.00535812 0.0146527 0.00472856 0.999881 -0.0116036
31 0.999882 0.00312375 -0.0150556 0.00229598 -0.00320434 0.999981 -0.00533171 -0.00425172 0.0150387 0.00537932 0.999872 -0.0119252
32 0.999881 0.00404619 -0.0148901 0.000779183 -0.00413376 0.999974 -0.00585492 -0.00396837 0.0148661 0.00591577 0.999872 -0.011496
33 0.999881 0.00342737 -0.0150349 0.00100665 -0.0035247 0.999973 -0.00645183 -0.0024479 0.0150124 0.00650405 0.999866 -0.011432
34 0.999882 0.00286952 -0.0150727 0.00196049 -0.00294022 0.999985 -0.00467062 -0.00582961 0.0150591 0.00471439 0.999875 -0.0119642
35 0.999888 0.00468642 -0.0142321 0.000299447 -0.004791 0.999962 -0.0073228 -0.00358597 0.0141972 0.00739017 0.999872 -0.0120514
36 0.999862 0.00717383 -0.0150042 0.00189227 -0.0072838 0.999947 -0.00728702 -0.00281465 0.0149511 0.0073953 0.999861 -0.0116808
37 0.999877 0.00712165 -0.0139609 0.000523908 -0.00720977 0.999954 -0.00627194 -0.00456181 0.0139156 0.00637183 0.999883 -0.0115009
38 0.999866 0.00635546 -0.0150864 0.000971378 -0.00646129 0.999955 -0.00697676 -0.00352031 0.0150413 0.00707331 0.999862 -0.0120079
39 0.999842 0.00722727 -0.0162214 0.00137724 -0.0073084 0.999961 -0.00494775 -0.00461213 0.016185 0.00506552 0.999856 -0.0123909
40 0.999848 0.00737136 -0.0157929 0.000909521 -0.00745836 0.999957 -0.00545702 -0.00511102 0.015752 0.00557398 0.99986 -0.0121865
41 0.999846 0.00678285 -0.0162065 0.00194947 -0.00690259 0.999949 -0.00734391 -0.00302382 0.0161558 0.00745464 0.999842 -0.0131148
42 0.999859 0.00595971 -0.015675 -0.000350815 -0.00605476 0.999964 -0.0060237 -0.00546297 0.0156385 0.00611776 0.999859 -0.0127865
43 0.999817 0.00511053 -0.0184566 0.0014903 -0.00525694 0.999955 -0.00789277 -0.00279292 0.0184154 0.00798835 0.999799 -0.01178
44 0.999818 0.00706174 -0.0177364 -0.000255188 -0.0072004 0.999944 -0.00776641 -0.00364683 0.0176806 0.00789271 0.999813 -0.0121633
45 0.999813 0.00785549 -0.0176733 -6.54283e-05 -0.00798826 0.99994 -0.00745484 -0.00518893 0.0176136 0.00759462 0.999816 -0.0126703
46 0.999816 0.00726656 -0.0177707 -0.000551176 -0.00741747 0.999937 -0.00844088 -0.00320027 0.0177082 0.00857114 0.999806 -0.0126742
47 0.999795 0.00737339 -0.0188551 -0.000287599 -0.0074993 0.99995 -0.00661553 -0.00532955 0.0188054 0.00675557 0.9998 -0.0120826
48 0.999781 0.00812573 -0.0192709 -0.00132264 -0.00827631 0.999936 -0.00774684 -0.00402632 0.0192067 0.00790464 0.999784 -0.0132738
49 0.999764 0.00770579 -0.0203114 0.000682112 -0.00785267 0.999943 -0.00716161 -0.00524332 0.0202551 0.00731941 0.999768 -0.0129964
50 0.999776 0.0076057 -0.0197426 -0.000708752 -0.00776585 0.999937 -0.00804838 -0.00463874 0.0196802 0.0081999 0.999773 -0.0128474
51 0.999763 0.00751514 -0.0204539 -0.000140059 -0.00768782 0.999935 -0.00837693 -0.00385908 0.0203896 0.00853219 0.999756 -0.0117551
52 0.999739 0.0088938 -0.0210313 0.000105936 -0.00903384 0.999938 -0.00657278 -0.00568495 0.0209715 0.00676106 0.999757 -0.0114412
53 0.999735 0.00869026 -0.0213247 0.000238938 -0.00886875 0.999926 -0.00828988 -0.00372381 0.0212511 0.00847681 0.999738 -0.0106304
54 0.99972 0.00977891 -0.0215342 3.20382e-05 -0.00992666 0.999928 -0.00676501 -0.00538546 0.0214665 0.00697688 0.999745 -0.0115995
55 0.999705 0.00980238 -0.0222033 -0.000685892 -0.00993616 0.999933 -0.00592324 -0.00675049 0.0221438 0.00614211 0.999736 -0.0118118
56 0.999704 0.00928223 -0.0225074 -0.000500437 -0.00943052 0.999934 -0.00649122 -0.00686865 0.0224457 0.00670156 0.999726 -0.0120616
57 0.999708 0.00822527 -0.0227217 0.000345737 -0.00838303 0.999941 -0.00685659 -0.00619937 0.022664 0.00704507 0.999718 -0.011236
58 0.999692 0.00909018 -0.0230827 -4.02845e-05 -0.00925384 0.999933 -0.0069929 -0.00739573 0.0230176 0.00720435 0.999709 -0.0117829
59 0.999675 0.0110599 -0.0229734 -0.000810637 -0.0112316 0.99991 -0.00736018 -0.00711375 0.0228899 0.00761581 0.999709 -0.011702
60 0.999671 0.0116052 -0.0228748 -0.000822011 -0.0117854 0.9999 -0.00775721 -0.00702015 0.0227825 0.00802425 0.999708 -0.012681
61 0.999677 0.00987268 -0.0233999 0.000786257 -0.0100908 0.999907 -0.00922273 -0.0071326 0.0233066 0.00945588 0.999684 -0.0116101
62 0.999671 0.0104743 -0.0234025 0.0018903 -0.0107162 0.99989 -0.0102353 -0.00498548 0.0232927 0.0104827 0.999674 -0.0117459
63 0.999702 0.0105791 -0.0219898 0.000582362 -0.0107774 0.999902 -0.00892009 -0.0062601 0.0218933 0.00915443 0.999718 -0.0104878
64 0.999716 0.0108803 -0.0212137 0.0016496 -0.0110791 0.999896 -0.00927491 -0.00622138 0.0211106 0.0095073 0.999732 -0.0116554
65 0.999749 0.010226 -0.0199349 0.000958546 -0.0103779 0.999918 -0.00752787 -0.00740484 0.0198563 0.00773287 0.999773 -0.0111008
66 0.999727 0.0111685 -0.0205405 0.00287635 -0.0113222 0.999909 -0.00738206 -0.0063302 0.0204561 0.0076126 0.999762 -0.0109474
67 0.99975 0.0108056 -0.0195827 0.00231161 -0.0109472 0.999915 -0.00713706 -0.00679074 0.0195039 0.00734965 0.999783 -0.0107888
68 0.999736 0.0115615 -0.0198456 0.00506947 -0.0117141 0.999903 -0.00759161 -0.00723451 0.0197559 0.00782208 0.999774 -0.0123918
69 0.999788 0.0106037 -0.0176483 0.00235969 -0.0107849 0.99989 -0.0102057 -0.0036694 0.0175381 0.0103939 0.999792 -0.0113171
70 0.999781 0.0116746 -0.017361 0.00397248 -0.0118416 0.999884 -0.00954325 -0.00518329 0.0172475 0.00974674 0.999804 -0.0118629
71 0.999818 0.0116808 -0.0150939 0.00307258 -0.0118393 0.999875 -0.010454 -0.00566119 0.01497 0.0106308 0.999831 -0.0114275
72 0.999822 0.0102466 -0.0158649 0.00507967 -0.0103967 0.999902 -0.00940682 -0.00626118 0.0157669 0.00957009 0.99983 -0.0120016
73 0.999824 0.0111324 -0.0150976 0.00364565 -0.0112801 0.999889 -0.00973908 -0.00620689 0.0149875 0.00990767 0.999839 -0.0116947
74 0.999825 0.0109384 -0.0151828 0.00443332 -0.0111044 0.999879 -0.0108965 -0.00430294 0.0150617 0.0110632 0.999825 -0.0115672
75 0.999844 0.0103837 -0.014322 0.0041826 -0.0105168 0.999902 -0.00924928 -0.00743603 0.0142245 0.00939845 0.999855 -0.0120523
76 0.999834 0.00973694 -0.015409 0.00542021 -0.00988348 0.999906 -0.00946255 -0.00647251 0.0153154 0.00961327 0.999837 -0.0121446
77 0.999795 0.0141046 -0.0145093 0.00493077 -0.0142418 0.999854 -0.00939808 -0.00796884 0.0143746 0.0096028 0.999851 -0.0118208
78 0.999769 0.0156123 -0.0147931 0.00497175 -0.0157617 0.999825 -0.0100367 -0.00580208 0.0146338 0.0102675 0.99984 -0.0119645
79 0.999733 0.0174584 -0.015154 0.00369847 -0.0176031 0.9998 -0.00947152 -0.00343677 0.0149856 0.00973575 0.99984 -0.0103513
80 0.999664 0.0193722 -0.0172273 0.00525416 -0.0194649 0.999797 -0.00522637 -0.00541411 0.0171225 0.00555994 0.999838 -0.012033
81 0.999658 0.0196019 -0.0173227 0.00588314 -0.0196457 0.999804 -0.00235747 -0.00630575 0.0172731 0.00269698 0.999847 -0.0109321
82 0.999714 0.0183501 -0.015361 0.00667293 -0.0183664 0.999831 -0.000922248 -0.00663294 0.0153414 0.00120411 0.999882 -0.0115082
83 0.99977 0.0171825 -0.0128552 0.0053779 -0.017228 0.999846 -0.00343815 -0.0041097 0.0127942 0.00365883 0.999911 -0.00978251
84 0.999767 0.0171834 -0.0130306 0.0063434 -0.0172221 0.999848 -0.00286806 -0.0065954 0.0129793 0.00309181 0.999911 -0.0110643
85 0.999797 0.0159098 -0.0123332 0.00627703 -0.015964 0.999863 -0.00431183 -0.00502566 0.0122629 0.00450784 0.999915 -0.00959924
86 0.999751 0.0172369 -0.0141712 0.00841423 -0.0172837 0.999846 -0.00318212 -0.00785608 0.0141141 0.00342625 0.999894 -0.0096873
87 0.999784 0.016117 -0.013093 0.00894221 -0.0161953 0.999851 -0.00590051 -0.00711897 0.012996 0.00611128 0.999897 -0.00977369
88 0.999788 0.0165645 -0.0122607 0.011391 -0.0166297 0.999848 -0.00523758 -0.00874845 0.012172 0.00544036 0.999911 -0.0114424
89 0.999853 0.0138062 -0.0102139 0.0125615 -0.0138772 0.99988 -0.00691634 -0.0072514 0.0101172 0.00705706 0.999924 -0.0103112
90 0.999876 0.0129213 -0.00895318 0.0134833 -0.0129814 0.999893 -0.00668034 -0.00822119 0.00886591 0.00679574 0.999938 -0.0109599
91 0.99987 0.0139522 -0.00808692 0.0136298 -0.0140017 0.999883 -0.00610284 -0.00591123 0.00800083 0.00621528 0.999949 -0.0115134
92 0.999882 0.0139591 -0.00640272 0.0134055 -0.0139851 0.999894 -0.00403087 -0.00852339 0.00634578 0.00411993 0.999971 -0.0100603
93 0.999908 0.0126798 -0.00479798 0.0144953 -0.0127125 0.999896 -0.00684793 -0.00711999 0.00471065 0.00690829 0.999965 -0.00934294
94 0.999915 0.012403 -0.00391242 0.0182976 -0.0124323 0.999894 -0.00754242 -0.00776603 0.00381846 0.00759042 0.999964 -0.0111193
95 0.999924 0.0121222 -0.00232937 0.018223 -0.0121417 0.99989 -0.00856399 -0.00681204 0.0022253 0.00859162 0.999961 -0.011741
96 0.999912 0.0131979 -0.000960095 0.0210761 -0.0132038 0.999892 -0.00646676 -0.00758638 0.000874643 0.00647887 0.999979 -0.0108308
97 0.999897 0.0143486 -0.000210701 0.0230146 -0.0143496 0.999879 -0.0060427 -0.00794081 0.000123971 0.0060451 0.999982 -0.0113184
98 0.999907 0.0129131 0.00435487 0.0253873 -0.0128758 0.999881 -0.00849679 -0.00843876 -0.00446407 0.00843992 0.999954 -0.0130598
99 0.999904 0.0132658 0.00407474 0.0285907 -0.0132301 0.999875 -0.00868793 -0.00717715 -0.00418949 0.00863319 0.999954 -0.0136102
100 0.999924 0.0116377 0.004048 0.0329186 -0.0116068 0.999904 -0.00757724 -0.00734475 -0.00413579 0.00752968 0.999963 -0.0134982
101 0.999903 0.0131574 0.00457767 0.0347107 -0.0131282 0.999894 -0.00634682 -0.00804508 -0.00466069 0.0062861 0.999969 -0.0145404
102 0.999871 0.014513 0.00687758 0.0391484 -0.0144651 0.999871 -0.00695217 -0.00667257 -0.0069776 0.00685179 0.999952 -0.0153564
103 0.999847 0.0150057 0.00902679 0.0434546 -0.0149484 0.999868 -0.00637875 -0.00800793 -0.00912132 0.00624284 0.999939 -0.0161309
104 0.999761 0.01175 0.0184178 0.0517861 -0.0116097 0.999903 -0.00770572 -0.00737777 -0.0185065 0.00749005 0.999801 -0.0180677
105 0.999675 0.00709691 0.02449 0.0551409 -0.0068625 0.99993 -0.00964256 -0.00758703 -0.0245568 0.00947136 0.999654 -0.0161995
106 0.999673 0.00282102 0.0254114 0.0650862 -0.00253562 0.999933 -0.0112564 -0.00552637 -0.0254415 0.0111883 0.999614 -0.0185123
107 0.999591 0.0010855 0.0285683 0.0707265 -0.000816001 0.999955 -0.00944348 -0.0064013 -0.0285772 0.00941631 0.999547 -0.0193132
108 0.999301 -0.00283496 0.0372778 0.0798611 0.0031244 0.999965 -0.0077086 -0.0067781 -0.0372546 0.00781969 0.999275 -0.0188273
109 0.99915 -0.00380619 0.0410501 0.085489 0.00420234 0.999945 -0.00956853 -0.00336714 -0.0410114 0.0097329 0.999111 -0.0174247
110 0.998859 -0.00195485 0.0477079 0.0864239 0.00236213 0.999961 -0.00848199 -0.00386592 -0.0476895 0.00858501 0.998825 -0.0151058
111 0.998577 -0.00335207 0.05323 0.0911798 0.00377433 0.999962 -0.00783421 -0.00377354 -0.0532017 0.00802396 0.998552 -0.0149995
112 0.998371 -0.00499216 0.056829 0.0969593 0.00547411 0.99995 -0.0083282 -0.00287804 -0.0567846 0.00862573 0.998349 -0.0157452
113 0.998315 -0.00570086 0.0577407 0.103229 0.00608824 0.99996 -0.00653514 -0.00287601 -0.0577011 0.00687567 0.99831 -0.0173108
114 0.998254 -0.00629182 0.0587385 0.108324 0.00641188 0.999978 -0.00185577 -0.00913393 -0.0587255 0.00222915 0.998272 -0.015224
115 0.998175 -0.00740516 0.0599377 0.114345 0.00751552 0.99997 -0.00161611 -0.00928315 -0.059924 0.00206363 0.998201 -0.0170529
116 0.997928 -0.00879494 0.063733 0.117269 0.00900339 0.999955 -0.00298424 -0.00888096 -0.0637039 0.00355187 0.997963 -0.0169476
117 0.99779 -0.00932141 0.0657884 0.122046 0.00954582 0.99995 -0.0030975 -0.0112472 -0.0657562 0.00371866 0.997829 -0.0182495
118 0.99766 -0.00950527 0.0677115 0.124891 0.00996256 0.99993 -0.00641892 -0.00924977 -0.0676457 0.00707848 0.997684 -0.0201293
119 0.997649 -0.00856898 0.0679956 0.132076 0.00890652 0.999949 -0.00466246 -0.0167381 -0.0679522 0.00525711 0.997675 -0.0182427
120 0.997447 -0.0106105 0.0706154 0.136449 0.011236 0.999901 -0.00846663 -0.0180735 -0.0705185 0.00923845 0.997468 -0.0192101
121 0.997425 -0.0122747 0.0706652 0.14017 0.0131778 0.999837 -0.0123284 -0.015128 -0.0705024 0.0132279 0.997424 -0.0211251
122 0.997555 -0.0141907 0.0684269 0.143125 0.0150161 0.99982 -0.0115635 -0.0188367 -0.0682505 0.0125627 0.997589 -0.0224739
123 0.997658 -0.0165051 0.0663842 0.145771 0.0174773 0.999748 -0.01409 -0.0171018 -0.0661349 0.0152172 0.997695 -0.0240028
124 0.997714 -0.0167827 0.0654581 0.14921 0.0177949 0.99973 -0.0149114 -0.0196685 -0.0651902 0.0160421 0.997744 -0.0264713
125 0.997804 -0.016291 0.0641989 0.152172 0.0173368 0.999725 -0.0157674 -0.0233523 -0.0639244 0.0168457 0.997813 -0.0305389
126 0.997907 -0.0155847 0.0627588 0.15362 0.0167235 0.999704 -0.0176627 -0.0230461 -0.062465 0.0186752 0.997872 -0.0316549
127 0.997998 -0.0153746 0.0613547 0.155579 0.0167016 0.999636 -0.0211746 -0.0208914 -0.0610068 0.022157 0.997891 -0.033394
128 0.998026 -0.0144528 0.0611204 0.156793 0.0158114 0.999637 -0.0218047 -0.0218555 -0.0607831 0.0227281 0.997892 -0.0349494
129 0.99814 -0.0122427 0.0597142 0.160685 0.0136807 0.999625 -0.0237325 -0.0245506 -0.0594012 0.0245053 0.997933 -0.0377319
130 0.998197 -0.00998807 0.0591922 0.164501 0.011604 0.999568 -0.0270194 -0.0244424 -0.0588968 0.0276576 0.997881 -0.0386643
131 0.9981 -0.0093451 0.060904 0.167358 0.0110603 0.99955 -0.0278858 -0.0274937 -0.060616 0.0285065 0.997754 -0.0399752
132 0.998001 -0.0102927 0.062352 0.170133 0.0123392 0.999395 -0.0325256 -0.026149 -0.0619795 0.0332299 0.997524 -0.0415427
133 0.998012 -0.0108001 0.0620879 0.17776 0.0130041 0.999296 -0.0352042 -0.0274781 -0.061664 0.0359416 0.99745 -0.0444632
134 0.997807 -0.0109592 0.0652772 0.182935 0.0135027 0.999161 -0.038653 -0.0283648 -0.0647989 0.0394496 0.997118 -0.0442696
135 0.99741 -0.00981152 0.0712518 0.187071 0.0130388 0.998903 -0.0449715 -0.0265348 -0.0707324 0.0457841 0.996444 -0.0457977
136 0.997236 -0.00700116 0.0739709 0.187797 0.0102842 0.998974 -0.0440959 -0.0229145 -0.0735863 0.0447347 0.996285 -0.0463868
137 0.99745 -0.00457978 0.0712174 0.191836 0.00755101 0.99911 -0.0415075 -0.0233847 -0.0709639 0.0419395 0.996597 -0.0476243
138 0.997591 -0.00697076 0.0690192 0.195152 0.00958287 0.999247 -0.0375877 -0.0255917 -0.0687052 0.0381586 0.996907 -0.0460813
139 0.997609 -0.00944709 0.0684664 0.199997 0.0120392 0.999222 -0.0375458 -0.0281278 -0.0680584 0.0382803 0.996947 -0.0466682
140 0.997391 -0.00871644 0.0716594 0.204591 0.0116312 0.999118 -0.0403595 -0.0289987 -0.0712444 0.0410877 0.996612 -0.045506
141 0.997053 -0.00697151 0.0763961 0.209019 0.0103692 0.99897 -0.0441688 -0.0291908 -0.0760095 0.0448308 0.996099 -0.0467489
142 0.996654 -0.00253204 0.0816979 0.211448 0.00647755 0.998823 -0.0480652 -0.0267804 -0.08148 0.0484335 0.995497 -0.0465822
143 0.996414 0.00159261 0.0845935 0.212205 0.00251578 0.998823 -0.0484375 -0.0221987 -0.084571 0.0484766 0.995238 -0.0465788
144 0.996659 0.00448428 0.0815573 0.211106 -0.000885685 0.999026 -0.0441063 -0.0222908 -0.0816757 0.0438867 0.995692 -0.044663
145 0.997165 0.00560092 0.0750344 0.215499 -0.00256482 0.999176 -0.0404982 -0.0239266 -0.0751994 0.040191 0.996358 -0.0442761
146 0.997558 0.00552731 0.0696235 0.230126 -0.00298272 0.999326 -0.0365988 -0.0335954 -0.0697788 0.0363018 0.996902 -0.0396407
147 0.997406 0.00574014 0.0717526 0.236566 -0.00309326 0.999312 -0.0369457 -0.0372632 -0.0719154 0.0366279 0.996738 -0.0396981
148 0.997138 0.00654926 0.0753141 0.238328 -0.00344121 0.99914 -0.0413238 -0.0373979 -0.07552 0.0409464 0.996303 -0.0393703
149 0.997089 0.00889606 0.0757292 0.240098 -0.00556558 0.999013 -0.0440768 -0.0357418 -0.0760465 0.043527 0.996154 -0.0397831
150 0.997244 0.00694558 0.0738702 0.244163 -0.00368103 0.999014 -0.0442377 -0.0333886 -0.0741046 0.0438439 0.996286 -0.0388826
151 0.997419 0.00241433 0.0717622 0.246136 0.000534043 0.999157 -0.0410378 -0.0327223 -0.0718008 0.0409702 0.996577 -0.037789
152 0.997669 -0.00016751 0.0682353 0.249953 0.00279459 0.999258 -0.0384066 -0.0340684 -0.0681783 0.0385078 0.99693 -0.0377169
153 0.997841 -0.00267167 0.0656168 0.256217 0.00512154 0.999295 -0.0371962 -0.0339189 -0.0654711 0.037452 0.997151 -0.038132
154 0.997761 -0.00615616 0.0665973 0.259481 0.00862252 0.999285 -0.0368102 -0.0349723 -0.066323 0.037302 0.997101 -0.0353073
155 0.997659 -0.0101272 0.0676366 0.265155 0.0127479 0.99918 -0.0384282 -0.0333248 -0.067192 0.0392004 0.99697 -0.0355525
156 0.997441 -0.0119664 0.0704929 0.262949 0.014813 0.99909 -0.0399988 -0.0182912 -0.0699501 0.0409407 0.99671 -0.054584
157 0.997356 -0.0130291 0.0714905 0.265862 0.0157175 0.999185 -0.037172 -0.0211451 -0.0709479 0.0381974 0.996748 -0.0535976
158 0.997336 -0.0141034 0.0715639 0.267015 0.0168582 0.999134 -0.0380373 -0.0201531 -0.0709655 0.0391424 0.99671 -0.0526814
159 0.99757 -0.014404 0.0681713 0.27242 0.0169882 0.999153 -0.0374808 -0.0176102 -0.0675737 0.0385479 0.996969 -0.0517309
160 0.997675 -0.0132825 0.066845 0.276299 0.0156898 0.999242 -0.0356174 -0.0189971 -0.0663212 0.0365833 0.997127 -0.0513163
161 0.997775 -0.0146407 0.0650366 0.280778 0.0170099 0.999206 -0.0360248 -0.0191924 -0.0644576 0.0370509 0.997232 -0.0512838
162 0.997831 -0.0173454 0.0634958 0.284569 0.0197207 0.999122 -0.0369742 -0.0196242 -0.0627986 0.0381462 0.997297 -0.0508988
163 0.997833 -0.0182053 0.0632217 0.289939 0.020638 0.999063 -0.0380408 -0.0191004 -0.0624699 0.0392631 0.997274 -0.0524896
164 0.997786 -0.0170817 0.0642833 0.292363 0.0195761 0.999072 -0.0383751 -0.0209332 -0.0635681 0.0395485 0.997194 -0.0519048
165 0.99784 -0.0136567 0.0642546 0.295018 0.0163271 0.999017 -0.0412189 -0.0193152 -0.0636285 0.042179 0.997082 -0.0531703
166 0.998057 -0.00959633 0.0615696 0.29878 0.0122551 0.999002 -0.0429519 -0.0177175 -0.061096 0.043623 0.997178 -0.0535377
167 0.998269 -0.00695841 0.0583984 0.302049 0.00946217 0.999043 -0.0427074 -0.0146661 -0.0580453 0.043186 0.997379 -0.0536863
168 0.998557 -0.0029511 0.0536296 0.304229 0.00507641 0.999205 -0.0395366 -0.0109903 -0.0534703 0.0397518 0.997778 -0.0530489
169 0.998894 0.00122852 0.0469936 0.308587 0.000377394 0.999417 -0.0341488 -0.0107186 -0.0470082 0.0341288 0.998311 -0.0510842
170 0.999156 0.00173866 0.041037 0.315552 -0.000513264 0.999554 -0.0298523 -0.0114066 -0.0410706 0.0298061 0.998712 -0.053473
171 0.999257 0.00232433 0.0384743 0.319569 -0.00128036 0.999631 -0.0271367 -0.00691931 -0.0385231 0.0270672 0.998891 -0.0600748
172 0.999323 0.000918315 0.0367898 0.326061 -5.17398e-05 0.999723 -0.0235488 -0.00681719 -0.0368012 0.0235309 0.999046 -0.0587837
173 0.999383 7.51322e-05 0.0351352 0.331638 0.000642952 0.999791 -0.020426 -0.00517066 -0.0351294 0.020436 0.999174 -0.0564417
174 0.999461 0.00118009 0.0328195 0.338951 -0.000595966 0.999841 -0.0178023 -0.00412914 -0.0328353 0.0177731 0.999303 -0.0558177
175 0.999483 0.00252257 0.0320685 0.346868 -0.00206733 0.999897 -0.0142211 -0.00440307 -0.032101 0.0141475 0.999385 -0.0562079
176 0.99942 0.00222132 0.0339756 0.353487 -0.00181 0.999925 -0.0121322 -0.0062783 -0.034 0.0120636 0.999349 -0.054883
177 0.999352 -0.000106522 0.0359907 0.366657 0.000545386 0.999926 -0.0121842 -0.00231275 -0.0359867 0.012196 0.999278 -0.0558246
178 0.999375 -0.000489062 0.0353479 0.374815 0.000835136 0.999952 -0.00977641 0.000158691 -0.0353414 0.00979982 0.999327 -0.0612321
179 0.999386 0.000658744 0.0350166 0.380724 -0.000342835 0.999959 -0.00902691 0.00312536 -0.0350211 0.00900937 0.999346 -0.0600469
180 0.999371 0.00219097 0.0353823 0.387656 -0.00196644 0.999978 -0.00637935 0.000799445 -0.0353954 0.00630576 0.999353 -0.0618387
181 0.999302 0.00126467 0.0373455 0.39277 -0.00103401 0.99998 -0.00619502 0.00155007 -0.0373526 0.00615208 0.999283 -0.0591889
182 0.999217 -0.00116014 0.0395562 0.398049 0.00142125 0.999977 -0.00657354 0.000929709 -0.0395477 0.00662461 0.999196 -0.0588675
183 0.999144 -0.00217629 0.0413012 0.402744 0.00249033 0.999968 -0.00755381 0.00435206 -0.0412834 0.0076502 0.999118 -0.0600628
184 0.999042 -0.00180603 0.0437291 0.406959 0.0020448 0.999983 -0.00541609 0.00260771 -0.0437186 0.00550032 0.999029 -0.0592358
185 0.998899 -0.00366676 0.0467728 0.411091 0.00394194 0.999975 -0.0057923 0.00390878 -0.0467504 0.0059703 0.998889 -0.0581539
186 0.998787 -0.00605067 0.0488718 0.416926 0.00627531 0.99997 -0.00444437 0.0051277 -0.0488435 0.00474566 0.998795 -0.0582944
187 0.998601 -0.00673711 0.0524489 0.421359 0.00686821 0.999974 -0.00231973 0.00452715 -0.0524319 0.00267672 0.998621 -0.057718
188 0.998308 -0.00941442 0.0573793 0.424459 0.00953606 0.999953 -0.00184662 0.00358864 -0.0573592 0.00239067 0.998351 -0.0553481
189 0.99808 -0.0131067 0.0605419 0.427598 0.0132813 0.999909 -0.00248119 0.00420953 -0.0605038 0.0032805 0.998163 -0.0533856
190 0.99797 -0.0128474 0.0623817 0.431539 0.012997 0.999914 -0.00199265 0.00696737 -0.0623507 0.00279938 0.99805 -0.0551443
191 0.997836 -0.0143078 0.0641763 0.434153 0.0144019 0.999896 -0.00100443 0.0130596 -0.0641553 0.00192652 0.997938 -0.0700311
192 0.997667 -0.0148612 0.0666263 0.437328 0.0149428 0.999888 -0.0007255 0.0134734 -0.0666081 0.00171939 0.997778 -0.0693358
193 0.997485 -0.0156481 0.0691302 0.440004 0.0156251 0.999878 0.000873841 0.0121721 -0.0691354 0.000208522 0.997607 -0.0668441
194 0.997269 -0.0164537 0.0720019 0.442965 0.0163918 0.999865 0.00145123 0.00939297 -0.0720161 -0.00026703 0.997403 -0.0669521
195 0.99701 -0.0170871 0.0753664 0.44552 0.0171814 0.999852 -0.000603892 0.00990119 -0.0753449 0.00189699 0.997156 -0.0644582
196 0.996724 -0.0183001 0.0787781 0.446366 0.0184576 0.999829 -0.0012718 0.00959772 -0.0787413 0.00272169 0.996891 -0.0644582
197 0.99666 -0.0206394 0.0790073 0.447889 0.0208113 0.999783 -0.00135303 0.0110196 -0.0789622 0.00299276 0.996873 -0.0636725
198 0.99674 -0.0219844 0.0776233 0.450376 0.0220758 0.999756 -0.000319633 0.0118972 -0.0775974 0.00203218 0.996983 -0.0629582
199 0.996809 -0.0242461 0.0760546 0.451771 0.0241846 0.999706 0.00172891 0.0127555 -0.0760741 0.000115958 0.997102 -0.0617892
200 0.996968 -0.0288769 0.0722589 0.453396 0.0286552 0.999581 0.00410267 0.0138785 -0.0723471 -0.00201963 0.997377 -0.0615388
201 0.99725 -0.0303274 0.0676194 0.457172 0.0299254 0.999528 0.0069507 0.014183 -0.0677983 -0.00490805 0.997687 -0.0608244
202 0.997381 -0.028117 0.0666443 0.460776 0.0274504 0.999564 0.0108973 0.0145536 -0.0669216 -0.00903933 0.997717 -0.0603024
203 0.997295 -0.0253344 0.068994 0.46478 0.0243877 0.999597 0.0145295 0.0136763 -0.0693343 -0.0128076 0.997511 -0.0590147
204 0.997023 -0.0209761 0.0741994 0.468446 0.0197247 0.999651 0.0175593 0.0142802 -0.0745419 -0.0160435 0.997089 -0.0587935
205 0.996627 -0.0174995 0.0801756 0.471154 0.0159131 0.999666 0.0203826 0.0157658 -0.0805055 -0.019038 0.996572 -0.0567409
206 0.996379 -0.013336 0.0839719 0.473454 0.0114631 0.999676 0.0227462 0.015666 -0.084248 -0.0217012 0.996208 -0.0539807
207 0.996279 -0.0100605 0.0855958 0.475062 0.00799289 0.999669 0.0244638 0.0170554 -0.0858136 -0.0236886 0.99603 -0.0519597
208 0.996328 -0.00865419 0.0851848 0.476866 0.00629193 0.999589 0.0279605 0.017058 -0.0853918 -0.0273218 0.995973 -0.0507542
209 0.996403 -0.00944886 0.084208 0.481675 0.0068273 0.999485 0.0313657 0.0174242 -0.084461 -0.030678 0.995954 -0.0490543
210 0.996279 -0.00674663 0.0859178 0.485976 0.0037537 0.999382 0.0349489 0.0177572 -0.0861004 -0.0344963 0.995689 -0.049357
211 0.996128 -0.00399446 0.0878254 0.489894 0.000720821 0.999305 0.0372745 0.017798 -0.0879132 -0.0370669 0.995438 -0.0474752
212 0.995928 -0.000791243 0.0901501 0.493162 -0.0027431 0.999233 0.0390744 0.0189267 -0.0901119 -0.0391626 0.995161 -0.0454667
213 0.995893 0.00152593 0.0905305 0.496288 -0.00539609 0.999081 0.0425205 0.0237497 -0.0903824 -0.0428344 0.994986 -0.0429771
214 0.996034 0.00231465 0.0889387 0.498354 -0.0066509 0.998802 0.0484902 0.0344374 -0.0887199 -0.0488894 0.994856 -0.0564701
215 0.996135 0.002504 0.087803 0.500919 -0.00776394 0.998191 0.0596159 0.0378483 -0.0874949 -0.0600672 0.994352 -0.0523974
216 0.996321 0.00311813 0.0856415 0.503806 -0.00926339 0.997401 0.0714524 0.0403725 -0.0851961 -0.0719829 0.993761 -0.0515273
217 0.996549 0.00518922 0.0828424 0.506457 -0.0123266 0.996229 0.0858784 0.0421785 -0.0820843 -0.0866032 0.992855 -0.0501874
218 0.996998 0.0046661 0.0772801 0.5083 -0.0123386 0.995001 0.0991045 0.046529 -0.0764313 -0.0997606 0.992072 -0.0448192
219 0.997412 0.00728371 0.0715222 0.50503 -0.0153571 0.993478 0.112988 0.0494181 -0.0702327 -0.113794 0.991019 -0.047821
220 0.997923 0.00945945 0.0637265 0.507507 -0.0174062 0.991963 0.125327 0.0509856 -0.0620288 -0.126176 0.990067 -0.0427899
221 0.998216 0.0123872 0.0584 0.510825 -0.0202024 0.990613 0.135197 0.0519648 -0.0561771 -0.136136 0.989096 -0.0414138
222 0.998448 0.014173 0.0538534 0.51411 -0.0217367 0.989545 0.142576 0.054995 -0.0512696 -0.143525 0.988318 -0.0363428
223 0.998621 0.0161781 0.0499536 0.518011 -0.0234553 0.988601 0.148722 0.0565752 -0.0469781 -0.149689 0.987616 -0.0354861
224 0.998665 0.0192221 0.0479352 0.521863 -0.026543 0.987225 0.157109 0.0588665 -0.0443028 -0.158172 0.986417 -0.0342102
225 0.9987 0.0213399 0.0462879 0.525243 -0.028695 0.985948 0.164571 0.0604287 -0.0421255 -0.165685 0.985279 -0.0312291
226 0.998604 0.0241784 0.0469582 0.527513 -0.0318812 0.984767 0.17093 0.0622581 -0.0421101 -0.172188 0.984164 -0.0301293
227 0.998576 0.0264698 0.0463213 0.530809 -0.0343267 0.983426 0.178032 0.0638589 -0.0408411 -0.179368 0.982934 -0.0284012
228 0.998692 0.0278378 0.0428911 0.533659 -0.0353311 0.982051 0.185276 0.0680015 -0.0369636 -0.186549 0.98175 -0.0261055
229 0.998663 0.032122 0.0405139 0.534807 -0.039434 0.980004 0.195031 0.0671205 -0.033439 -0.196368 0.97996 -0.0263733
230 0.998347 0.0393616 0.0418877 0.539059 -0.0470053 0.978497 0.200833 0.0659665 -0.0330819 -0.20247 0.97873 -0.0247675
231 0.997861 0.0446688 0.0477228 0.539128 -0.0535263 0.97744 0.20432 0.0677631 -0.0375194 -0.206438 0.97774 -0.0266217
232 0.997396 0.0508019 0.0511918 0.542317 -0.0603161 0.976713 0.205897 0.0694927 -0.0395398 -0.208449 0.977234 -0.0254434
233 0.996988 0.0558303 0.0538353 0.546136 -0.0659154 0.975732 0.208812 0.0696321 -0.0408708 -0.211732 0.976473 -0.0245835
234 0.996771 0.0585247 0.054981 0.548792 -0.0688773 0.975112 0.210741 0.0712719 -0.0412791 -0.213848 0.975994 -0.0256566
235 0.996652 0.0604983 0.0549996 0.550751 -0.0709847 0.974058 0.214878 0.073137 -0.0405731 -0.218063 0.975091 -0.0224236
236 0.996761 0.0600681 0.0534688 0.555892 -0.0703706 0.973321 0.218392 0.0740328 -0.0389238 -0.221447 0.974395 -0.020956
237 0.996833 0.0600096 0.0521881 0.558455 -0.0702277 0.97216 0.223545 0.072269 -0.0373204 -0.226502 0.973296 -0.0185149
238 0.996682 0.0626732 0.0519334 0.564534 -0.0728486 0.971467 0.225711 0.070891 -0.0363056 -0.228745 0.972809 -0.0165386
239 0.996297 0.0659966 0.0551149 0.568131 -0.0768189 0.971155 0.225737 0.072061 -0.0386272 -0.229135 0.972628 -0.0137549
240 0.996285 0.0643587 0.0572236 0.572774 -0.0757639 0.970921 0.227096 0.0735602 -0.040944 -0.230588 0.97219 -0.0121654
241 0.996262 0.0641252 0.0578835 0.577582 -0.0757703 0.970473 0.228999 0.0748263 -0.0414898 -0.232529 0.971704 -0.0110785
242 0.996274 0.0637002 0.0581487 0.580023 -0.0755679 0.969659 0.232487 0.0748424 -0.0415749 -0.236015 0.97086 -0.00997096
243 0.996233 0.0636166 0.0589359 0.584263 -0.0758549 0.968623 0.236675 0.0741502 -0.0420302 -0.240254 0.9698 -0.00710448
244 0.996208 0.0634692 0.0595009 0.587221 -0.0759102 0.96827 0.238097 0.0753746 -0.0425012 -0.241711 0.969417 -0.00400406
245 0.996247 0.0646425 0.0575625 0.592079 -0.076674 0.967656 0.240339 0.0741566 -0.0401646 -0.243851 0.968981 -0.00292261
246 0.996156 0.0670862 0.0563274 0.594938 -0.0787721 0.967321 0.241009 0.0749553 -0.0383183 -0.24452 0.968887 0.000585588
247 0.996343 0.0661295 0.0541134 0.59973 -0.0773407 0.967171 0.242072 0.0746924 -0.0363287 -0.245372 0.968748 0.00254272
248 0.99622 0.0662861 0.0561337 0.600367 -0.0780649 0.966633 0.243981 0.072411 -0.0380881 -0.247441 0.968154 0.00479646
249 0.99652 0.0642782 0.0530591 0.607656 -0.0753808 0.966667 0.244688 0.072358 -0.0355624 -0.247836 0.968149 0.00601135
250 0.996574 0.0641282 0.0522275 0.609662 -0.0750726 0.966383 0.245904 0.0726979 -0.0347023 -0.248982 0.967886 0.00985891
251 0.996569 0.0642616 0.0521701 0.613524 -0.0752265 0.966093 0.246993 0.0726709 -0.0345291 -0.25007 0.967612 0.0118288
252 0.996409 0.0661544 0.0528379 0.616972 -0.0772915 0.96548 0.248745 0.0714611 -0.0345583 -0.251936 0.967127 0.0141668
253 0.99623 0.0683432 0.0534314 0.618391 -0.079594 0.965063 0.249638 0.0723276 -0.0345036 -0.252949 0.966864 0.0108871
254 0.996147 0.0689835 0.0541528 0.621368 -0.0803628 0.965243 0.24869 0.0717742 -0.0351151 -0.252084 0.967068 0.013414
255 0.99629 0.0672797 0.053671 0.624365 -0.0785341 0.96579 0.247147 0.0718894 -0.035207 -0.250445 0.96749 0.0150665
256 0.996298 0.0672402 0.0535708 0.627531 -0.078465 0.965835 0.246992 0.0686509 -0.0351327 -0.250281 0.967535 0.0182062
257 0.996367 0.0655235 0.0544077 0.630122 -0.0768327 0.967159 0.24228 0.0687628 -0.0367459 -0.24558 0.96868 0.0205688
258 0.996404 0.0649668 0.05439 0.632945 -0.0761712 0.967973 0.239221 0.0652464 -0.0371067 -0.242503 0.969441 0.0218887
259 0.996911 0.0599264 0.0507705 0.637974 -0.0702355 0.969511 0.234765 0.0652661 -0.035154 -0.237606 0.970725 0.0236687
260 0.997192 0.0573644 0.0481401 0.638529 -0.0670901 0.969932 0.233945 0.0614076 -0.0332726 -0.236517 0.971057 0.0259596
261 0.997365 0.0556383 0.0465492 0.640489 -0.0649909 0.970391 0.232631 0.0605692 -0.0322277 -0.235043 0.971451 0.0243645
262 0.997436 0.0545922 0.0462617 0.642932 -0.063948 0.970152 0.233914 0.0584921 -0.0321109 -0.236273 0.971156 0.02616
263 0.997442 0.054045 0.0467783 0.644532 -0.0635222 0.970293 0.233447 0.0542667 -0.0327721 -0.235821 0.971244 0.0279071
264 0.99736 0.054534 0.0479389 0.644122 -0.064144 0.971127 0.229777 0.0543724 -0.0340241 -0.232245 0.972062 0.028889
265 0.99749 0.0537623 0.0460766 0.646661 -0.0628559 0.97194 0.226674 0.051132 -0.0325972 -0.229002 0.97288 0.0302074
266 0.997373 0.0566006 0.0452007 0.646372 -0.0652105 0.973285 0.220145 0.0485706 -0.0315328 -0.222514 0.974419 0.0314356
267 0.997491 0.0566233 0.0424869 0.646233 -0.0644247 0.974854 0.213327 0.0478511 -0.0293392 -0.215529 0.976057 0.031892
268 0.997907 0.0551488 0.0337672 0.650745 -0.0609951 0.976165 0.208282 0.0447785 -0.0214759 -0.209905 0.977486 0.028439
269 0.99829 0.0534196 0.0237541 0.651266 -0.0571503 0.977306 0.203976 0.0412352 -0.0123187 -0.204985 0.978688 0.0297184
270 0.998745 0.0477036 0.0152276 0.649909 -0.0497934 0.978304 0.201104 0.0421107 -0.00530383 -0.20161 0.979452 0.0307593
271 0.999362 0.0356706 0.00149922 0.657528 -0.0352392 0.978795 0.201788 0.0423599 0.00573046 -0.201712 0.979428 0.0278209
272 0.999377 0.0350308 -0.00431509 0.657908 -0.0333993 0.978123 0.20533 0.0326325 0.0114136 -0.205058 0.978683 0.0310362
273 0.999201 0.0393266 -0.00711656 0.661438 -0.0370938 0.978865 0.201117 0.0295453 0.0148754 -0.200692 0.979541 0.0332585
274 0.998954 0.0453783 -0.0056192 0.665286 -0.0433862 0.979474 0.196844 0.0224775 0.0144363 -0.196394 0.980419 0.0345373
275 0.998886 0.047047 -0.00354637 0.668671 -0.0455318 0.980951 0.188842 0.0191692 0.0123633 -0.188471 0.982001 0.0324877
276 0.998979 0.0447737 -0.00607471 0.672439 -0.0429368 0.982549 0.180981 0.0202967 0.0140719 -0.180535 0.983468 0.0332472
277 0.999093 0.0415878 -0.00916031 0.67573 -0.0392937 0.98322 0.178142 0.018257 0.0164151 -0.17762 0.983962 0.0332733
278 0.99921 0.0368351 -0.0148989 0.680811 -0.0336452 0.983831 0.17591 0.0156867 0.0211377 -0.17527 0.984294 0.0367654
279 0.999113 0.0348022 -0.0236894 0.684484 -0.0301542 0.984249 0.174197 0.0126698 0.0293787 -0.173328 0.984426 0.0372771
280 0.998885 0.0365328 -0.0299096 0.68957 -0.0308435 0.984531 0.172472 0.00801249 0.0357478 -0.171358 0.98456 0.0363865
281 0.998838 0.0355492 -0.0325379 0.695344 -0.0295955 0.98534 0.168017 0.00618609 0.0380337 -0.166859 0.985247 0.0364891
282 0.998877 0.0335839 -0.0334227 0.698621 -0.0276355 0.985944 0.164777 0.00332427 0.0384867 -0.163668 0.985764 0.0388314
283 0.998847 0.03083 -0.0367976 0.703323 -0.0245269 0.986668 0.160889 0.00437344 0.0412672 -0.159801 0.986286 0.0383335
284 0.998684 0.02886 -0.0423955 0.707551 -0.0216899 0.986752 0.16078 0.00230814 0.0464739 -0.159649 0.986079 0.0365916
285 0.99833 0.029999 -0.0493643 0.714487 -0.0217151 0.986794 0.160521 -0.00133568 0.0535278 -0.159181 0.985797 0.037535
286 0.998025 0.0320727 -0.0540191 0.721213 -0.0231389 0.987079 0.158557 -0.00329876 0.0584065 -0.156994 0.985871 0.039714
287 0.997774 0.0336144 -0.0575957 0.728767 -0.0243156 0.987592 0.155149 -0.00484928 0.0620963 -0.153403 0.986211 0.0403106
288 0.9976 0.0327881 -0.0609788 0.736294 -0.0231688 0.988071 0.152246 -0.00748493 0.0652432 -0.150468 0.98646 0.0420797
289 0.99732 0.0340721 -0.0647437 0.741642 -0.0240866 0.988516 0.149184 -0.00991062 0.0690832 -0.147225 0.986688 0.0419785
290 0.996769 0.036014 -0.0717973 0.751006 -0.0252744 0.989074 0.145239 -0.0117404 0.0762435 -0.142955 0.986788 0.0433062
291 0.996371 0.0376454 -0.0763406 0.757365 -0.0266417 0.989744 0.140349 -0.012253 0.0808411 -0.137805 0.987155 0.0450732
292 0.995918 0.0387207 -0.0815342 0.765104 -0.0272349 0.990121 0.137543 -0.0150037 0.0860545 -0.134761 0.987134 0.0461118
293 0.995339 0.0414836 -0.0870638 0.771078 -0.0293245 0.990198 0.136558 -0.0180785 0.0918753 -0.133368 0.986799 0.0471728
294 0.994779 0.041638 -0.0931714 0.779108 -0.028756 0.990352 0.13556 -0.0207725 0.0979169 -0.132173 0.986378 0.0489463
295 0.994144 0.0449336 -0.0982757 0.786869 -0.0315603 0.990529 0.133629 -0.0226717 0.103349 -0.129745 0.986147 0.0494867
296 0.993659 0.0505306 -0.100437 0.791052 -0.0368821 0.990379 0.133379 -0.0271578 0.106211 -0.128829 0.985963 0.0540676
297 0.993142 0.0546902 -0.103337 0.798734 -0.0407827 0.990384 0.132202 -0.0305652 0.109573 -0.127081 0.985822 0.0569673
298 0.992613 0.0584539 -0.106316 0.806292 -0.0444032 0.990515 0.13003 -0.0350742 0.112909 -0.124349 0.985794 0.0573098
299 0.992147 0.0595858 -0.109968 0.814616 -0.0455415 0.990975 0.126074 -0.0360611 0.116488 -0.120076 0.985907 0.0603382
300 0.99175 0.0589033 -0.113849 0.821928 -0.0446527 0.991289 0.1239 -0.0381714 0.120155 -0.117794 0.985742 0.0622513
301 0.99091 0.0625253 -0.119112 0.830013 -0.0477978 0.99129 0.12272 -0.0412575 0.125747 -0.115911 0.985268 0.0624812
302 0.990025 0.0662664 -0.124339 0.837672 -0.0511222 0.991303 0.121264 -0.0433359 0.131294 -0.113698 0.984802 0.0656502
303 0.989223 0.0695707 -0.128833 0.845596 -0.0540343 0.991255 0.120391 -0.0469973 0.136082 -0.112132 0.984331 0.0684513
304 0.988498 0.0721713 -0.132899 0.853435 -0.0565115 0.991398 0.118052 -0.049024 0.140276 -0.109184 0.984074 0.0691671
305 0.987659 0.0752739 -0.137347 0.861171 -0.0596622 0.991637 0.114444 -0.0475836 0.144812 -0.104837 0.98389 0.0668107
306 0.986844 0.0785961 -0.141283 0.867703 -0.0629188 0.991692 0.1122 -0.0494502 0.148928 -0.101835 0.98359 0.0686368
307 0.986112 0.0781147 -0.146562 0.876905 -0.0623282 0.992044 0.109378 -0.0504329 0.15394 -0.0987239 0.983136 0.0684905
308 0.985678 0.0749662 -0.15106 0.883509 -0.0590237 0.992463 0.107394 -0.0514224 0.157972 -0.0969394 0.982674 0.0703149
309 0.98504 0.0723072 -0.156424 0.891112 -0.0558526 0.992673 0.107147 -0.0537574 0.163025 -0.0968076 0.981861 0.0707795
310 0.984294 0.0724524 -0.160986 0.898391 -0.0556081 0.992726 0.106784 -0.0558077 0.167552 -0.0961542 0.981163 0.0738919
311 0.98356 0.0750622 -0.164243 0.905859 -0.0580414 0.992661 0.106088 -0.057837 0.171 -0.0948111 0.980699 0.0737801
312 0.983137 0.077074 -0.165836 0.912911 -0.0601421 0.992672 0.10481 -0.0599684 0.172699 -0.0930688 0.980568 0.073837
313 0.982894 0.0787802 -0.166474 0.916674 -0.0622941 0.992828 0.102038 -0.0551218 0.173318 -0.0899221 0.980752 0.0639819
314 0.982368 0.0804022 -0.168788 0.924544 -0.0640065 0.992883 0.100434 -0.0574545 0.175662 -0.0878595 0.980522 0.0659231
315 0.981871 0.0820528 -0.170872 0.930896 -0.0659511 0.993011 0.0978739 -0.0605032 0.177708 -0.0848303 0.98042 0.0642089
316 0.981018 0.0837755 -0.174888 0.940225 -0.0679794 0.993206 0.0944454 -0.0615124 0.181612 -0.0807639 0.980048 0.066066
317 0.980554 0.0850134 -0.176879 0.949305 -0.0694538 0.993298 0.092382 -0.0631027 0.183547 -0.0783007 0.979887 0.0642538
318 0.980552 0.0851105 -0.176843 0.955456 -0.0698942 0.993434 0.0905704 -0.0640144 0.183391 -0.0764486 0.980063 0.0632427
