[{"R":[[1.0,0.0,0.0],[0.0,1.0,0.0],[0.0,0.0,1.0]],"file_name":"/home/jonas/Downloads/freiburg/rgbd_dataset_freiburg2_desk_with_person//rgb/1311870427.199132.png","t":[0.0,0.0,0.0]},{"R":[[0.9999998807907104,0.00018528164946474135,0.00038317684084177017],[-0.00018686182738747448,0.9999914765357971,0.0041279662400484085],[-0.00038240873254835606,-0.004128037486225367,0.9999914169311523]],"file_name":"/home/jonas/Downloads/freiburg/rgbd_dataset_freiburg2_desk_with_person//rgb/1311870427.231132.png","t":[-4.122876634937711e-05,-0.000256876228377223,0.0015493279788643122]},{"R":[[0.9999984502792358,0.0015438086120411754,0.0008593794191256166],[-0.0015480846632272005,0.9999862909317017,0.004997416399419308],[-0.0008516525849699974,-0.004998738877475262,0.9999871253967285]],"file_name":"/home/jonas/Downloads/freiburg/rgbd_dataset_freiburg2_desk_with_person//rgb/1311870427.263210.png","t":[-3.036900670849718e-05,-0.0004346536297816783,0.003023646306246519]},{"R":[[0.9999935030937195,0.002917530480772257,0.0021301880478858948],[-0.0029278602451086044,0.9999839067459106,0.004862368572503328],[-0.002115967683494091,-0.004868573974817991,0.999985933303833]],"file_name":"/home/jonas/Downloads/freiburg/rgbd_dataset_freiburg2_desk_with_person//rgb/1311870427.299143.png","t":[-8.604615140939131e-05,0.0016994911711663008,0.0029558916576206684]},{"R":[[0.9999887347221375,0.003965997602790594,0.002598297782242298],[-0.003979270346462727,0.9999789595603943,0.005123155657202005],[-0.0025779246352612972,-0.00513343745842576,0.9999834895133972]],"file_name":"/home/jonas/Downloads/freiburg/rgbd_dataset_freiburg2_desk_with_person//rgb/1311870427.331187.png","t":[0.0014213731046766043,-0.0003779848339036107,0.004390053916722536]},{"R":[[0.9999813437461853,0.004914912860840559,0.0036189265083521605],[-0.004929239396005869,0.9999800324440002,0.003960621543228626],[-0.0035993880592286587,-0.003978386055678129,0.9999856352806091]],"file_name":"/home/jonas/Downloads/freiburg/rgbd_dataset_freiburg2_desk_with_person//rgb/1311870427.363116.png","t":[0.00014280879986472428,0.0002735530724748969,0.003255534218624234]},{"R":[[0.9999815225601196,0.005174222402274609,0.0031924727372825146],[-0.00518509466201067,0.9999807476997375,0.0034066832158714533],[-0.0031747843604534864,-0.0034231734462082386,0.9999890923500061]],"file_name":"/home/jonas/Downloads/freiburg/rgbd_dataset_freiburg2_desk_with_person//rgb/1311870427.399237.png","t":[-0.00079539162106812,0.002354514552280307,0.0029982449486851692]},{"R":[[0.9999866485595703,0.004815077409148216,0.0018851540517061949],[-0.004822763614356518,0.9999799728393555,0.004094077739864588],[-0.0018654030282050371,-0.004103114828467369,0.9999898672103882]],"file_name":"/home/jonas/Downloads/freiburg/rgbd_dataset_freiburg2_desk_with_person//rgb/1311870427.431127.png","t":[0.00023770883854012936,0.002412420930340886,0.004130152985453606]},{"R":[[0.9999760985374451,0.00618606386706233,0.003093000501394272],[-0.006198227871209383,0.9999730587005615,0.003938671667128801],[-0.0030685521196573973,-0.003957748878747225,0.9999874830245972]],"file_name":"/home/jonas/Downloads/freiburg/rgbd_dataset_freiburg2_desk_with_person//rgb/1311870427.463385.png","t":[-0.00013696988753508776,0.0017728242091834545,0.004640411119908094]},{"R":[[0.9999741911888123,0.0058357384987175465,0.004187234677374363],[-0.005849168170243502,0.9999777674674988,0.0032022909726947546],[-0.0041684540919959545,-0.0032267002388834953,0.9999861121177673]],"file_name":"/home/jonas/Downloads/freiburg/rgbd_dataset_freiburg2_desk_with_person//rgb/1311870427.499447.png","t":[0.0010157154174521565,0.0009346019360236824,0.006013558711856604]},{"R":[[0.9999716281890869,0.0056769223883748055,0.004951836541295052],[-0.0056912717409431934,0.9999796152114868,0.002888514194637537],[-0.004935338161885738,-0.0029166145250201225,0.999983549118042]],"file_name":"/home/jonas/Downloads/freiburg/rgbd_dataset_freiburg2_desk_with_person//rgb/1311870427.531159.png","t":[0.002300456166267395,0.0006301344255916774,0.00414320919662714]},{"R":[[0.9999745488166809,0.0033941701985895634,0.006279009860008955],[-0.0034074154682457447,0.9999920129776001,0.002099953591823578],[-0.0062718321569263935,-0.002121295314282179,0.9999780654907227]],"file_name":"/home/jonas/Downloads/freiburg/rgbd_dataset_freiburg2_desk_with_person//rgb/1311870427.563190.png","t":[0.001163502223789692,0.0008383457316085696,0.006772196851670742]},{"R":[[0.999966025352478,0.00501906406134367,0.006543000694364309],[-0.0050353254191577435,0.9999842643737793,0.0024712022859603167],[-0.006530494894832373,-0.002504064468666911,0.9999755620956421]],"file_name":"/home/jonas/Downloads/freiburg/rgbd_dataset_freiburg2_desk_with_person//rgb/1311870427.599086.png","t":[0.0016874464927241206,0.0004093988100066781,0.00661746971309185]},{"R":[[0.9999620318412781,0.004601902328431606,0.007403679192066193],[-0.004611897747963667,0.9999884963035583,0.0013335844269022346],[-0.007397457025945187,-0.0013676788657903671,0.9999716877937317]],"file_name":"/home/jonas/Downloads/freiburg/rgbd_dataset_freiburg2_desk_with_person//rgb/1311870427.631114.png","t":[0.0013736240798607469,0.0032052190508693457,0.006578883621841669]},{"R":[[0.9999700784683228,0.0030735600739717484,0.007100603077560663],[-0.003088423516601324,0.999993085861206,0.002083233557641506],[-0.007094150874763727,-0.0021051010116934776,0.9999726414680481]],"file_name":"/home/jonas/Downloads/freiburg/rgbd_dataset_freiburg2_desk_with_person//rgb/1311870427.663429.png","t":[0.0012256352929398417,0.003230291185900569,0.007835716009140015]},{"R":[[0.9999693632125854,0.0032707706559449434,0.00711035868152976],[-0.003292936598882079,0.9999897480010986,0.0031079412437975407],[-0.007100120186805725,-0.0031312601640820503,0.9999698996543884]],"file_name":"/home/jonas/Downloads/freiburg/rgbd_dataset_freiburg2_desk_with_person//rgb/1311870427.699151.png","t":[0.0009462211164645851,0.002664884552359581,0.007517287507653236]},{"R":[[0.9999585151672363,0.00447480333968997,0.007932264357805252],[-0.004494892433285713,0.9999867081642151,0.002516532549634576],[-0.00792089756578207,-0.0025520827621221542,0.9999653697013855]],"file_name":"/home/jonas/Downloads/freiburg/rgbd_dataset_freiburg2_desk_with_person//rgb/1311870427.731118.png","t":[0.001149729243479669,0.005358297377824783,0.008329268544912338]},{"R":[[0.9999493956565857,0.00380949885584414,0.009308782406151295],[-0.0038525082636624575,0.9999819397926331,0.0046067568473517895],[-0.00929106492549181,-0.0046423859894275665,0.9999460577964783]],"file_name":"/home/jonas/Downloads/freiburg/rgbd_dataset_freiburg2_desk_with_person//rgb/1311870427.763327.png","t":[0.001175467623397708,0.002603935543447733,0.009124104864895344]},{"R":[[0.9999446272850037,0.0037960587069392204,0.009816001169383526],[-0.00383737962692976,0.9999838471412659,0.0041941385716199875],[-0.009799920953810215,-0.004231574013829231,0.9999430179595947]],"file_name":"/home/jonas/Downloads/freiburg/rgbd_dataset_freiburg2_desk_with_person//rgb/1311870427.799196.png","t":[0.0003074528940487653,0.0040162550285458565,0.00966027844697237]},{"R":[[0.9999465942382813,0.003831081558018923,0.009601335041224957],[-0.003888773499056697,0.9999744296073914,0.005997309926897287],[-0.009578114375472069,-0.006034327205270529,0.9999359250068665]],"file_name":"/home/jonas/Downloads/freiburg/rgbd_dataset_freiburg2_desk_with_person//rgb/1311870427.831457.png","t":[-0.00035134947393089533,0.004139863885939121,0.008490406908094883]},{"R":[[0.9999304413795471,0.0030562428291887045,0.011391186155378819],[-0.0031225320417433977,0.999978244304657,0.005806098226457834],[-0.011373193934559822,-0.00584126403555274,0.9999182820320129]],"file_name":"/home/jonas/Downloads/freiburg/rgbd_dataset_freiburg2_desk_with_person//rgb/1311870427.863134.png","t":[-0.001436808961443603,0.003020567586645484,0.01126098446547985]},{"R":[[0.9999133944511414,0.0024725503753870726,0.012925582006573677],[-0.0025189334992319345,0.9999904632568359,0.0035734239500015974],[-0.012916622683405876,-0.003605673322454095,0.9999100565910339]],"file_name":"/home/jonas/Downloads/freiburg/rgbd_dataset_freiburg2_desk_with_person//rgb/1311870427.899231.png","t":[-0.001042162417434156,0.0035650930367410183,0.011286879889667034]},{"R":[[0.9998878836631775,2.5822293991950573e-06,0.014973049983382225],[-3.750170799321495e-05,0.9999972581863403,0.002331875031813979],[-0.014973003417253494,-0.002332175150513649,0.9998852014541626]],"file_name":"/home/jonas/Downloads/freiburg/rgbd_dataset_freiburg2_desk_with_person//rgb/1311870427.931111.png","t":[0.0009649472194723785,0.0022103511728346348,0.010463505052030087]},{"R":[[0.9998419880867004,-0.004116175230592489,0.017293501645326614],[0.004109563771635294,0.9999914765357971,0.0004178288218099624],[-0.017295075580477715,-0.00034669405431486666,0.9998503923416138]],"file_name":"/home/jonas/Downloads/freiburg/rgbd_dataset_freiburg2_desk_with_person//rgb/1311870427.963137.png","t":[-0.0006418577395379543,0.0042228964157402515,0.009248719550669193]},{"R":[[0.9998694658279419,-0.005247361958026886,0.01528281718492508],[0.00520832696929574,0.9999830722808838,0.0025928723625838757],[-0.015296163968741894,-0.002512935781851411,0.9998798370361328]],"file_name":"/home/jonas/Downloads/freiburg/rgbd_dataset_freiburg2_desk_with_person//rgb/1311870427.999083.png","t":[0.00037827203050255775,0.0031363775487989187,0.010951124131679535]},{"R":[[0.9998952150344849,-0.004254601895809174,0.013837860897183418],[0.004216339904814959,0.9999871850013733,0.002793018240481615],[-0.013849567621946335,-0.002734380541369319,0.9999003410339355]],"file_name":"/home/jonas/Downloads/freiburg/rgbd_dataset_freiburg2_desk_with_person//rgb/1311870428.031250.png","t":[-0.0004443359503056854,0.0041503035463392735,0.011569376103579998]},{"R":[[0.9999096393585205,-0.003657624823972583,0.012935648672282696],[0.003616830101236701,0.9999884366989136,0.0031756586395204067],[-0.012947114184498787,-0.0031285856384783983,0.9999113082885742]],"file_name":"/home/jonas/Downloads/freiburg/rgbd_dataset_freiburg2_desk_with_person//rgb/1311870428.063193.png","t":[9.065934864338487e-05,0.004164950922131538,0.011074990034103394]},{"R":[[0.9999134540557861,-0.0036302462685853243,0.01264495961368084],[0.003590502543374896,0.9999885559082031,0.00316434632986784],[-0.012656302191317081,-0.0031186705455183983,0.9999150633811951]],"file_name":"/home/jonas/Downloads/freiburg/rgbd_dataset_freiburg2_desk_with_person//rgb/1311870428.099167.png","t":[0.00020932653569616377,0.005249108653515577,0.011107899248600006]},{"R":[[0.9999120831489563,-0.0029968663584440947,0.012918426655232906],[0.002926270244643092,0.9999806880950928,0.0054802061058580875],[-0.012934600934386253,-0.0054419212974607944,0.999901533126831]],"file_name":"/home/jonas/Downloads/freiburg/rgbd_dataset_freiburg2_desk_with_person//rgb/1311870428.131267.png","t":[-0.0007509214337915182,0.002940649865195155,0.011523829773068428]},{"R":[[0.9999009370803833,-0.0037275750655680895,0.013573575764894485],[0.0036542268935590982,0.9999786019325256,0.0054245502687990665],[-0.013593506067991257,-0.005374411586672068,0.9998931884765625]],"file_name":"/home/jonas/Downloads/freiburg/rgbd_dataset_freiburg2_desk_with_person//rgb/1311870428.163279.png","t":[-0.0011140983551740646,0.00374137656763196,0.011369006708264351]},{"R":[[0.9998837113380432,-0.004219517111778259,0.014652732759714127],[0.004150629974901676,0.9999802112579346,0.004728559870272875],[-0.014672394841909409,-0.004667192231863737,0.9998814463615417]],"file_name":"/home/jonas/Downloads/freiburg/rgbd_dataset_freiburg2_desk_with_person//rgb/1311870428.199270.png","t":[-0.002039966406300664,0.005403805524110794,0.011609314940869808]},{"R":[[0.9998818039894104,-0.003204342443495989,0.015038661658763885],[0.0031237518414855003,0.999980628490448,0.005379319190979004],[-0.015055608004331589,-0.005331706255674362,0.9998724460601807]],"file_name":"/home/jonas/Downloads/freiburg/rgbd_dataset_freiburg2_desk_with_person//rgb/1311870428.231191.png","t":[-0.0021299906075000763,0.004308616276830435,0.01193553302437067]},{"R":[[0.9998809695243835,-0.00413376372307539,0.014866076409816742],[0.004046194721013308,0.9999743103981018,0.005915774032473564],[-0.014890149235725403,-0.005854918621480465,0.9998719692230225]],"file_name":"/home/jonas/Downloads/freiburg/rgbd_dataset_freiburg2_desk_with_person//rgb/1311870428.263420.png","t":[-0.000624593929387629,0.0040331268683075905,0.011482938192784786]},{"R":[[0.9998810887336731,-0.0035246957559138536,0.015012355521321297],[0.003427366726100445,0.9999729990959167,0.006504051387310028],[-0.015034874901175499,-0.006451825611293316,0.9998661279678345]],"file_name":"/home/jonas/Downloads/freiburg/rgbd_dataset_freiburg2_desk_with_person//rgb/1311870428.299170.png","t":[-0.0008435394847765565,0.0025187372229993343,0.011429830454289913]},{"R":[[0.9998822808265686,-0.002940218895673752,0.015059107914566994],[0.0028695175424218178,0.9999847412109375,0.004714388400316238],[-0.01507273968309164,-0.004670621361583471,0.9998754858970642]],"file_name":"/home/jonas/Downloads/freiburg/rgbd_dataset_freiburg2_desk_with_person//rgb/1311870428.331174.png","t":[-0.001797233009710908,0.005880300421267748,0.011965043842792511]},{"R":[[0.9998877644538879,-0.0047909971326589584,0.014197243377566338],[0.004686419852077961,0.9999617338180542,0.007390165235847235],[-0.014232105575501919,-0.007322801277041435,0.9998719096183777]],"file_name":"/home/jonas/Downloads/freiburg/rgbd_dataset_freiburg2_desk_with_person//rgb/1311870428.363160.png","t":[-0.00014549725165124983,0.0036734864115715027,0.012027845717966557]},{"R":[[0.9998617172241211,-0.00728379562497139,0.014951098710298538],[0.007173832971602678,0.9999468922615051,0.007395302876830101],[-0.015004171058535576,-0.007287023589015007,0.9998608827590942]],"file_name":"/home/jonas/Downloads/freiburg/rgbd_dataset_freiburg2_desk_with_person//rgb/1311870428.399340.png","t":[-0.0017378706252202392,0.0028873072005808353,0.011687052436172962]},{"R":[[0.9998771548271179,-0.007209773641079664,0.013915607705712318],[0.007121650967746973,0.999954342842102,0.0063718282617628574],[-0.013960910961031914,-0.00627194344997406,0.9998828768730164]],"file_name":"/home/jonas/Downloads/freiburg/rgbd_dataset_freiburg2_desk_with_person//rgb/1311870428.431153.png","t":[-0.00039669219404459,0.004631154704838991,0.011478226631879807]},{"R":[[0.9998660087585449,-0.006461287848651409,0.015041328966617584],[0.006355455610901117,0.9999547600746155,0.0070733060128986835],[-0.01508635189384222,-0.006976763717830181,0.9998618364334106]],"file_name":"/home/jonas/Downloads/freiburg/rgbd_dataset_freiburg2_desk_with_person//rgb/1311870428.463176.png","t":[-0.0008133786031976342,0.0035989119205623865,0.011996314860880375]},{"R":[[0.9998422861099243,-0.007308401633054018,0.016185028478503227],[0.0072272708639502525,0.9999610781669617,0.00506552355363965],[-0.016221418976783752,-0.004947751294821501,0.999856173992157]],"file_name":"/home/jonas/Downloads/freiburg/rgbd_dataset_freiburg2_desk_with_person//rgb/1311870428.499303.png","t":[-0.0012101855827495456,0.004664761479943991,0.012388686649501324]},{"R":[[0.9998481273651123,-0.007458357140421867,0.01575198769569397],[0.007371356710791588,0.9999573230743408,0.005573981907218695],[-0.015792887657880783,-0.00545702176168561,0.999860405921936]],"file_name":"/home/jonas/Downloads/freiburg/rgbd_dataset_freiburg2_desk_with_person//rgb/1311870428.531230.png","t":[-0.0007555408519692719,0.0051720221526920795,0.012171270325779915]},{"R":[[0.9998456835746765,-0.006902593653649092,0.016155827790498734],[0.006782853975892067,0.9999492168426514,0.0074546439573168755],[-0.016206463798880577,-0.00734391063451767,0.9998416900634766]],"file_name":"/home/jonas/Downloads/freiburg/rgbd_dataset_freiburg2_desk_with_person//rgb/1311870428.563181.png","t":[-0.0017581592546775937,0.00310821202583611,0.013122067786753178]},{"R":[[0.9998593926429749,-0.006054761819541454,0.015638507902622223],[0.0059597063809633255,0.9999635219573975,0.006117761135101318],[-0.015674978494644165,-0.006023700349032879,0.9998589754104614]],"file_name":"/home/jonas/Downloads/freiburg/rgbd_dataset_freiburg2_desk_with_person//rgb/1311870428.599270.png","t":[0.00051764992531389,0.005543089937418699,0.012746276333928108]},{"R":[[0.9998165965080261,-0.005256940610706806,0.018415424972772598],[0.0051105329766869545,0.9999550580978394,0.00798835139721632],[-0.01845659129321575,-0.007892774417996407,0.9997985363006592]],"file_name":"/home/jonas/Downloads/freiburg/rgbd_dataset_freiburg2_desk_with_person//rgb/1311870428.631378.png","t":[-0.0012877782573923469,0.0028792808298021555,0.011783095076680183]},{"R":[[0.9998177886009216,-0.007200400345027447,0.017680566757917404],[0.007061735726892948,0.9999439120292664,0.00789270643144846],[-0.0177364069968462,-0.007766412571072578,0.9998125433921814]],"file_name":"/home/jonas/Downloads/freiburg/rgbd_dataset_freiburg2_desk_with_person//rgb/1311870428.663196.png","t":[0.00044393795542418957,0.00374442501924932,0.012128210626542568]},{"R":[[0.9998129606246948,-0.00798826478421688,0.017613641917705536],[0.007855487987399101,0.9999402761459351,0.007594624068588018],[-0.01767325960099697,-0.007454840000718832,0.9998160004615784]],"file_name":"/home/jonas/Downloads/freiburg/rgbd_dataset_freiburg2_desk_with_person//rgb/1311870428.699275.png","t":[0.00024713511811569333,0.005285363178700209,0.012628099881112576]},{"R":[[0.9998157024383545,-0.0074174655601382256,0.01770823821425438],[0.007266556844115257,0.9999368786811829,0.00857114139944315],[-0.01777069643139839,-0.008440883830189705,0.9998064637184143]],"file_name":"/home/jonas/Downloads/freiburg/rgbd_dataset_freiburg2_desk_with_person//rgb/1311870428.731171.png","t":[0.0007517746416851878,0.0033127027563750744,0.012634932063519955]},{"R":[[0.9997950196266174,-0.007499295752495527,0.018805356696248055],[0.007373391184955835,0.9999499917030334,0.006755573209375143],[-0.018855078145861626,-0.006615529302507639,0.9998003244400024]],"file_name":"/home/jonas/Downloads/freiburg/rgbd_dataset_freiburg2_desk_with_person//rgb/1311870428.763173.png","t":[0.00047479005297645926,0.0054130335338413715,0.012039519846439362]},{"R":[[0.9997812509536743,-0.008276311680674553,0.019206738099455833],[0.008125734515488148,0.9999357461929321,0.00790463574230671],[-0.01927092671394348,-0.00774683803319931,0.9997842907905579]],"file_name":"/home/jonas/Downloads/freiburg/rgbd_dataset_freiburg2_desk_with_person//rgb/1311870428.799280.png","t":[0.0015439782291650772,0.004141735844314098,0.013214219361543655]},{"R":[[0.9997640252113342,-0.00785267073661089,0.02025505341589451],[0.00770579045638442,0.9999434947967529,0.0073194135911762714],[-0.0203113853931427,-0.007161605171859264,0.999768078327179]],"file_name":"/home/jonas/Downloads/freiburg/rgbd_dataset_freiburg2_desk_with_person//rgb/1311870428.831376.png","t":[-0.00045988254714757204,0.00533289834856987,0.012969677336513996]},{"R":[[0.9997761845588684,-0.007765853777527809,0.01968018151819706],[0.00760569516569376,0.9999374747276306,0.008199895732104778],[-0.019742630422115326,-0.008048378862440586,0.9997727274894714]],"file_name":"/home/jonas/Downloads/freiburg/rgbd_dataset_freiburg2_desk_with_person//rgb/1311870428.863232.png","t":[0.0009254082688130438,0.004749184940010309,0.012793131172657013]},{"R":[[0.9997625350952148,-0.007687821984291077,0.020389610901474953],[0.007515141740441322,0.9999353885650635,0.008532186038792133],[-0.020453887060284615,-0.008376928977668285,0.9997556805610657]],"file_name":"/home/jonas/Downloads/freiburg/rgbd_dataset_freiburg2_desk_with_person//rgb/1311870428.899406.png","t":[0.0003500393941067159,0.00396017637103796,0.011717001907527447]},{"R":[[0.9997392296791077,-0.009033836424350739,0.020971523597836494],[0.00889380183070898,0.9999375939369202,0.00676106009632349],[-0.021031294018030167,-0.006572780665010214,0.9997572302818298]],"file_name":"/home/jonas/Downloads/freiburg/rgbd_dataset_freiburg2_desk_with_person//rgb/1311870428.931143.png","t":[8.267442171927541e-05,0.005761004984378815,0.011403297074139118]},{"R":[[0.9997348189353943,-0.008868752047419548,0.021251123398542404],[0.008690261282026768,0.9999263286590576,0.008476807735860348],[-0.02132473699748516,-0.008289881981909275,0.9997382164001465]],"file_name":"/home/jonas/Downloads/freiburg/rgbd_dataset_freiburg2_desk_with_person//rgb/1311870428.963255.png","t":[-4.599109524860978e-05,0.0038115717470645905,0.010601883754134178]},{"R":[[0.9997202754020691,-0.009926659986376762,0.02146647498011589],[0.00977891031652689,0.999927818775177,0.006976881995797157],[-0.021534183993935585,-0.006765011698007584,0.99974524974823]],"file_name":"/home/jonas/Downloads/freiburg/rgbd_dataset_freiburg2_desk_with_person//rgb/1311870428.999316.png","t":[0.0001635111984796822,0.0054656825959682465,0.01156078465282917]},{"R":[[0.99970543384552,-0.009936163201928139,0.02214379794895649],[0.009802375920116901,0.9999330639839172,0.006142113357782364],[-0.022203346714377403,-0.005923242308199406,0.999735951423645]],"file_name":"/home/jonas/Downloads/freiburg/rgbd_dataset_freiburg2_desk_with_person//rgb/1311870429.031368.png","t":[0.000880175270140171,0.00682931300252676,0.011753502301871777]},{"R":[[0.999703586101532,-0.009430518373847008,0.022445708513259888],[0.009282230399549007,0.9999344348907471,0.006701556965708733],[-0.0225074365735054,-0.006491224281489849,0.9997255802154541]],"file_name":"/home/jonas/Downloads/freiburg/rgbd_dataset_freiburg2_desk_with_person//rgb/1311870429.063298.png","t":[0.0007062438526190817,0.006953679025173187,0.01200240757316351]},{"R":[[0.9997079968452454,-0.008383027277886868,0.02266400307416916],[0.008225267753005028,0.999941349029541,0.007045067846775055],[-0.022721732035279274,-0.006856592837721109,0.9997183084487915]],"file_name":"/home/jonas/Downloads/freiburg/rgbd_dataset_freiburg2_desk_with_person//rgb/1311870429.099362.png","t":[-0.0001429521944373846,0.0062753185629844666,0.011198229156434536]},{"R":[[0.9996922016143799,-0.009253835305571556,0.023017583414912224],[0.009090183302760124,0.9999327063560486,0.007204351015388966],[-0.023082703351974487,-0.006992899812757969,0.9997091293334961]],"file_name":"/home/jonas/Downloads/freiburg/rgbd_dataset_freiburg2_desk_with_person//rgb/1311870429.131434.png","t":[0.0002430466265650466,0.007480487693101168,0.01172680500894785]},{"R":[[0.999674916267395,-0.011231635697185993,0.02288993075489998],[0.011059893295168877,0.9999098181724548,0.007615814451128244],[-0.022973405197262764,-0.0073601785115897655,0.9997090101242065]],"file_name":"/home/jonas/Downloads/freiburg/rgbd_dataset_freiburg2_desk_with_person//rgb/1311870429.163291.png","t":[0.0009983335621654987,0.007211196701973677,0.011627652682363987]},{"R":[[0.9996709823608398,-0.01178540475666523,0.02278248965740204],[0.011605237610638142,0.9999004602432251,0.00802424643188715],[-0.02287479117512703,-0.007757210172712803,0.9997082352638245]],"file_name":"/home/jonas/Downloads/freiburg/rgbd_dataset_freiburg2_desk_with_person//rgb/1311870429.199396.png","t":[0.0010279107373207808,0.007130744401365519,0.01260407641530037]},{"R":[[0.9996774196624756,-0.01009081955999136,0.023306621238589287],[0.009872675873339176,0.9999065399169922,0.009455879218876362],[-0.02339985966682434,-0.009222730062901974,0.9996836185455322]],"file_name":"/home/jonas/Downloads/freiburg/rgbd_dataset_freiburg2_desk_with_person//rgb/1311870429.231437.png","t":[-0.0005873851478099823,0.007233951706439257,0.011559021659195423]},{"R":[[0.9996712803840637,-0.010716157965362072,0.023292722180485725],[0.010474254377186298,0.9998902082443237,0.010482686571776867],[-0.0234024990350008,-0.010235266759991646,0.9996737241744995]],"file_name":"/home/jonas/Downloads/freiburg/rgbd_dataset_freiburg2_desk_with_person//rgb/1311870429.263266.png","t":[-0.0016695036320015788,0.005088263191282749,0.011735325679183006]},{"R":[[0.9997022151947021,-0.010777439922094345,0.021893266588449478],[0.010579114779829979,0.9999021291732788,0.009154425002634525],[-0.021989785134792328,-0.008920087479054928,0.999718427658081]],"file_name":"/home/jonas/Downloads/freiburg/rgbd_dataset_freiburg2_desk_with_person//rgb/1311870429.299443.png","t":[-0.00042004368151538074,0.00634933402761817,0.010441852733492851]},{"R":[[0.9997157454490662,-0.011079082265496254,0.021110597997903824],[0.01088031381368637,0.9998956322669983,0.009507300332188606],[-0.021213727071881294,-0.00927490834146738,0.9997319579124451]],"file_name":"/home/jonas/Downloads/freiburg/rgbd_dataset_freiburg2_desk_with_person//rgb/1311870429.331255.png","t":[-0.001472007599659264,0.006313592195510864,0.011629548855125904]},{"R":[[0.9997490048408508,-0.01037787925451994,0.01985626108944416],[0.010226047597825527,0.9999178051948547,0.007732865866273642],[-0.01993488147854805,-0.0075278738513588905,0.9997729659080505]],"file_name":"/home/jonas/Downloads/freiburg/rgbd_dataset_freiburg2_desk_with_person//rgb/1311870429.363267.png","t":[-0.0008147321059368551,0.007480269763618708,0.011061600409448147]},{"R":[[0.9997266530990601,-0.011322233825922012,0.020456140860915184],[0.0111685274168849,0.9999086260795593,0.007612604182213545],[-0.02054046280682087,-0.007382058538496494,0.9997617602348328]],"file_name":"/home/jonas/Downloads/freiburg/rgbd_dataset_freiburg2_desk_with_person//rgb/1311870429.399320.png","t":[-0.002723291050642729,0.006380835082381964,0.010957184247672558]},{"R":[[0.9997498393058777,-0.010947204194962978,0.019503943622112274],[0.010805625468492508,0.9999145865440369,0.007349648512899876],[-0.019582737237215042,-0.007137057837098837,0.9997827410697937]],"file_name":"/home/jonas/Downloads/freiburg/rgbd_dataset_freiburg2_desk_with_person//rgb/1311870429.431354.png","t":[-0.0021749448496848345,0.006844473537057638,0.010783239267766476]},{"R":[[0.9997361898422241,-0.011714085936546326,0.01975592039525509],[0.011561461724340916,0.9999025464057922,0.007822081446647644],[-0.019845623522996902,-0.007591610308736563,0.9997742176055908]],"file_name":"/home/jonas/Downloads/freiburg/rgbd_dataset_freiburg2_desk_with_person//rgb/1311870429.499243.png","t":[-0.004908066242933273,0.007272128481417894,0.012434642761945724]},{"R":[[0.9997880458831787,-0.010784910060465336,0.01753811165690422],[0.010603679344058037,0.9998897314071655,0.01039388868957758],[-0.017648275941610336,-0.010205716826021671,0.9997921586036682]],"file_name":"/home/jonas/Downloads/freiburg/rgbd_dataset_freiburg2_desk_with_person//rgb/1311870429.531208.png","t":[-0.0022002800833433867,0.003761598374694586,0.011318988166749477]},{"R":[[0.9997811317443848,-0.011841553263366222,0.017247546464204788],[0.011674631386995316,0.9998843669891357,0.009746742434799671],[-0.01736096851527691,-0.009543250314891338,0.9998037219047546]],"file_name":"/home/jonas/Downloads/freiburg/rgbd_dataset_freiburg2_desk_with_person//rgb/1311870429.563312.png","t":[-0.0038283790927380323,0.005251942202448845,0.011880096979439259]},{"R":[[0.9998178482055664,-0.011839277110993862,0.014969950541853905],[0.011680785566568375,0.9998752474784851,0.010630772449076176],[-0.015093944035470486,-0.010453975759446621,0.9998314380645752]],"file_name":"/home/jonas/Downloads/freiburg/rgbd_dataset_freiburg2_desk_with_person//rgb/1311870429.599449.png","t":[-0.002967973006889224,0.0057460772804915905,0.011412778869271278]},{"R":[[0.999821662902832,-0.010396689176559448,0.015766911208629608],[0.01024660374969244,0.9999017119407654,0.009570086374878883],[-0.015864858403801918,-0.009406822733581066,0.999829888343811]],"file_name":"/home/jonas/Downloads/freiburg/rgbd_dataset_freiburg2_desk_with_person//rgb/1311870429.663354.png","t":[-0.0049546267837285995,0.0063233752734959126,0.012021251954138279]},{"R":[[0.999824047088623,-0.011280138976871967,0.01498749852180481],[0.01113235391676426,0.9998889565467834,0.009907668456435204],[-0.015097593888640404,-0.009739079512655735,0.9998385906219482]],"file_name":"/home/jonas/Downloads/freiburg/rgbd_dataset_freiburg2_desk_with_person//rgb/1311870429.699491.png","t":[-0.00353974848985672,0.006281488109380007,0.01168743520975113]},{"R":[[0.9998248815536499,-0.011104444973170757,0.015061727724969387],[0.010938385501503944,0.9998789429664612,0.011063172481954098],[-0.015182754956185818,-0.01089648436754942,0.9998253583908081]],"file_name":"/home/jonas/Downloads/freiburg/rgbd_dataset_freiburg2_desk_with_person//rgb/1311870429.731303.png","t":[-0.004306106362491846,0.004381893202662468,0.011585637927055359]},{"R":[[0.9998435378074646,-0.010516793467104435,0.014224505983293056],[0.010383698157966137,0.9999018907546997,0.009398449212312698],[-0.014321952126920223,-0.009249275550246239,0.9998546838760376]],"file_name":"/home/jonas/Downloads/freiburg/rgbd_dataset_freiburg2_desk_with_person//rgb/1311870429.763313.png","t":[-0.004088713321834803,0.007505145389586687,0.01204167865216732]},{"R":[[0.999833881855011,-0.009883479215204716,0.015315428376197815],[0.009736940264701843,0.9999063611030579,0.009613271802663803],[-0.015409007668495178,-0.009462549351155758,0.9998365044593811]],"file_name":"/home/jonas/Downloads/freiburg/rgbd_dataset_freiburg2_desk_with_person//rgb/1311870429.799489.png","t":[-0.00529728177934885,0.00653587281703949,0.012164907529950142]},{"R":[[0.9997952580451965,-0.01424181554466486,0.014374627731740475],[0.01410459354519844,0.9998543858528137,0.009602799080312252],[-0.014509296976029873,-0.009398084133863449,0.9998505711555481]],"file_name":"/home/jonas/Downloads/freiburg/rgbd_dataset_freiburg2_desk_with_person//rgb/1311870429.863196.png","t":[-0.004873328842222691,0.008011644706130028,0.011815652251243591]},{"R":[[0.9997686743736267,-0.01576167903840542,0.014633783139288425],[0.01561228558421135,0.9998254179954529,0.010267517529428005],[-0.014793061651289463,-0.01003667525947094,0.9998401999473572]],"file_name":"/home/jonas/Downloads/freiburg/rgbd_dataset_freiburg2_desk_with_person//rgb/1311870429.899470.png","t":[-0.004886968061327934,0.0058462899178266525,0.011977925896644592]},{"R":[[0.9997327327728271,-0.01760311983525753,0.01498557347804308],[0.017458373680710793,0.9998002052307129,0.009735750034451485],[-0.015153958462178707,-0.009471524506807327,0.9998403191566467]],"file_name":"/home/jonas/Downloads/freiburg/rgbd_dataset_freiburg2_desk_with_person//rgb/1311870429.931446.png","t":[-0.0036028611939400434,0.00347229209728539,0.010373142547905445]},{"R":[[0.9996638894081116,-0.0194648876786232,0.01712252013385296],[0.0193722452968359,0.9997968673706055,0.005559937097132206],[-0.01722726598381996,-0.005226367153227329,0.9998379349708557]],"file_name":"/home/jonas/Downloads/freiburg/rgbd_dataset_freiburg2_desk_with_person//rgb/1311870429.963465.png","t":[-0.005151749588549137,0.005378128029406071,0.012093223631381989]},{"R":[[0.9996578097343445,-0.019645657390356064,0.01727306842803955],[0.019601933658123016,0.9998041987419128,0.0026969804894179106],[-0.01732267066836357,-0.0023574719671159983,0.9998471736907959]],"file_name":"/home/jonas/Downloads/freiburg/rgbd_dataset_freiburg2_desk_with_person//rgb/1311870429.999478.png","t":[-0.0058161793276667595,0.006218679714947939,0.01101744920015335]},{"R":[[0.9997135996818542,-0.018366390839219093,0.015341444872319698],[0.018350068479776382,0.9998309016227722,0.0012041091686114669],[-0.015360965393483639,-0.0009222477092407644,0.9998815655708313]],"file_name":"/home/jonas/Downloads/freiburg/rgbd_dataset_freiburg2_desk_with_person//rgb/1311870430.063451.png","t":[-0.006616292055696249,0.006523225922137499,0.011603190563619137]},{"R":[[0.9997697472572327,-0.017227966338396072,0.01279417797923088],[0.017182452604174614,0.9998456835746765,0.0036588264629244804],[-0.01285523734986782,-0.003438148647546768,0.9999114274978638]],"file_name":"/home/jonas/Downloads/freiburg/rgbd_dataset_freiburg2_desk_with_person//rgb/1311870430.099355.png","t":[-0.005322301760315895,0.004052452277392149,0.00983665231615305]},{"R":[[0.9997674226760864,-0.01722211390733719,0.012979299761354923],[0.01718335598707199,0.9998475909233093,0.003091811202466488],[-0.013030569069087505,-0.0028680642135441303,0.9999110102653503]],"file_name":"/home/jonas/Downloads/freiburg/rgbd_dataset_freiburg2_desk_with_person//rgb/1311870430.163315.png","t":[-0.006311909295618534,0.0065195998176932335,0.011127008125185966]},{"R":[[0.9997973442077637,-0.015963995829224586,0.012262944132089615],[0.01590975746512413,0.9998632669448853,0.0045078410767018795],[-0.01233323011547327,-0.004311827477067709,0.9999146461486816]],"file_name":"/home/jonas/Downloads/freiburg/rgbd_dataset_freiburg2_desk_with_person//rgb/1311870430.199392.png","t":[-0.006238274741917849,0.004968380555510521,0.00965416245162487]},{"R":[[0.9997510313987732,-0.01728365756571293,0.014114130288362503],[0.017236921936273575,0.999845564365387,0.0034262523986399174],[-0.014171169139444828,-0.0031821150332689285,0.9998944997787476]],"file_name":"/home/jonas/Downloads/freiburg/rgbd_dataset_freiburg2_desk_with_person//rgb/1311870430.263346.png","t":[-0.008411191403865814,0.007743018213659525,0.009780523367226124]},{"R":[[0.9997844099998474,-0.016195332631468773,0.012995976954698563],[0.016116978600621223,0.9998514652252197,0.0061112819239497185],[-0.013093020766973495,-0.0059005082584917545,0.9998968839645386]],"file_name":"/home/jonas/Downloads/freiburg/rgbd_dataset_freiburg2_desk_with_person//rgb/1311870430.299384.png","t":[-0.008928552269935608,0.0070335217751562595,0.00984775461256504]},{"R":[[0.9997876286506653,-0.01662968471646309,0.012172038666903973],[0.01656445488333702,0.9998480081558228,0.005440359003841877],[-0.012260660529136658,-0.0052375802770257,0.9999111294746399]],"file_name":"/home/jonas/Downloads/freiburg/rgbd_dataset_freiburg2_desk_with_person//rgb/1311870430.331664.png","t":[-0.011394773609936237,0.008620687760412693,0.011535245925188065]},{"R":[[0.9998525381088257,-0.013877233490347862,0.010117169469594955],[0.013806204311549664,0.999879777431488,0.007057062815874815],[-0.010213885456323624,-0.006916342303156853,0.9999239444732666]],"file_name":"/home/jonas/Downloads/freiburg/rgbd_dataset_freiburg2_desk_with_person//rgb/1311870430.363389.png","t":[-0.012555970810353756,0.007149869576096535,0.010388588532805443]},{"R":[[0.9998764395713806,-0.012981369160115719,0.008865907788276672],[0.012921332381665707,0.9998934268951416,0.006795736029744148],[-0.008953181095421314,-0.006680337246507406,0.9999375939369202]],"file_name":"/home/jonas/Downloads/freiburg/rgbd_dataset_freiburg2_desk_with_person//rgb/1311870430.399281.png","t":[-0.013491221703588963,0.008120574057102203,0.01102501805871725]},{"R":[[0.9998699426651001,-0.014001734554767609,0.008000832051038742],[0.013952188193798065,0.9998833537101746,0.00621528085321188],[-0.008086923509836197,-0.006102843675762415,0.9999486804008484]],"file_name":"/home/jonas/Downloads/freiburg/rgbd_dataset_freiburg2_desk_with_person//rgb/1311870430.431391.png","t":[-0.01361868716776371,0.005791928619146347,0.011586927808821201]},{"R":[[0.9998820424079895,-0.013985115103423595,0.006345775444060564],[0.013959135860204697,0.9998940825462341,0.004119934979826212],[-0.0064027211628854275,-0.004030867479741573,0.9999713897705078]],"file_name":"/home/jonas/Downloads/freiburg/rgbd_dataset_freiburg2_desk_with_person//rgb/1311870430.463459.png","t":[-0.013459250330924988,0.008376802317798138,0.010111524723470211]},{"R":[[0.9999080896377563,-0.012712545692920685,0.004710650071501732],[0.012679843232035637,0.9998957514762878,0.006908291485160589],[-0.004797981120646,-0.006847925949841738,0.9999650716781616]],"file_name":"/home/jonas/Downloads/freiburg/rgbd_dataset_freiburg2_desk_with_person//rgb/1311870430.499344.png","t":[-0.01454044971615076,0.0069999899715185165,0.009363408200442791]},{"R":[[0.9999154210090637,-0.012432252988219261,0.0038184572476893663],[0.012403002940118313,0.9998942613601685,0.007590421941131353],[-0.00391241954639554,-0.007542419712990522,0.9999638795852661]],"file_name":"/home/jonas/Downloads/freiburg/rgbd_dataset_freiburg2_desk_with_person//rgb/1311870430.563500.png","t":[-0.018350152298808098,0.007622659672051668,0.011131947860121727]},{"R":[[0.999923825263977,-0.012141709215939045,0.002225299831479788],[0.012122172862291336,0.999889612197876,0.008591617457568645],[-0.0023293711710721254,-0.008563987910747528,0.9999606013298035]],"file_name":"/home/jonas/Downloads/freiburg/rgbd_dataset_freiburg2_desk_with_person//rgb/1311870430.599385.png","t":[-0.018278181552886963,0.006691263522952795,0.011724654585123062]},{"R":[[0.999912440776825,-0.013203846290707588,0.000874643272254616],[0.01319790817797184,0.9998919367790222,0.006478867027908564],[-0.0009600946796126664,-0.006466756109148264,0.9999786019325256]],"file_name":"/home/jonas/Downloads/freiburg/rgbd_dataset_freiburg2_desk_with_person//rgb/1311870430.663444.png","t":[-0.021164998412132263,0.007377570029348135,0.010801737196743488]},{"R":[[0.9998970031738281,-0.014349649660289288,0.0001239708944922313],[0.014348638243973255,0.9998787641525269,0.006045104470103979],[-0.00021070099319331348,-0.006042703054845333,0.999981701374054]],"file_name":"/home/jonas/Downloads/freiburg/rgbd_dataset_freiburg2_desk_with_person//rgb/1311870430.699258.png","t":[-0.023124797269701958,0.007678044959902763,0.011275085620582104]},{"R":[[0.9999071359634399,-0.012875768356025219,-0.004464074037969112],[0.01291311252862215,0.9998810291290283,0.008439924567937851],[0.004354872275143862,-0.008496785536408424,0.9999544024467468]],"file_name":"/home/jonas/Downloads/freiburg/rgbd_dataset_freiburg2_desk_with_person//rgb/1311870430.763500.png","t":[-0.025551864877343178,0.00822015106678009,0.01287690456956625]},{"R":[[0.999903678894043,-0.01323006022721529,-0.004189485218375921],[0.013265849091112614,0.9998747110366821,0.008633186109364033],[0.004074743017554283,-0.00868793111294508,0.9999539852142334]],"file_name":"/home/jonas/Downloads/freiburg/rgbd_dataset_freiburg2_desk_with_person//rgb/1311870430.799409.png","t":[-0.028739891946315765,0.006914472207427025,0.013430748134851456]},{"R":[[0.9999240636825562,-0.011606786400079727,-0.004135788418352604],[0.01163769606500864,0.9999039173126221,0.007529683876782656],[0.004047995433211327,-0.007577243261039257,0.999963104724884]],"file_name":"/home/jonas/Downloads/freiburg/rgbd_dataset_freiburg2_desk_with_person//rgb/1311870430.863574.png","t":[-0.033057138323783875,0.007062588818371296,0.01330878771841526]},{"R":[[0.9999029636383057,-0.013128246180713177,-0.004660686478018761],[0.01315742451697588,0.9998936653137207,0.0062861028127372265],[0.004577665589749813,-0.0063468157313764095,0.9999693632125854]],"file_name":"/home/jonas/Downloads/freiburg/rgbd_dataset_freiburg2_desk_with_person//rgb/1311870430.899451.png","t":[-0.03488066792488098,0.007678929250687361,0.014330020174384117]},{"R":[[0.999871015548706,-0.0144651485607028,-0.006977595388889313],[0.014512966386973858,0.9998711943626404,0.006851790472865105],[0.006877584382891655,-0.006952172145247459,0.9999521970748901]],"file_name":"/home/jonas/Downloads/freiburg/rgbd_dataset_freiburg2_desk_with_person//rgb/1311870430.963601.png","t":[-0.039347004145383835,0.0062087723053991795,0.015040080063045025]},{"R":[[0.9998466372489929,-0.014948401600122452,-0.00912131741642952],[0.015005671419203281,0.9998679161071777,0.006242837756872177],[0.009026791900396347,-0.006378751713782549,0.9999389052391052]],"file_name":"/home/jonas/Downloads/freiburg/rgbd_dataset_freiburg2_desk_with_person//rgb/1311870430.999454.png","t":[-0.043714750558137894,0.007455506827682257,0.01568656973540783]},{"R":[[0.9997613430023193,-0.011609692126512527,-0.01850651577115059],[0.01174998376518488,0.9999029040336609,0.007490054704248905],[0.018417760729789734,-0.007705718278884888,0.9998006820678711]],"file_name":"/home/jonas/Downloads/freiburg/rgbd_dataset_freiburg2_desk_with_person//rgb/1311870431.063647.png","t":[-0.05219372361898422,0.006903900299221277,0.01705349050462246]},{"R":[[0.9996748566627502,-0.006862495560199022,-0.024556754156947136],[0.007096908055245876,0.99992