[{"R":[[0.9999068975448608,0.008962543681263924,0.010291501879692078],[-0.00907344650477171,0.9999006986618042,0.01078056264668703],[-0.010193859227001667,-0.010872938670217991,0.9998888969421387]],"file_name":"/home/jonas/Downloads/freiburg/rgbd_dataset_freiburg2_desk_with_person//rgb/1311870427.199132.png","mnId":1,"t":[0.004602622706443071,-0.07458662241697311,0.17366263270378113]},{"R":[[0.9999620914459229,-0.001760259736329317,-0.008529637940227985],[0.0019176119240000844,0.99982750415802,0.018474766984581947],[0.008495645597577095,-0.018490422517061234,0.9997929334640503]],"file_name":"/home/jonas/Downloads/freiburg/rgbd_dataset_freiburg2_desk_with_person//rgb/1311870431.063647.png","mnId":2,"t":[-0.0506305955350399,-0.06607542186975479,0.18964354693889618]},{"R":[[0.999894917011261,0.0028998779598623514,-0.014202423393726349],[-0.002604507375508547,0.9997808337211609,0.02077171392738819],[0.014259546995162964,-0.020732542499899864,0.9996833801269531]],"file_name":"/home/jonas/Downloads/freiburg/rgbd_dataset_freiburg2_desk_with_person//rgb/1311870431.099270.png","mnId":3,"t":[-0.05567697063088417,-0.06550246477127075,0.18928056955337524]},{"R":[[0.9993650913238525,0.01311530638486147,-0.03312624990940094],[-0.012484497390687466,0.9997381567955017,0.01917816512286663],[0.03336910158395767,-0.01875242590904236,0.9992671608924866]],"file_name":"/home/jonas/Downloads/freiburg/rgbd_dataset_freiburg2_desk_with_person//rgb/1311870431.263518.png","mnId":4,"t":[-0.08492152392864227,-0.06698073446750641,0.18735185265541077]},{"R":[[0.9956331253051758,0.0037707900628447533,-0.09327629953622818],[-0.006407571025192738,0.9995877742767334,-0.027985183522105217],[0.09313232451677322,0.028460649773478508,0.9952468872070313]],"file_name":"/home/jonas/Downloads/freiburg/rgbd_dataset_freiburg2_desk_with_person//rgb/1311870434.731536.png","mnId":13,"t":[-0.4824170172214508,-0.08702220767736435,0.1311865597963333]},{"R":[[0.9963340163230896,-0.006471443455666304,-0.0853031650185585],[-0.00010328226926503703,0.9970429539680481,-0.07684604823589325],[0.08554822951555252,0.07657314091920853,0.9933871626853943]],"file_name":"/home/jonas/Downloads/freiburg/rgbd_dataset_freiburg2_desk_with_person//rgb/1311870434.899553.png","mnId":14,"t":[-0.4945799708366394,-0.11317667365074158,0.11833564192056656]},{"R":[[0.9987733364105225,-0.03391588479280472,-0.0360773503780365],[0.026555916294455528,0.9818410873413086,-0.18783721327781677],[0.041792891919612885,0.18664872646331787,0.9815373420715332]],"file_name":"/home/jonas/Downloads/freiburg/rgbd_dataset_freiburg2_desk_with_person//rgb/1311870435.299742.png","mnId":15,"t":[-0.5139843225479126,-0.16100792586803436,0.09217943996191025]},{"R":[[0.9966655373573303,-0.07167141139507294,-0.03899995982646942],[0.060081589967012405,0.9680253267288208,-0.24355128407478333],[0.055208612233400345,0.24039599299430847,0.9691035747528076]],"file_name":"/home/jonas/Downloads/freiburg/rgbd_dataset_freiburg2_desk_with_person//rgb/1311870436.031755.png","mnId":16,"t":[-0.5830680727958679,-0.18094341456890106,0.031652990728616714]},{"R":[[0.9991047978401184,-0.04141663759946823,0.008615449070930481],[0.042284633964300156,0.9837747812271118,-0.17435362935066223],[-0.0012545197969302535,0.17456185817718506,0.984645426273346]],"file_name":"/home/jonas/Downloads/freiburg/rgbd_dataset_freiburg2_desk_with_person//rgb/1311870436.867905.png","mnId":17,"t":[-0.6434354186058044,-0.10872875154018402,0.05587344616651535]},{"R":[[0.9969497919082642,-0.02703685872256756,0.07321324944496155],[0.03652859851717949,0.9906319379806519,-0.13158278167247772],[-0.06896980106830597,0.13385580480098724,0.9885978698730469]],"file_name":"/home/jonas/Downloads/freiburg/rgbd_dataset_freiburg2_desk_with_person//rgb/1311870437.367959.png","mnId":18,"t":[-0.7204176187515259,-0.07178358733654022,0.10753647983074188]},{"R":[[0.9852051734924316,-0.05656873434782028,0.16177389025688171],[0.07125149667263031,0.9937053322792053,-0.0864458680152893],[-0.15586544573307037,0.09669354557991028,0.9830342531204224]],"file_name":"/home/jonas/Downloads/freiburg/rgbd_dataset_freiburg2_desk_with_person//rgb/1311870438.032040.png","mnId":20,"t":[-0.8584303855895996,-0.05950421467423439,0.17160974442958832]},{"R":[[0.9807108044624329,-0.07048016041517258,0.18231521546840668],[0.0838657096028328,0.9942372441291809,-0.06677449494600296],[-0.17655830085277557,0.08077646046876907,0.9809700846672058]],"file_name":"/home/jonas/Downloads/freiburg/rgbd_dataset_freiburg2_desk_with_person//rgb/1311870438.399835.png","mnId":21,"t":[-0.9348571300506592,-0.06567125022411346,0.20687176287174225]},{"R":[[0.9671471118927002,-0.09799183905124664,0.2345721572637558],[0.11685791611671448,0.9908252358436584,-0.06789384037256241],[-0.22576697170734406,0.09307494014501572,0.9697248935699463]],"file_name":"/home/jonas/Downloads/freiburg/rgbd_dataset_freiburg2_desk_with_person//rgb/1311870439.131876.png","mnId":22,"t":[-1.0029902458190918,-0.09539355337619781,0.2476854771375656]},{"R":[[0.8157702684402466,-0.2883159816265106,0.501390814781189],[0.388536661863327,0.9153384566307068,-0.10580558329820633],[-0.42843684554100037,0.28112176060676575,0.858727216720581]],"file_name":"/home/jonas/Downloads/freiburg/rgbd_dataset_freiburg2_desk_with_person//rgb/1311870441.334609.png","mnId":29,"t":[-1.2154797315597534,-0.44144904613494873,0.4039372205734253]},{"R":[[0.809753954410553,-0.28248530626296997,0.5142962336540222],[0.40883639454841614,0.9003309607505798,-0.1491876244544983],[-0.42089349031448364,0.3310682773590088,0.8445368409156799]],"file_name":"/home/jonas/Downloads/freiburg/rgbd_dataset_freiburg2_desk_with_person//rgb/1311870441.632942.png","mnId":30,"t":[-1.2596036195755005,-0.4956967234611511,0.39849767088890076]},{"R":[[0.8312087655067444,-0.25093764066696167,0.49610716104507446],[0.360670268535614,0.9224741458892822,-0.13768957555294037],[-0.4230945110321045,0.29337987303733826,0.8572743535041809]],"file_name":"/home/jonas/Downloads/freiburg/rgbd_dataset_freiburg2_desk_with_person//rgb/1311870442.368246.png","mnId":31,"t":[-1.3456799983978271,-0.39196813106536865,0.3798111081123352]},{"R":[[0.8255327939987183,-0.2448752522468567,0.5084601640701294],[0.351233571767807,0.9281378984451294,-0.12326792627573013],[-0.4417358636856079,0.280349999666214,0.8522167205810547]],"file_name":"/home/jonas/Downloads/freiburg/rgbd_dataset_freiburg2_desk_with_person//rgb/1311870442.500198.png","mnId":32,"t":[-1.3487333059310913,-0.358955979347229,0.3991814851760864]},{"R":[[0.7237259745597839,-0.2924216687679291,0.6250682473182678],[0.38178473711013794,0.9242005944252014,-0.00968091655522585],[-0.5748575329780579,0.2456478476524353,0.7805100679397583]],"file_name":"/home/jonas/Downloads/freiburg/rgbd_dataset_freiburg2_desk_with_person//rgb/1311870444.068450.png","mnId":35,"t":[-1.382954478263855,-0.3671819269657135,0.5626172423362732]},{"R":[[0.6582463383674622,-0.30635079741477966,0.6876488924026489],[0.41762569546699524,0.9086052775382996,0.005019129253923893],[-0.6263390183448792,0.2838760018348694,0.7260260581970215]],"file_name":"/home/jonas/Downloads/freiburg/rgbd_dataset_freiburg2_desk_with_person//rgb/1311870444.436312.png","mnId":36,"t":[-1.3912848234176636,-0.46049296855926514,0.6988933682441711]},{"R":[[0.6378093361854553,-0.3019152879714966,0.708552360534668],[0.47471511363983154,0.8785440921783447,-0.05296974256634712],[-0.606502115726471,0.37014511227607727,0.703667402267456]],"file_name":"/home/jonas/Downloads/freiburg/rgbd_dataset_freiburg2_desk_with_person//rgb/1311870444.936351.png","mnId":38,"t":[-1.4429279565811157,-0.6006882786750793,0.6919534802436829]},{"R":[[0.640940248966217,-0.2985009551048279,0.7071723937988281],[0.48380571603775024,0.872349739074707,-0.07027044147253036],[-0.5959258675575256,0.38717320561408997,0.7035405039787292]],"file_name":"/home/jonas/Downloads/freiburg/rgbd_dataset_freiburg2_desk_with_person//rgb/1311870445.136199.png","mnId":39,"t":[-1.4806360006332397,-0.623798131942749,0.6762867569923401]},{"R":[[0.5988837480545044,-0.3010433316230774,0.7420991659164429],[0.5125253200531006,0.8561069369316101,-0.06632240861654282],[-0.6153503656387329,0.4200640320777893,0.6670008897781372]],"file_name":"/home/jonas/Downloads/freiburg/rgbd_dataset_freiburg2_desk_with_person//rgb/1311870445.436350.png","mnId":40,"t":[-1.482552170753479,-0.6840727925300598,0.7194059491157532]},{"R":[[0.49236005544662476,-0.3092086613178253,0.8136163353919983],[0.5572744011878967,0.8300426006317139,-0.02178335189819336],[-0.6686006188392639,0.46413281559944153,0.5809938907623291]],"file_name":"/home/jonas/Downloads/freiburg/rgbd_dataset_freiburg2_desk_with_person//rgb/1311870446.500355.png","mnId":42,"t":[-1.5076104402542114,-0.7820669412612915,0.8408687114715576]},{"R":[[0.269995778799057,-0.43203431367874146,0.8604932427406311],[0.6948607563972473,0.7060750722885132,0.13647893071174622],[-0.6665364503860474,0.5610742568969727,0.49084100127220154]],"file_name":"/home/jonas/Downloads/freiburg/rgbd_dataset_freiburg2_desk_with_person//rgb/1311870448.236492.png","mnId":45,"t":[-1.3714683055877686,-1.0744612216949463,0.8885520696640015]},{"R":[[0.273423433303833,-0.42288947105407715,0.8639468550682068],[0.7044258117675781,0.6996411085128784,0.11952625215053558],[-0.6549991369247437,0.5759052038192749,0.48919254541397095]],"file_name":"/home/jonas/Downloads/freiburg/rgbd_dataset_freiburg2_desk_with_person//rgb/1311870448.636419.png","mnId":46,"t":[-1.3674880266189575,-1.010714054107666,0.8188062906265259]},{"R":[[0.2543366849422455,-0.406981498003006,0.8773134350776672],[0.7133070230484009,0.6915177702903748,0.11400121450424194],[-0.6530742645263672,0.5967991352081299,0.46618109941482544]],"file_name":"/home/jonas/Downloads/freiburg/rgbd_dataset_freiburg2_desk_with_person//rgb/1311870449.036575.png","mnId":47,"t":[-1.340639591217041,-0.9755194783210754,0.8043228983879089]},{"R":[[0.19099625945091248,-0.4003266990184784,0.896247148513794],[0.7072120904922485,0.6893076300621033,0.15718141198158264],[-0.680713951587677,0.6038157939910889,0.41477108001708984]],"file_name":"/home/jonas/Downloads/freiburg/rgbd_dataset_freiburg2_desk_with_person//rgb/1311870449.236497.png","mnId":48,"t":[-1.263690710067749,-0.981087863445282,0.8805437684059143]},{"R":[[0.10686524212360382,-0.411120742559433,0.9052953124046326],[0.6965045928955078,0.6807268261909485,0.22691909968852997],[-0.7095499634742737,0.6062926054000854,0.3590935468673706]],"file_name":"/home/jonas/Downloads/freiburg/rgbd_dataset_freiburg2_desk_with_person//rgb/1311870449.436669.png","mnId":49,"t":[-1.1653413772583008,-1.0148532390594482,0.9666493535041809]},{"R":[[-0.023670347407460213,-0.4127908945083618,0.9105181694030762],[0.681715726852417,0.6595104932785034,0.3167167603969574],[-0.7312341332435608,0.6282113790512085,0.26579520106315613]],"file_name":"/home/jonas/Downloads/freiburg/rgbd_dataset_freiburg2_desk_with_person//rgb/1311870449.668836.png","mnId":50,"t":[-1.018362283706665,-1.076610803604126,1.0906425714492798]},{"R":[[-0.12791402637958527,-0.4047529101371765,0.90543532371521],[0.6709267497062683,0.6370235681533813,0.37955012917518616],[-0.7304075956344604,0.656030535697937,0.19007529318332672]],"file_name":"/home/jonas/Downloads/freiburg/rgbd_dataset_freiburg2_desk_with_person//rgb/1311870449.901187.png","mnId":51,"t":[-0.9030834436416626,-1.1369829177856445,1.167313575744629]},{"R":[[-0.16843664646148682,-0.3925144374370575,0.9041910767555237],[0.6781998872756958,0.6195183396339417,0.39527443051338196],[-0.7153139114379883,0.6798009872436523,0.16185365617275238]],"file_name":"/home/jonas/Downloads/freiburg/rgbd_dataset_freiburg2_desk_with_person//rgb/1311870450.236763.png","mnId":52,"t":[-0.8754020929336548,-1.2026792764663696,1.1765261888504028]},{"R":[[-0.19616614282131195,-0.37393608689308167,0.9064715504646301],[0.6829453706741333,0.611251711845398,0.3999461829662323],[-0.7036365866661072,0.6975264549255371,0.13547103106975555]],"file_name":"/home/jonas/Downloads/freiburg/rgbd_dataset_freiburg2_desk_with_person//rgb/1311870450.538645.png","mnId":53,"t":[-0.8306752443313599,-1.2607481479644775,1.2154831886291504]},{"R":[[-0.22648204863071442,-0.34244266152381897,0.9118326902389526],[0.6847458481788635,0.6097957491874695,0.39908933639526367],[-0.6926969289779663,0.7147602438926697,0.0963783860206604]],"file_name":"/home/jonas/Downloads/freiburg/rgbd_dataset_freiburg2_desk_with_person//rgb/1311870450.737892.png","mnId":54,"t":[-0.7700244188308716,-1.2965415716171265,1.2743268013000488]},{"R":[[-0.2549857497215271,-0.34090903401374817,0.9048554301261902],[0.677531898021698,0.604658305644989,0.4187348186969757],[-0.6898788213729858,0.7198398113250732,0.0767974779009819]],"file_name":"/home/jonas/Downloads/freiburg/rgbd_dataset_freiburg2_desk_with_person//rgb/1311870451.139173.png","mnId":56,"t":[-0.7160131335258484,-1.392573356628418,1.3650919198989868]},{"R":[[-0.29678991436958313,-0.3339266777038574,0.8946556448936462],[0.6688453555107117,0.5959975719451904,0.44433411955833435],[-0.6815875768661499,0.7302601337432861,0.04645923897624016]],"file_name":"/home/jonas/Downloads/freiburg/rgbd_dataset_freiburg2_desk_with_person//rgb/1311870451.569243.png","mnId":57,"t":[-0.6567927002906799,-1.4812391996383667,1.454602837562561]},{"R":[[-0.3698486089706421,-0.3336679935455322,0.8671088218688965],[0.6525764465332031,0.5710206627845764,0.4980756938457489],[-0.6613289713859558,0.7500673532485962,0.006552679464221001]],"file_name":"/home/jonas/Downloads/freiburg/rgbd_dataset_freiburg2_desk_with_person//rgb/1311870451.973008.png","mnId":58,"t":[-0.5724910497665405,-1.5863652229309082,1.5342087745666504]},{"R":[[-0.4729478061199188,-0.3222109079360962,0.8200612664222717],[0.6269640922546387,0.5308703780174255,0.5701690316200256],[-0.6190609335899353,0.7838091254234314,-0.04905930906534195]],"file_name":"/home/jonas/Downloads/freiburg/rgbd_dataset_freiburg2_desk_with_person//rgb/1311870452.400892.png","mnId":59,"t":[-0.3966725468635559,-1.7127087116241455,1.6008504629135132]},{"R":[[-0.5582776069641113,-0.29557088017463684,0.775218665599823],[0.5859823226928711,0.5209915637969971,0.6206387877464294],[-0.5873251557350159,0.8007531762123108,-0.11765863746404648]],"file_name":"/home/jonas/Downloads/freiburg/rgbd_dataset_freiburg2_desk_with_person//rgb/1311870453.000758.png","mnId":60,"t":[-0.21665261685848236,-1.7603380680084229,1.69307279586792]},{"R":[[-0.6487541198730469,-0.2538716793060303,0.7174031138420105],[0.5418192148208618,0.5078758001327515,0.6696969866752625],[-0.5343688130378723,0.8231714963912964,-0.19193394482135773]],"file_name":"/home/jonas/Downloads/freiburg/rgbd_dataset_freiburg2_desk_with_person//rgb/1311870453.936942.png","mnId":61,"t":[-0.08138083666563034,-1.7537339925765991,1.7299878597259521]},{"R":[[-0.7575737833976746,-0.18312810361385345,0.6265349984169006],[0.4887396991252899,0.47710853815078735,0.7304114699363708],[-0.432684063911438,0.8595530986785889,-0.2719429135322571]],"file_name":"/home/jonas/Downloads/freiburg/rgbd_dataset_freiburg2_desk_with_person//rgb/1311870454.669109.png","mnId":62,"t":[0.2349247932434082,-1.8101173639297485,1.7096415758132935]},{"R":[[-0.8248173594474792,-0.1641748994588852,0.5410388112068176],[0.4150896668434143,0.47389841079711914,0.7766085863113403],[-0.3838970363140106,0.8651398420333862,-0.3227322995662689]],"file_name":"/home/jonas/Downloads/freiburg/rgbd_dataset_freiburg2_desk_with_person//rgb/1311870456.837267.png","mnId":63,"t":[0.39222049713134766,-1.8194910287857056,1.785342812538147]},{"R":[[-0.781959056854248,-0.22213740646839142,0.5824045538902283],[0.41767990589141846,0.506824791431427,0.7541035413742065],[-0.46269166469573975,0.832936704158783,-0.3035339117050171]],"file_name":"/home/jonas/Downloads/freiburg/rgbd_dataset_freiburg2_desk_with_person//rgb/1311870460.405219.png","mnId":65,"t":[0.06927894800901413,-1.785494089126587,1.9605939388275146]},{"R":[[-0.7416409254074097,-0.25678551197052,0.6197015047073364],[0.4763655364513397,0.44880858063697815,0.7560732364654541],[-0.4722760021686554,0.8559392690658569,-0.21053104102611542]],"file_name":"/home/jonas/Downloads/freiburg/rgbd_dataset_freiburg2_desk_with_person//rgb/1311870460.737177.png","mnId":66,"t":[-0.13250035047531128,-1.997032642364502,1.8620086908340454]},{"R":[[-0.7252008318901062,-0.23991185426712036,0.6453883051872253],[0.5273099541664124,0.4092152416706085,0.7446388602256775],[-0.4427504241466522,0.8803324103355408,-0.17025533318519592]],"file_name":"/home/jonas/Downloads/freiburg/rgbd_dataset_freiburg2_desk_with_person//rgb/1311870460.937427.png","mnId":67,"t":[-0.2081366926431656,-2.114423990249634,1.7506256103515625]},{"R":[[-0.5326427221298218,-0.3451240360736847,0.7727749347686768],[0.5389293432235718,0.5657179951667786,0.6241140365600586],[-0.6525694131851196,0.7489008903503418,-0.1153281107544899]],"file_name":"/home/jonas/Downloads/freiburg/rgbd_dataset_freiburg2_desk_with_person//rgb/1311870461.937506.png","mnId":68,"t":[-0.829613983631134,-1.8298509120941162,2.0796942710876465]},{"R":[[-0.6009175181388855,-0.32728999853134155,0.7292320728302002],[0.40225788950920105,0.6645464301109314,0.6297353506088257],[-0.6907146573066711,0.6717583537101746,-0.26768261194229126]],"file_name":"/home/jonas/Downloads/freiburg/rgbd_dataset_freiburg2_desk_with_person//rgb/1311870462.573482.png","mnId":69,"t":[-0.6606782078742981,-1.4515656232833862,2.461369037628174]},{"R":[[-0.7175228595733643,-0.27633601427078247,0.6393741965293884],[0.32797303795814514,0.6757709383964539,0.6601267457008362],[-0.6144872903823853,0.6833535432815552,-0.3942503333091736]],"file_name":"/home/jonas/Downloads/freiburg/rgbd_dataset_freiburg2_desk_with_person//rgb/1311870462.973378.png","mnId":70,"t":[-0.22637630999088287,-1.355474829673767,2.6132349967956543]},{"R":[[-0.8107959628105164,-0.22530964016914368,0.5402272939682007],[0.27589359879493713,0.6668832898139954,0.6922062039375305],[-0.5162292718887329,0.7102832198143005,-0.47854477167129517]],"file_name":"/home/jonas/Downloads/freiburg/rgbd_dataset_freiburg2_desk_with_person//rgb/1311870463.305619.png","mnId":71,"t":[0.240851491689682,-1.3335987329483032,2.629420280456543]},{"R":[[-0.848133385181427,-0.2201838344335556,0.48185980319976807],[0.24009296298027039,0.6510307788848877,0.7200793623924255],[-0.4722554087638855,0.7264145016670227,-0.4992963373661041]],"file_name":"/home/jonas/Downloads/freiburg/rgbd_dataset_freiburg2_desk_with_person//rgb/1311870463.573593.png","mnId":72,"t":[0.49912402033805847,-1.3360662460327148,2.5935187339782715]},{"R":[[-0.8688330054283142,-0.19646288454532623,0.45445746183395386],[0.23965051770210266,0.6363270282745361,0.7332499623298645],[-0.43323996663093567,0.7459827661514282,-0.505779504776001]],"file_name":"/home/jonas/Downloads/freiburg/rgbd_dataset_freiburg2_desk_with_person//rgb/1311870463.873465.png","mnId":73,"t":[0.6821240186691284,-1.384681224822998,2.530209541320801]},{"R":[[-0.8410481810569763,-0.21393106877803802,0.49686160683631897],[0.27705270051956177,0.6185358166694641,0.7352926135063171],[-0.4646286368370056,0.7560733556747437,-0.46094825863838196]],"file_name":"/home/jonas/Downloads/freiburg/rgbd_dataset_freiburg2_desk_with_person//rgb/1311870464.237403.png","mnId":74,"t":[0.5622142553329468,-1.496962547302246,2.5067882537841797]},{"R":[[-0.8383352160453796,-0.21756206452846527,0.49986082315444946],[0.28748875856399536,0.6026200652122498,0.7444456219673157],[-0.4631892740726471,0.7677993774414063,-0.4426509439945221]],"file_name":"/home/jonas/Downloads/freiburg/rgbd_dataset_freiburg2_desk_with_person//rgb/1311870464.473642.png","mnId":75,"t":[0.569620668888092,-1.565281867980957,2.477414131164551]},{"R":[[-0.8141753077507019,-0.22719746828079224,0.5343219041824341],[0.3388395607471466,0.5613792538642883,0.7550106644630432],[-0.4714937210083008,0.795760452747345,-0.38007763028144836]],"file_name":"/home/jonas/Downloads/freiburg/rgbd_dataset_freiburg2_desk_with_person//rgb/1311870465.005480.png","mnId":76,"t":[0.4542999267578125,-1.7614002227783203,2.3772237300872803]},{"R":[[-0.8083270192146301,-0.20728646218776703,0.5510351061820984],[0.3911100924015045,0.5105146169662476,0.7657726407051086],[-0.4400457739830017,0.8345101475715637,-0.3315909206867218]],"file_name":"/home/jonas/Downloads/freiburg/rgbd_dataset_freiburg2_desk_with_person//rgb/1311870465.473801.png","mnId":77,"t":[0.4054853916168213,-1.9697773456573486,2.235686779022217]},{"R":[[-0.7443063855171204,-0.21904081106185913,0.6308954954147339],[0.36149173974990845,0.6621862649917603,0.6563787460327148],[-0.5615440607070923,0.7166104316711426,-0.4136880040168762]],"file_name":"/home/jonas/Downloads/freiburg/rgbd_dataset_freiburg2_desk_with_person//rgb/1311870468.173648.png","mnId":78,"t":[0.08361842483282089,-1.475328803062439,2.5817184448242188]},{"R":[[-0.7299731373786926,-0.2412789911031723,0.6394713521003723],[0.33863672614097595,0.6850265860557556,0.6450300216674805],[-0.593687117099762,0.6874030828475952,-0.4183450937271118]],"file_name":"/home/jonas/Downloads/freiburg/rgbd_dataset_freiburg2_desk_with_person//rgb/1311870472.642166.png","mnId":79,"t":[0.0641869306564331,-1.3811026811599731,2.6252799034118652]},{"R":[[-0.7103269100189209,-0.24230515956878662,0.6608508825302124],[0.3406868278980255,0.7032182812690735,0.6240324974060059],[-0.6159287095069885,0.6684102416038513,-0.41696467995643616]],"file_name":"/home/jonas/Downloads/freiburg/rgbd_dataset_freiburg2_desk_with_person//rgb/1311870473.842130.png","mnId":80,"t":[0.02175011858344078,-1.2962013483047485,2.553436517715454]},{"R":[[-0.703235924243927,-0.26945245265960693,0.6579168438911438],[0.3227924406528473,0.703508198261261,0.6331518292427063],[-0.6334542036056519,0.6576257348060608,-0.4077550172805786]],"file_name":"/home/jonas/Downloads/freiburg/rgbd_dataset_freiburg2_desk_with_person//rgb/1311870474.274712.png","mnId":81,"t":[-0.03251725435256958,-1.2459945678710938,2.5104122161865234]},{"R":[[-0.6075194478034973,-0.29963740706443787,0.7356204986572266],[0.36199304461479187,0.719908595085144,0.592193067073822],[-0.7070227265357971,0.6260583400726318,-0.3288918435573578]],"file_name":"/home/jonas/Downloads/freiburg/rgbd_dataset_freiburg2_desk_with_person//rgb/1311870475.074124.png","mnId":82,"t":[-0.2949894666671753,-1.234887719154358,2.4831292629241943]},{"R":[[-0.5493152141571045,-0.3277721107006073,0.7686470150947571],[0.3797546625137329,0.7214555144309998,0.5790408849716187],[-0.7443380951881409,0.6099732518196106,-0.27183350920677185]],"file_name":"/home/jonas/Downloads/freiburg/rgbd_dataset_freiburg2_desk_with_person//rgb/1311870475.642242.png","mnId":83,"t":[-0.40052330493927,-1.2653238773345947,2.4773623943328857]},{"R":[[-0.5183084607124329,-0.3539237678050995,0.7785205841064453],[0.4104260206222534,0.6957105398178101,0.5895230174064636],[-0.7502711415290833,0.625079870223999,-0.21533313393592834]],"file_name":"/home/jonas/Downloads/freiburg/rgbd_dataset_freiburg2_desk_with_person//rgb/1311870477.042467.png","mnId":84,"t":[-0.5582866668701172,-1.439993977546692,2.5004146099090576]},{"R":[[-0.45781436562538147,-0.36641961336135864,0.8100263476371765],[0.3686613142490387,0.7508476376533508,0.5480115413665771],[-0.8090085387229919,0.5495129227638245,-0.20866411924362183]],"file_name":"/home/jonas/Downloads/freiburg/rgbd_dataset_freiburg2_desk_with_person//rgb/1311870478.542834.png","mnId":86,"t":[-0.48643940687179565,-1.168768048286438,2.502525806427002]},{"R":[[-0.4715525209903717,-0.3685415983200073,0.8011337518692017],[0.30240678787231445,0.785811185836792,0.5394914150238037],[-0.8283648490905762,0.4966667890548706,-0.2591017484664917]],"file_name":"/home/jonas/Downloads/freiburg/rgbd_dataset_freiburg2_desk_with_person//rgb/1311870479.006717.png","mnId":87,"t":[-0.44392937421798706,-0.9199396371841431,2.5103042125701904]},{"R":[[-0.4627031683921814,-0.3767482042312622,0.8024752736091614],[0.2941534221172333,0.7886744141578674,0.5398762822151184],[-0.8362891674041748,0.48585331439971924,-0.25410038232803345]],"file_name":"/home/jonas/Downloads/freiburg/rgbd_dataset_freiburg2_desk_with_person//rgb/1311870479.306571.png","mnId":88,"t":[-0.4664556086063385,-0.8871933817863464,2.4808101654052734]},{"R":[[-0.42175614833831787,-0.3907245993614197,0.8182029128074646],[0.3096984326839447,0.7860390543937683,0.535004198551178],[-0.8521787524223328,0.47903749346733093,-0.2105100005865097]],"file_name":"/home/jonas/Downloads/freiburg/rgbd_dataset_freiburg2_desk_with_person//rgb/1311870479.642434.png","mnId":89,"t":[-0.5563573837280273,-0.9153459072113037,2.4290332794189453]},{"R":[[-0.29393211007118225,-0.3772059679031372,0.8782480359077454],[0.39717838168144226,0.7875523567199707,0.4711800217628479],[-0.8693982362747192,0.4873160719871521,-0.08166887611150742]],"file_name":"/home/jonas/Downloads/freiburg/rgbd_dataset_freiburg2_desk_with_person//rgb/1311870480.610475.png","mnId":91,"t":[-0.7454214096069336,-1.0691367387771606,2.344609022140503]},{"R":[[-0.258217453956604,-0.38768255710601807,0.8848875761032104],[0.4378926455974579,0.7694888114929199,0.464905321598053],[-0.8611467480659485,0.5075324177742004,-0.028932105749845505]],"file_name":"/home/jonas/Downloads/freiburg/rgbd_dataset_freiburg2_desk_with_person//rgb/1311870482.310930.png","mnId":92,"t":[-0.8130502700805664,-1.2329539060592651,2.3739407062530518]},{"R":[[-0.23485639691352844,-0.38950806856155396,0.890576183795929],[0.4532579481601715,0.7666129469871521,0.4548206627368927],[-0.8598835468292236,0.5104782581329346,-0.0034963120706379414]],"file_name":"/home/jonas/Downloads/freiburg/rgbd_dataset_freiburg2_desk_with_person//rgb/1311870482.742773.png","mnId":93,"t":[-0.7814282774925232,-1.2816736698150635,2.358452796936035]},{"R":[[-0.24816855788230896,-0.38231927156448364,0.8900811076164246],[0.4572501480579376,0.7637956142425537,0.4555639922618866],[-0.8540109395980835,0.5200463533401489,-0.014734518714249134]],"file_name":"/home/jonas/Downloads/freiburg/rgbd_dataset_freiburg2_desk_with_person//rgb/1311870483.511030.png","mnId":94,"t":[-0.6921830773353577,-1.2754461765289307,2.323289394378662]},{"R":[[-0.28485843539237976,-0.38263487815856934,0.8788892030715942],[0.40646180510520935,0.7821515798568726,0.4722580909729004],[-0.8681269884109497,0.49176159501075745,-0.0672760084271431]],"file_name":"/home/jonas/Downloads/freiburg/rgbd_dataset_freiburg2_desk_with_person//rgb/1311870484.042973.png","mnId":95,"t":[-0.5926980376243591,-1.1035068035125732,2.336597442626953]},{"R":[[-0.18000435829162598,-0.3939397633075714,0.9013378620147705],[0.436238557100296,0.7892986536026001,0.4320921003818512],[-0.8816429972648621,0.4709767699241638,0.02977452054619789]],"file_name":"/home/jonas/Downloads/freiburg/rgbd_dataset_freiburg2_desk_with_person//rgb/1311870484.875769.png","mnId":97,"t":[-0.7366373538970947,-1.1227312088012695,2.2260777950286865]},{"R":[[-0.1302226036787033,-0.4044545292854309,0.9052395224571228],[0.4544869661331177,0.7870917916297913,0.4170468747615814],[-0.8811830878257751,0.4657285213470459,0.08132217079401016]],"file_name":"/home/jonas/Downloads/freiburg/rgbd_dataset_freiburg2_desk_with_person//rgb/1311870485.445002.png","mnId":99,"t":[-0.7482932806015015,-1.1729929447174072,2.1832544803619385]},{"R":[[-0.1400154083967209,-0.3994986116886139,0.9059782028198242],[0.45372721552848816,0.7873827815055847,0.4173247516155243],[-0.8800723552703857,0.469498872756958,0.07101766020059586]],"file_name":"/home/jonas/Downloads/freiburg/rgbd_dataset_freiburg2_desk_with_person//rgb/1311870485.814596.png","mnId":100,"t":[-0.6948897838592529,-1.148310899734497,2.155043601989746]},{"R":[[-0.1363402158021927,-0.4020295739173889,0.9054189920425415],[0.41835618019104004,0.8050932884216309,0.420479416847229],[-0.8979918956756592,0.43611589074134827,0.05842496454715729]],"file_name":"/home/jonas/Downloads/freiburg/rgbd_dataset_freiburg2_desk_with_person//rgb/1311870486.446126.png","mnId":101,"t":[-0.6851756572723389,-0.9969877004623413,2.1191070079803467]},{"R":[[-0.06715477257966995,-0.40607112646102905,0.9113706350326538],[0.3955504596233368,0.8277490735054016,0.3979589343070984],[-0.9159858226776123,0.3872179090976715,0.10503432154655457]],"file_name":"/home/jonas/Downloads/freiburg/rgbd_dataset_freiburg2_desk_with_person//rgb/1311870486.775603.png","mnId":102,"t":[-0.7969573736190796,-0.8877635598182678,2.093250036239624]},{"R":[[0.008979449048638344,-0.3900725841522217,0.9207403063774109],[0.346345990896225,0.8649961352348328,0.363078773021698],[-0.9380638599395752,0.31563445925712585,0.14286726713180542]],"file_name":"/home/jonas/Downloads/freiburg/rgbd_dataset_freiburg2_desk_with_person//rgb/1311870487.074835.png","mnId":103,"t":[-0.8959345817565918,-0.7108600735664368,2.1118597984313965]},{"R":[[0.06860324740409851,-0.38015344738960266,0.9223757386207581],[0.3097285032272339,0.8869842886924744,0.34253042936325073],[-0.9483469128608704,0.2621873617172241,0.17859436571598053]],"file_name":"/home/jonas/Downloads/freiburg/rgbd_dataset_freiburg2_desk_with_person//rgb/1311870487.375022.png","mnId":104,"t":[-0.9779629111289978,-0.5969898700714111,2.1160786151885986]},{"R":[[0.07986769080162048,-0.40104907751083374,0.912568211555481],[0.3652741611003876,0.8635861277580261,0.347554087638855],[-0.9274674654006958,0.3055792450904846,0.2154654860496521]],"file_name":"/home/jonas/Downloads/freiburg/rgbd_dataset_freiburg2_desk_with_person//rgb/1311870488.114438.png","mnId":106,"t":[-0.9286856055259705,-0.7842156291007996,2.0568883419036865]},{"R":[[0.054625626653432846,-0.3953639268875122,0.916898787021637],[0.4113606810569763,0.8456334471702576,0.3401271104812622],[-0.9098342657089233,0.35859644412994385,0.20883043110370636]],"file_name":"/home/jonas/Downloads/freiburg/rgbd_dataset_freiburg2_desk_with_person//rgb/1311870488.443189.png","mnId":107,"t":[-0.8747022747993469,-0.896465539932251,1.9926565885543823]},{"R":[[0.12769213318824768,-0.4076329469680786,0.904173731803894],[0.4827280044555664,0.8219144940376282,0.3023742735385895],[-0.8664112091064453,0.3978591561317444,0.30172786116600037]],"file_name":"/home/jonas/Downloads/freiburg/rgbd_dataset_freiburg2_desk_with_person//rgb/1311870489.143430.png","mnId":108,"t":[-1.0053009986877441,-1.070611834526062,1.8265951871871948]},{"R":[[0.1650933027267456,-0.3953123092651367,0.903588593006134],[0.5145448446273804,0.8161226511001587,0.26303499937057495],[-0.8414201140403748,0.42151153087615967,0.3381422758102417]],"file_name":"/home/jonas/Downloads/freiburg/rgbd_dataset_freiburg2_desk_with_person//rgb/1311870489.611206.png","mnId":109,"t":[-1.0182263851165771,-1.1600100994110107,1.7904430627822876]},{"R":[[0.1871413290500641,-0.3892938494682312,0.9019026756286621],[0.5403623580932617,0.8075309991836548,0.23643651604652405],[-0.820357620716095,0.4431071877479553,0.361482173204422]],"file_name":"/home/jonas/Downloads/freiburg/rgbd_dataset_freiburg2_desk_with_person//rgb/1311870490.211190.png","mnId":110,"t":[-1.0100327730178833,-1.2519304752349854,1.758740782737732]},{"R":[[0.174180269241333,-0.38190409541130066,0.9076400399208069],[0.49738550186157227,0.8296266794204712,0.2536281943321228],[-0.8498640656471252,0.40726998448371887,0.3344581425189972]],"file_name":"/home/jonas/Downloads/freiburg/rgbd_dataset_freiburg2_desk_with_person//rgb/1311870491.143213.png","mnId":111,"t":[-0.9837082624435425,-1.1401337385177612,1.8948196172714233]},{"R":[[0.12042134255170822,-0.39129725098609924,0.9123514294624329],[0.47278809547424316,0.8307244181632996,0.2938849925994873],[-0.8729090094566345,0.39595887064933777,0.285037636756897]],"file_name":"/home/jonas/Downloads/freiburg/rgbd_dataset_freiburg2_desk_with_person//rgb/1311870492.443309.png","mnId":112,"t":[-1.117626428604126,-1.0852917432785034,1.9735691547393799]},{"R":[[0.08578354120254517,-0.39052969217300415,0.916584849357605],[0.4646105468273163,0.8295013308525085,0.30994290113449097],[-0.8813502192497253,0.3992669880390167,0.2526017725467682]],"file_name":"/home/jonas/Downloads/freiburg/rgbd_dataset_freiburg2_desk_with_person//rgb/1311870494.443357.png","mnId":113,"t":[-1.178826928138733,-1.0493595600128174,1.9496902227401733]},{"R":[[-0.0692392885684967,-0.42248663306236267,0.9037206172943115],[0.46654269099235535,0.7870121598243713,0.4036703407764435],[-0.8817844390869141,0.4495740830898285,0.1426158845424652]],"file_name":"/home/jonas/Downloads/freiburg/rgbd_dataset_freiburg2_desk_with_person//rgb/1311870496.943683.png","mnId":114,"t":[-0.8515165448188782,-1.210079312324524,2.1875782012939453]},{"R":[[-0.16768810153007507,-0.4410499334335327,0.8816777467727661],[0.45471900701522827,0.7589190006256104,0.46612510085105896],[-0.8747064471244812,0.4790792763233185,0.07329211384057999]],"file_name":"/home/jonas/Downloads/freiburg/rgbd_dataset_freiburg2_desk_with_person//rgb/1311870498.343830.png","mnId":115,"t":[-0.7721806168556213,-1.2836815118789673,2.2656168937683105]},{"R":[[0.029757918789982796,-0.4397115111351013,0.8976459503173828],[0.4427299499511719,0.810946524143219,0.38256487250328064],[-0.8961610794067383,0.3860304355621338,0.21880553662776947]],"file_name":"/home/jonas/Downloads/freiburg/rgbd_dataset_freiburg2_desk_with_person//rgb/1311870499.879787.png","mnId":116,"t":[-0.919569194316864,-1.0826165676116943,2.0509307384490967]},{"R":[[0.06021035090088844,-0.43833693861961365,0.8967917561531067],[0.42484089732170105,0.8242399096488953,0.3743511140346527],[-0.903263509273529,0.35845398902893066,0.2358512431383133]],"file_name":"/home/jonas/Downloads/freiburg/rgbd_dataset_freiburg2_desk_with_person//rgb/1311870500.411721.png","mnId":117,"t":[-0.8902109265327454,-0.9814996123313904,1.966684341430664]},{"R":[[0.2493191808462143,-0.40265971422195435,0.8807412385940552],[0.4065362811088562,0.868962287902832,0.28219279646873474],[-0.8789585828781128,0.2876971960067749,0.3803447484970093]],"file_name":"/home/jonas/Downloads/freiburg/rgbd_dataset_freiburg2_desk_with_person//rgb/1311870501.348003.png","mnId":119,"t":[-1.02512788772583,-0.8668314218521118,1.8659615516662598]},{"R":[[0.25422510504722595,-0.41050538420677185,0.8757025003433228],[0.42326056957244873,0.8613608479499817,0.28090569376945496],[-0.8696091771125793,0.29923707246780396,0.39273029565811157]],"file_name":"/home/jonas/Downloads/freiburg/rgbd_dataset_freiburg2_desk_with_person//rgb/1311870501.747900.png","mnId":120,"t":[-0.9350655674934387,-0.9232776165008545,1.863339900970459]},{"R":[[0.28084057569503784,-0.40973272919654846,0.8678984045982361],[0.41948243975639343,0.865746796131134,0.27297791838645935],[-0.8632282614707947,0.287404865026474,0.41501250863075256]],"file_name":"/home/jonas/Downloads/freiburg/rgbd_dataset_freiburg2_desk_with_person//rgb/1311870502.148086.png","mnId":121,"t":[-0.9233309030532837,-0.8994824290275574,1.8049073219299316]},{"R":[[0.3199975788593292,-0.3911855220794678,0.8628878593444824],[0.4053749442100525,0.8797296285629272,0.2484893947839737],[-0.8563134670257568,0.27027708292007446,0.440088152885437]],"file_name":"/home/jonas/Downloads/freiburg/rgbd_dataset_freiburg2_desk_with_person//rgb/1311870502.547785.png","mnId":122,"t":[-0.9273072481155396,-0.8426129221916199,1.7292472124099731]},{"R":[[0.35903096199035645,-0.4260218143463135,0.8304228782653809],[0.42362087965011597,0.8672013878822327,0.2617385685443878],[-0.8316502571105957,0.2578122317790985,0.49182388186454773]],"file_name":"/home/jonas/Downloads/freiburg/rgbd_dataset_freiburg2_desk_with_person//rgb/1311870503.047853.png","mnId":123,"t":[-0.9032434225082397,-0.8580762147903442,1.644502878189087]},{"R":[[0.4523680806159973,-0.41462722420692444,0.7895868420600891],[0.412883996963501,0.882125973701477,0.22667287290096283],[-0.7904998064041138,0.22346819937229156,0.5702385902404785]],"file_name":"/home/jonas/Downloads/freiburg/rgbd_dataset_freiburg2_desk_with_person//rgb/1311870503.412119.png","mnId":124,"t":[-0.9847395420074463,-0.8268719911575317,1.5818650722503662]},{"R":[[0.4957052171230316,-0.38651594519615173,0.7777414321899414],[0.40630096197128296,0.8946770429611206,0.18566767871379852],[-0.7675909399986267,0.22396066784858704,0.600537896156311]],"file_name":"/home/jonas/Downloads/freiburg/rgbd_dataset_freiburg2_desk_with_person//rgb/1311870503.780083.png","mnId":125,"t":[-0.9676294922828674,-0.8215142488479614,1.580292820930481]},{"R":[[0.5464479923248291,-0.3558129668235779,0.7581501603126526],[0.3795071542263031,0.9121856689453125,0.15456905961036682],[-0.74657142162323,0.20325946807861328,0.6334956288337708]],"file_name":"/home/jonas/Downloads/freiburg/rgbd_dataset_freiburg2_desk_with_person//rgb/1311870504.580075.png","mnId":126,"t":[-1.0010464191436768,-0.7491291761398315,1.5037696361541748]},{"R":[[0.5869274735450745,-0.3418493866920471,0.733931303024292],[0.34825199842453003,0.9249427914619446,0.15232005715370178],[-0.7309150099754333,0.1661922186613083,0.6619240641593933]],"file_name":"/home/jonas/Downloads/freiburg/rgbd_dataset_freiburg2_desk_with_person//rgb/1311870504.912228.png","mnId":127,"t":[-1.097206473350525,-0.6487236618995667,1.4290839433670044]},{"R":[[0.6329836249351501,-0.31399938464164734,0.7076271176338196],[0.3386639356613159,0.9342625737190247,0.11162535101175308],[-0.6961597800254822,0.16899076104164124,0.6977131962776184]],"file_name":"/home/jonas/Downloads/freiburg/rgbd_dataset_freiburg2_desk_with_person//rgb/1311870505.248098.png","mnId":128,"t":[-1.172898292541504,-0.5978940725326538,1.3382654190063477]},{"R":[[0.6586630940437317,-0.30163171887397766,0.6893339157104492],[0.3597709536552429,0.9308733344078064,0.06355856359004974],[-0.6608538627624512,0.20613865554332733,0.721650242805481]],"file_name":"/home/jonas/Downloads/freiburg/rgbd_dataset_freiburg2_desk_with_person//rgb/1311870505.480019.png","mnId":129,"t":[-1.1917210817337036,-0.6243086457252502,1.2794255018234253]},{"R":[[0.6824747323989868,-0.2749180793762207,0.6772357821464539],[0.3436308205127716,0.9384645223617554,0.034672558307647705],[-0.6450938582420349,0.20905594527721405,0.7349486351013184]],"file_name":"/home/jonas/Downloads/freiburg/rgbd_dataset_freiburg2_desk_with_person//rgb/1311870505.880081.png","mnId":130,"t":[-1.1577998399734497,-0.555713415145874,1.2987474203109741]},{"R":[[0.7312588095664978,-0.26956847310066223,0.6265727281570435],[0.3037991523742676,0.9511668086051941,0.054660458117723465],[-0.6107099056243896,0.15038132667541504,0.7774438261985779]],"file_name":"/home/jonas/Downloads/freiburg/rgbd_dataset_freiburg2_desk_with_person//rgb/1311870506.548161.png","mnId":131,"t":[-1.1198716163635254,-0.4209674894809723,1.2438921928405762]},{"R":[[0.74217689037323,-0.2586635649204254,0.6182771325111389],[0.28213173151016235,0.957379162311554,0.06186133995652199],[-0.6079269051551819,0.1285235434770584,0.7835218906402588]],"file_name":"/home/jonas/Downloads/freiburg/rgbd_dataset_freiburg2_desk_with_person//rgb/1311870506.848233.png","mnId":132,"t":[-1.0824379920959473,-0.351674348115921,1.1968348026275635]},{"R":[[0.7514796257019043,-0.24279865622520447,0.6134551167488098],[0.2537950575351715,0.964655876159668,0.07090223580598831],[-0.6089880466461182,0.10241028666496277,0.7865403294563293]],"file_name":"/home/jonas/Downloads/freiburg/rgbd_dataset_freiburg2_desk_with_person//rgb/1311870507.112226.png","mnId":133,"t":[-1.037922978401184,-0.25998809933662415,1.1577099561691284]},{"R":[[0.7710142731666565,-0.2591739892959595,0.5816922187805176],[0.26919445395469666,0.9604559540748596,0.07112429291009903],[-0.5771233439445496,0.10175047069787979,0.8102934956550598]],"file_name":"/home/jonas/Downloads/freiburg/rgbd_dataset_freiburg2_desk_with_person//rgb/1311870507.512338.png","mnId":134,"t":[-0.9904153347015381,-0.2407928854227066,1.0620594024658203]},{"R":[[0.8033859729766846,-0.23469682037830353,0.5472553372383118],[0.2506183385848999,0.966955304145813,0.046775370836257935],[-0.5401495099067688,0.09957355260848999,0.8356575965881348]],"file_name":"/home/jonas/Downloads/freiburg/rgbd_dataset_freiburg2_desk_with_person//rgb/1311870507.812477.png","mnId":135,"t":[-0.9642125964164734,-0.20122691988945007,1.0